0 -5.5589
1 -5.54141
2 -5.54858
3 -5.53988
4 -5.54575
5 -5.5455
6 -5.54345
7 -5.55244
8 -5.53861
9 -5.53886
10 -5.53759
11 -5.53988
12 -5.54883
13 -5.5432
14 -5.55012
15 -5.5455
16 -5.53937
17 -5.53937
18 -5.54192
19 -5.53455
20 -5.54217
21 -5.5496
22 -5.53962
23 -5.50264
24 -5.54345
25 -5.54422
26 -5.55012
27 -5.54575
28 -5.54704
29 -5.54832
30 -5.54499
31 -5.53912
32 -5.53784
33 -5.54909
34 -5.55244
35 -5.54832
36 -5.54601
37 -5.54473
38 -5.55037
39 -5.54243
40 -5.54141
41 -5.54294
42 -5.54294
43 -5.55579
44 -5.54447
45 -5.55192
46 -5.54729
47 -5.55321
48 -5.54652
49 -5.54678
50 -5.5478
51 -5.55735
52 -5.55269
53 -5.54935
54 -5.55244
55 -5.5514
56 -5.54575
57 -5.54064
58 -5.54115
59 -5.53861
60 -5.54704
61 -5.54371
62 -5.54729
63 -5.52346
64 -5.53607
65 -5.53632
66 -5.54499
67 -5.54166
68 -5.55631
69 -5.5478
70 -5.54447
71 -5.54627
72 -5.54755
73 -5.54243
74 -5.54166
75 -5.54678
76 -5.54268
77 -5.55398
78 -5.55037
79 -5.53962
80 -5.54473
81 -5.54704
82 -5.5432
83 -5.55373
84 -5.55012
85 -5.54806
86 -5.54729
87 -5.53404
88 -5.54422
89 -5.5478
90 -5.53937
91 -5.54447
92 -5.54115
93 -5.55012
94 -5.54858
95 -5.54986
96 -5.55269
97 -5.5478
98 -5.55063
99 -5.53784
100 -5.55916
101 -5.54345
102 -5.55295
103 -5.54858
104 -5.54396
105 -5.54039
106 -5.54627
107 -5.55709
108 -5.54652
109 -5.55037
110 -5.54729
111 -5.54064
112 -5.54729
113 -5.54217
114 -5.54243
115 -5.54627
116 -5.55269
117 -5.54268
118 -5.54473
119 -5.55012
120 -5.53988
121 -5.54115
122 -5.54858
123 -5.5381
124 -5.54627
125 -5.54064
126 -5.5455
127 -5.55037
128 -5.54499
129 -5.54141
130 -5.53531
131 -5.54166
132 -5.54192
133 -5.54499
134 -5.54268
135 -5.54524
136 -5.54371
137 -5.53581
138 -5.54013
139 -5.54217
140 -5.54192
141 -5.54627
142 -5.5409
143 -5.54141
144 -5.54039
145 -5.53835
146 -5.54243
147 -5.54652
148 -5.5496
149 -5.54345
150 -5.54678
151 -5.54524
152 -5.54371
153 -5.54039
154 -5.53734
155 -5.55012
156 -5.53937
157 -5.54524
158 -5.5545
159 -5.54013
160 -5.54729
161 -5.54883
162 -5.54039
163 -5.54499
164 -5.5432
165 -5.55089
166 -5.54627
167 -5.53734
168 -5.54217
169 -5.54806
170 -5.53988
171 -5.5432
172 -5.55321
173 -5.54499
174 -5.5455
175 -5.54294
176 -5.54678
177 -5.54217
178 -5.54141
179 -5.54704
180 -5.55063
181 -5.55295
182 -5.54141
183 -5.55012
184 -5.5496
185 -5.54447
186 -5.53607
187 -5.54039
188 -5.55321
189 -5.54627
190 -5.53784
191 -5.5432
192 -5.53861
193 -5.54447
194 -5.54909
195 -5.55115
196 -5.54652
197 -5.54371
198 -5.55037
199 -5.54039
200 -5.55037
201 -5.53962
202 -5.53607
203 -5.54013
204 -5.54909
205 -5.54986
206 -5.53912
207 -5.54832
208 -5.55347
209 -5.54652
210 -5.54858
211 -5.54627
212 -5.55115
213 -5.54858
214 -5.55347
215 -5.54909
216 -5.5409
217 -5.55115
218 -5.54627
219 -5.54806
220 -5.53886
221 -5.54371
222 -5.54858
223 -5.54832
224 -5.54345
225 -5.54243
226 -5.54601
227 -5.54345
228 -5.54627
229 -5.54729
230 -5.54064
231 -5.54396
232 -5.54141
233 -5.55063
234 -5.54832
235 -5.55063
236 -5.55192
237 -5.5496
238 -5.54473
239 -5.54935
240 -5.54064
241 -5.54166
242 -5.5514
243 -5.54345
244 -5.55398
245 -5.54652
246 -5.54422
247 -5.54473
248 -5.5478
249 -5.54166
250 -5.54499
251 -5.53632
252 -5.56306
253 -5.54575
254 -5.54806
255 -5.54832
