0    0.00392085
1    0.00388999
2    0.00390672
3    0.00390027
4    0.00389175
5    0.00392427
6    0.00391126
7    0.00390265
8    0.00390779
9    0.00387778
10    0.00392555
11    0.00390965
12    0.00388046
13    0.00389216
14    0.00390576
15    0.00390832
16    0.00391383
17    0.00392437
18    0.00390977
19    0.00388222
20    0.00391842
21    0.00391707
22    0.00390227
23    0.00389489
24    0.00387214
25    0.00391116
26    0.00389634
27    0.00392223
28    0.00387932
29    0.0038966
30    0.00388736
31    0.00391939
32    0.00391182
33    0.00392481
34    0.00391301
35    0.00393346
36    0.00392495
37    0.0039025
38    0.00390923
39    0.00393959
40    0.0038947
41    0.00389789
42    0.00390757
43    0.00391219
44    0.00390855
45    0.00392248
46    0.00388331
47    0.00389062
48    0.00394311
49    0.0039073
50    0.00389378
51    0.00391988
52    0.00389325
53    0.00389523
54    0.00386752
55    0.00391835
56    0.00390244
57    0.00391315
58    0.00391452
59    0.00391589
60    0.00389246
61    0.00392787
62    0.00389955
63    0.00390381
64    0.00386632
65    0.00390265
66    0.00389898
67    0.00392178
68    0.00391515
69    0.00388866
70    0.00394178
71    0.00390424
72    0.00391322
73    0.00392659
74    0.0039118
75    0.00389853
76    0.00390902
77    0.00391236
78    0.00392631
79    0.00390354
80    0.00391283
81    0.0038974
82    0.00388251
83    0.00391736
84    0.00390356
85    0.00390316
86    0.00389236
87    0.00388295
88    0.00390355
89    0.00388157
90    0.00389939
91    0.00387499
92    0.00389707
93    0.00391193
94    0.00389638
95    0.00393027
96    0.00388684
97    0.00387511
98    0.00392836
99    0.00391505
100    0.00392712
101    0.00391367
102    0.00389092
103    0.00391349
104    0.00388027
105    0.00392903
106    0.00390758
107    0.00390494
108    0.00387319
109    0.00390457
110    0.00392811
111    0.00391803
112    0.00390015
113    0.00391095
114    0.00391335
115    0.00388156
116    0.00386912
117    0.00390695
118    0.00389349
119    0.00388844
120    0.00391289
121    0.00389581
122    0.00390424
123    0.00391555
124    0.00387838
125    0.00388696
126    0.00394091
127    0.00389809
128    0.00390175
129    0.00391807
130    0.00393714
131    0.00388475
132    0.00390311
133    0.00388772
134    0.00390298
135    0.00393212
136    0.0039372
137    0.00388683
138    0.00397131
139    0.00389346
140    0.00394457
141    0.00390254
142    0.00392191
143    0.00392132
144    0.00390976
145    0.00391911
146    0.00390586
147    0.00390941
148    0.00388692
149    0.00391531
150    0.0039168
151    0.00392152
152    0.00392292
153    0.00390234
154    0.00388785
155    0.00389639
156    0.00391288
157    0.0039213
158    0.00391407
159    0.00388155
160    0.00389854
161    0.0039133
162    0.00388608
163    0.00392801
164    0.00390155
165    0.00390504
166    0.00388784
167    0.00390257
168    0.00390712
169    0.00390699
170    0.00388297
171    0.00391682
172    0.00389319
173    0.00389949
174    0.00393387
175    0.00387605
176    0.0039147
177    0.00391428
178    0.00393045
179    0.00387672
180    0.00390765
181    0.00391737
182    0.00388343
183    0.00390724
184    0.00388042
185    0.00391925
186    0.00392406
187    0.00390482
188    0.00390084
189    0.00394201
190    0.00389759
191    0.00391688
192    0.00391933
193    0.00391885
194    0.00390977
195    0.00389491
196    0.00391883
197    0.0039151
198    0.00393275
199    0.0038998
200    0.00389731
201    0.0039041
202    0.00388462
203    0.00392029
204    0.00394027
205    0.00391972
206    0.00390253
207    0.00388778
208    0.00392281
209    0.003942
210    0.00389774
211    0.00389056
212    0.00391073
213    0.00391934
214    0.0039194
215    0.00389375
216    0.00389287
217    0.00388634
218    0.00389508
219    0.00393052
220    0.0038839
221    0.00392912
222    0.00389589
223    0.00388965
224    0.00390689
225    0.00387981
226    0.00391196
227    0.00389455
228    0.00390406
229    0.00392219
230    0.00390838
231    0.00391147
232    0.00387578
233    0.00390894
234    0.00391778
235    0.00390373
236    0.00390912
237    0.00392598
238    0.00390122
239    0.00391203
240    0.00389082
241    0.0039027
242    0.0039097
243    0.00392672
244    0.00389074
245    0.00390046
246    0.00396132
247    0.00391612
248    0.00389399
249    0.00388463
250    0.00391112
251    0.00387148
252    0.00388666
253    0.00391183
254    0.00391869
255    0.00390683
