0    0.00392297
1    0.00387478
2    0.00389833
3    0.0038917
4    0.00388031
5    0.00388954
6    0.00390503
7    0.0038924
8    0.00392818
9    0.00388676
10    0.00393974
11    0.00390526
12    0.00389376
13    0.00389765
14    0.00389362
15    0.00389214
16    0.00390379
17    0.0038933
18    0.0038861
19    0.00389388
20    0.00390873
21    0.00392487
22    0.0038929
23    0.00387774
24    0.00391433
25    0.00393597
26    0.00392745
27    0.00390741
28    0.00394104
29    0.00390729
30    0.00391672
31    0.00391424
32    0.0039047
33    0.00391729
34    0.00392843
35    0.00389668
36    0.00386563
37    0.00392806
38    0.00389363
39    0.00392016
40    0.00391845
41    0.00391607
42    0.00390454
43    0.00388075
44    0.00388328
45    0.00388874
46    0.00390458
47    0.00394037
48    0.00389406
49    0.00388113
50    0.00391187
51    0.00392894
52    0.00390659
53    0.00388773
54    0.00390817
55    0.00390395
56    0.0038869
57    0.00390448
58    0.00390767
59    0.00390371
60    0.0039132
61    0.00390935
62    0.00390272
63    0.00391456
64    0.00390951
65    0.00391451
66    0.0039158
67    0.00389786
68    0.00390573
69    0.00390021
70    0.00394054
71    0.00394257
72    0.00389633
73    0.00389755
74    0.00390876
75    0.00388994
76    0.00392125
77    0.00387356
78    0.00392008
79    0.00388375
80    0.00391122
81    0.00391882
82    0.00390412
83    0.00389197
84    0.00390077
85    0.00391304
86    0.00390688
87    0.00389135
88    0.00391326
89    0.00388188
90    0.0038864
91    0.00389941
92    0.00388386
93    0.00390149
94    0.0038885
95    0.0039063
96    0.00389673
97    0.00392124
98    0.0038956
99    0.00388656
100    0.00390481
101    0.00389941
102    0.00391679
103    0.00392065
104    0.00393993
105    0.00390723
106    0.00387316
107    0.00390879
108    0.00391349
109    0.0039162
110    0.00391031
111    0.00391454
112    0.00389867
113    0.00390399
114    0.00390271
115    0.00390732
116    0.00390002
117    0.00390211
118    0.00392243
119    0.00391464
120    0.00389342
121    0.00391526
122    0.00392789
123    0.0038955
124    0.00393778
125    0.0038701
126    0.00394506
127    0.00391407
128    0.00391287
129    0.00388683
130    0.00388944
131    0.003897
132    0.00389146
133    0.00390078
134    0.0039008
135    0.00387972
136    0.00392297
137    0.00389225
138    0.00386941
139    0.00387972
140    0.003904
141    0.00391757
142    0.00391191
143    0.00389845
144    0.00392248
145    0.00391705
146    0.00389507
147    0.00388853
148    0.00387103
149    0.00393103
150    0.00391782
151    0.00393878
152    0.00390632
153    0.00391436
154    0.00388021
155    0.00391549
156    0.00391579
157    0.00389279
158    0.00385814
159    0.00390556
160    0.00391405
161    0.00390649
162    0.00390429
163    0.00392457
164    0.00390374
165    0.0039119
166    0.00388622
167    0.00390754
168    0.003913
169    0.00390347
170    0.00388669
171    0.00389322
172    0.00391455
173    0.00391073
174    0.00390319
175    0.00390079
176    0.00391941
177    0.00388738
178    0.00390828
179    0.00390539
180    0.00391239
181    0.00392227
182    0.00392084
183    0.00392681
184    0.00390555
185    0.00388407
186    0.00387846
187    0.00393098
188    0.00391947
189    0.00392126
190    0.00392766
191    0.00391253
192    0.00391826
193    0.00390188
194    0.00389024
195    0.00389368
196    0.00390173
197    0.00389933
198    0.00388215
199    0.00394041
200    0.00393593
201    0.00392773
202    0.00389853
203    0.0038877
204    0.00388837
205    0.00389601
206    0.00389639
207    0.00392016
208    0.00390155
209    0.00390807
210    0.00392219
211    0.00391258
212    0.00393805
213    0.00388874
214    0.00390089
215    0.00390218
216    0.00392692
217    0.00388769
218    0.00394372
219    0.00390614
220    0.00391362
221    0.00389691
222    0.00391789
223    0.00390876
224    0.0039139
225    0.00390392
226    0.00390785
227    0.00391789
228    0.00392363
229    0.00388912
230    0.00392752
231    0.0039316
232    0.00388301
233    0.00391795
234    0.00395431
235    0.0039112
236    0.00390942
237    0.00389538
238    0.00392212
239    0.00388485
240    0.00391679
241    0.0039219
242    0.00389313
243    0.00394461
244    0.00390147
245    0.0038941
246    0.00392022
247    0.00389978
248    0.00393208
249    0.00389967
250    0.00391423
251    0.0039064
252    0.00388671
253    0.00390723
254    0.00391049
255    0.00392237
