0    0.00390369
1    0.00391473
2    0.00389539
3    0.00390942
4    0.00390265
5    0.00390158
6    0.00391545
7    0.00387899
8    0.00389651
9    0.00386728
10    0.00389718
11    0.00391915
12    0.00392532
13    0.00389724
14    0.00388108
15    0.00391238
16    0.00391985
17    0.00391296
18    0.00389053
19    0.0039081
20    0.00390297
21    0.00391866
22    0.00386967
23    0.00389999
24    0.00389236
25    0.00390595
26    0.00389998
27    0.00391779
28    0.00390767
29    0.00390195
30    0.00388075
31    0.00388702
32    0.0039173
33    0.00392473
34    0.00389082
35    0.00392988
36    0.00388831
37    0.00392529
38    0.00391412
39    0.00391221
40    0.00391831
41    0.00389413
42    0.0039009
43    0.00388627
44    0.00391895
45    0.00392341
46    0.00391818
47    0.00388667
48    0.00389871
49    0.00393431
50    0.00391746
51    0.00390887
52    0.00390258
53    0.00387682
54    0.00389113
55    0.00390139
56    0.00390215
57    0.00390098
58    0.00393729
59    0.00388648
60    0.0038934
61    0.00392774
62    0.00387331
63    0.00390749
64    0.00389936
65    0.00390876
66    0.00384946
67    0.00388414
68    0.0038921
69    0.00389821
70    0.00389828
71    0.00393555
72    0.00389208
73    0.00390335
74    0.00387479
75    0.00388862
76    0.00389747
77    0.00388369
78    0.00387968
79    0.00392788
80    0.00391567
81    0.00389361
82    0.0039252
83    0.00389392
84    0.00390361
85    0.00390514
86    0.00388951
87    0.00389654
88    0.00387586
89    0.00392321
90    0.00390022
91    0.00389412
92    0.00389877
93    0.00387527
94    0.00394086
95    0.00387577
96    0.00392641
97    0.00388813
98    0.00391275
99    0.00389973
100    0.00388319
101    0.00390081
102    0.00389374
103    0.00389461
104    0.00394499
105    0.00392009
106    0.00390475
107    0.00388675
108    0.00390553
109    0.0038929
110    0.00387711
111    0.00390207
112    0.00390613
113    0.00386719
114    0.00391155
115    0.00389343
116    0.00388333
117    0.00390906
118    0.00390529
119    0.00390889
120    0.00390024
121    0.00389025
122    0.00391005
123    0.00389483
124    0.00389048
125    0.00390578
126    0.00390129
127    0.00389532
128    0.00391927
129    0.00391566
130    0.00392095
131    0.00389638
132    0.00392922
133    0.00391801
134    0.00389073
135    0.00391737
136    0.00391377
137    0.00391925
138    0.00389676
139    0.00392091
140    0.00389101
141    0.00391115
142    0.00388628
143    0.00391397
144    0.00389977
145    0.00391293
146    0.00391976
147    0.00388493
148    0.00391572
149    0.00390711
150    0.00393406
151    0.00389587
152    0.00392462
153    0.00391838
154    0.00393108
155    0.00388038
156    0.00390097
157    0.00394784
158    0.00393323
159    0.00389349
160    0.00389784
161    0.00390477
162    0.00390478
163    0.00391049
164    0.00388535
165    0.0039025
166    0.00391587
167    0.00391879
168    0.00389939
169    0.00390717
170    0.00389379
171    0.00390236
172    0.00387604
173    0.0039224
174    0.00388294
175    0.0039068
176    0.00391451
177    0.00391874
178    0.00391177
179    0.00391084
180    0.00393002
181    0.00388399
182    0.00390159
183    0.0039144
184    0.00387673
185    0.00392905
186    0.00391709
187    0.00391174
188    0.00392797
189    0.00390876
190    0.00393612
191    0.00391487
192    0.00389895
193    0.00392477
194    0.00390542
195    0.00391618
196    0.00391317
197    0.00391807
198    0.00391532
199    0.00394167
200    0.00392202
201    0.00389283
202    0.00391826
203    0.00391009
204    0.00389534
205    0.0039185
206    0.0039025
207    0.00390812
208    0.00396948
209    0.00393197
210    0.00390269
211    0.00392628
212    0.00394888
213    0.00390659
214    0.00390789
215    0.00388244
216    0.00388973
217    0.00390733
218    0.00393685
219    0.00392772
220    0.0039193
221    0.0038871
222    0.00387787
223    0.00391985
224    0.00401168
225    0.0038952
226    0.00388983
227    0.00390487
228    0.00388724
229    0.00393665
230    0.00388959
231    0.0039202
232    0.00389734
233    0.00389882
234    0.00389678
235    0.00389519
236    0.00392906
237    0.00390787
238    0.00390386
239    0.00391676
240    0.00392129
241    0.00389799
242    0.00388716
243    0.00391453
244    0.0039388
245    0.00390114
246    0.00392211
247    0.00389555
248    0.00392243
249    0.00391408
250    0.00391021
251    0.00390675
252    0.00390854
253    0.00394152
254    0.0039038
255    0.00391846
