0    0.00390067
1    0.00389037
2    0.00392371
3    0.00389854
4    0.00389906
5    0.00391066
6    0.00390193
7    0.00388608
8    0.00390165
9    0.00390152
10    0.00392472
11    0.0039009
12    0.00391264
13    0.00389561
14    0.00389463
15    0.00391212
16    0.00391755
17    0.00388078
18    0.00388534
19    0.00387622
20    0.00390994
21    0.00390656
22    0.00391885
23    0.0038978
24    0.00391385
25    0.00389487
26    0.00391356
27    0.00393533
28    0.00388984
29    0.0038787
30    0.00390339
31    0.00390011
32    0.00387885
33    0.00390733
34    0.00391134
35    0.00388544
36    0.003895
37    0.00389377
38    0.0039071
39    0.00390928
40    0.00389242
41    0.00388946
42    0.0039389
43    0.00392976
44    0.00388591
45    0.00387806
46    0.00387689
47    0.00392895
48    0.0039051
49    0.00393635
50    0.00389345
51    0.0039058
52    0.00389106
53    0.0039137
54    0.00390717
55    0.0039052
56    0.00391144
57    0.00391627
58    0.0039216
59    0.00386497
60    0.0038951
61    0.00391744
62    0.00391666
63    0.00389797
64    0.00391918
65    0.00392259
66    0.00390409
67    0.00390125
68    0.00392036
69    0.00390668
70    0.00390201
71    0.00387943
72    0.00389961
73    0.00391598
74    0.00388834
75    0.00389656
76    0.00389637
77    0.00391707
78    0.00390184
79    0.00389967
80    0.00390601
81    0.00389753
82    0.00389886
83    0.00390952
84    0.00388682
85    0.00390833
86    0.00390396
87    0.00390595
88    0.00390016
89    0.00388352
90    0.00395939
91    0.00388617
92    0.00388677
93    0.0039096
94    0.00390165
95    0.00389372
96    0.00391543
97    0.00389853
98    0.00392951
99    0.00389091
100    0.00387708
101    0.00387706
102    0.00394008
103    0.00390884
104    0.00390549
105    0.00388912
106    0.00391921
107    0.00389013
108    0.00388809
109    0.00388677
110    0.00391378
111    0.00389377
112    0.00391669
113    0.00390745
114    0.00392253
115    0.00390994
116    0.0039013
117    0.00392331
118    0.0039101
119    0.00390384
120    0.00390691
121    0.003909
122    0.00393806
123    0.00392959
124    0.00391014
125    0.0038812
126    0.00387841
127    0.00395582
128    0.00390352
129    0.00390975
130    0.00390533
131    0.0039073
132    0.00390005
133    0.00391078
134    0.00392121
135    0.00391021
136    0.00390415
137    0.0039127
138    0.003909
139    0.00388568
140    0.00391137
141    0.0039161
142    0.00392352
143    0.00391964
144    0.00391565
145    0.00391112
146    0.00392511
147    0.00390963
148    0.00391469
149    0.00390375
150    0.00388102
151    0.00390259
152    0.00389053
153    0.00389432
154    0.00390442
155    0.00388569
156    0.00391867
157    0.00389239
158    0.00390133
159    0.00387279
160    0.00392019
161    0.00390614
162    0.00391698
163    0.00392146
164    0.00390524
165    0.00389593
166    0.00391362
167    0.00393332
168    0.00390678
169    0.00389915
170    0.00390378
171    0.00389815
172    0.00391123
173    0.00391267
174    0.00390027
175    0.00392629
176    0.00391629
177    0.00389301
178    0.00391875
179    0.00390197
180    0.0038966
181    0.00391792
182    0.0039172
183    0.00393355
184    0.00390018
185    0.00390877
186    0.00389864
187    0.00389536
188    0.00389929
189    0.00390333
190    0.00390698
191    0.0039161
192    0.00388338
193    0.003899
194    0.00392316
195    0.00392606
196    0.00390884
197    0.0038963
198    0.00391665
199    0.00388189
200    0.00389374
201    0.00391671
202    0.00388806
203    0.00389995
204    0.00386255
205    0.00392766
206    0.00389417
207    0.00391133
208    0.00389382
209    0.00388808
210    0.00392277
211    0.0039184
212    0.00387086
213    0.00390218
214    0.0039184
215    0.00388847
216    0.00391567
217    0.00388174
218    0.00392091
219    0.0039038
220    0.00391523
221    0.00392865
222    0.00391294
223    0.00389427
224    0.00393335
225    0.0039355
226    0.00389064
227    0.00390408
228    0.0039191
229    0.00390358
230    0.00388349
231    0.00390893
232    0.00391406
233    0.00392561
234    0.00390702
235    0.00392469
236    0.00391636
237    0.00393257
238    0.00392079
239    0.00394793
240    0.003908
241    0.00390896
242    0.00390833
243    0.00394697
244    0.00390373
245    0.00390331
246    0.00388666
247    0.00395682
248    0.00389711
249    0.00392286
250    0.00392606
251    0.00389124
252    0.00391123
253    0.00392004
254    0.00393988
255    0.00390394
