0    0.0038927
1    0.00388995
2    0.00390785
3    0.00391132
4    0.00389591
5    0.00392176
6    0.00391632
7    0.00389769
8    0.0039063
9    0.00391442
10    0.00392641
11    0.00387449
12    0.0039152
13    0.00392075
14    0.00388608
15    0.00391358
16    0.00391436
17    0.0038874
18    0.00390296
19    0.00390829
20    0.00391415
21    0.00388332
22    0.00394043
23    0.00389624
24    0.00388087
25    0.00392333
26    0.00391149
27    0.00389256
28    0.00390774
29    0.00392031
30    0.00388768
31    0.00388196
32    0.0039146
33    0.00389887
34    0.00389729
35    0.00389433
36    0.00392078
37    0.00389686
38    0.00390956
39    0.00390614
40    0.0039203
41    0.00390284
42    0.00391566
43    0.00392262
44    0.00392785
45    0.00387974
46    0.00390771
47    0.00390732
48    0.00389126
49    0.00388554
50    0.00388338
51    0.00389887
52    0.00390836
53    0.00387777
54    0.00390815
55    0.00391922
56    0.00389855
57    0.00390333
58    0.0038822
59    0.00391187
60    0.00389908
61    0.00389641
62    0.00390794
63    0.00393672
64    0.00391676
65    0.00390713
66    0.00393448
67    0.00391014
68    0.00392753
69    0.00390123
70    0.00391032
71    0.00390372
72    0.00388523
73    0.00390317
74    0.00385911
75    0.00391774
76    0.00391714
77    0.00390729
78    0.00390757
79    0.00391149
80    0.00389183
81    0.00389797
82    0.00391607
83    0.00390182
84    0.00389564
85    0.00392665
86    0.00392553
87    0.00391553
88    0.00393062
89    0.00392779
90    0.00391733
91    0.00391709
92    0.0038885
93    0.00389464
94    0.00390132
95    0.00390723
96    0.00390917
97    0.0039098
98    0.00391839
99    0.00389225
100    0.00390889
101    0.00390648
102    0.00390733
103    0.0039329
104    0.00392508
105    0.00391455
106    0.00387392
107    0.00387856
108    0.00390227
109    0.00389439
110    0.00389671
111    0.00388085
112    0.00389185
113    0.00388702
114    0.00390604
115    0.00390896
116    0.00391828
117    0.00389414
118    0.00389433
119    0.00388735
120    0.00390536
121    0.00391133
122    0.00391364
123    0.00389321
124    0.00387776
125    0.00390592
126    0.00388173
127    0.00392001
128    0.00389054
129    0.00390681
130    0.00393153
131    0.00388671
132    0.00388271
133    0.00392458
134    0.00390119
135    0.00393442
136    0.00388157
137    0.00389875
138    0.00389218
139    0.00390873
140    0.00391272
141    0.00391268
142    0.00391174
143    0.00391232
144    0.00389606
145    0.00390762
146    0.00391679
147    0.00389257
148    0.00392625
149    0.00389682
150    0.00392185
151    0.00390332
152    0.00390626
153    0.00392637
154    0.00390963
155    0.00392402
156    0.00390176
157    0.00389892
158    0.00389953
159    0.00392645
160    0.00391647
161    0.00390356
162    0.00388877
163    0.00391264
164    0.00390241
165    0.00392595
166    0.00391929
167    0.00390093
168    0.00392167
169    0.00391699
170    0.00391587
171    0.00391091
172    0.00390955
173    0.00388726
174    0.00390113
175    0.00393165
176    0.00391319
177    0.00391411
178    0.00387464
179    0.00393565
180    0.00387244
181    0.00388427
182    0.00391444
183    0.00387374
184    0.00391126
185    0.00393147
186    0.00390348
187    0.00391764
188    0.00391209
189    0.00388971
190    0.00389626
191    0.00392502
192    0.00389875
193    0.00392724
194    0.0039199
195    0.00391702
196    0.0039259
197    0.0039265
198    0.00391535
199    0.00389469
200    0.00389728
201    0.00389986
202    0.00389399
203    0.00387889
204    0.00389153
205    0.00390009
206    0.00388963
207    0.00390872
208    0.0039034
209    0.00389886
210    0.00393046
211    0.0039217
212    0.0039303
213    0.00391897
214    0.00387741
215    0.00389954
216    0.00392247
217    0.00392843
218    0.0039045
219    0.00392903
220    0.00386432
221    0.00389916
222    0.00393715
223    0.00388557
224    0.00392263
225    0.00390682
226    0.00391038
227    0.00390647
228    0.00390786
229    0.00391649
230    0.00386822
231    0.00392849
232    0.00389479
233    0.00389538
234    0.00389779
235    0.00391475
236    0.00390375
237    0.00388994
238    0.00392345
239    0.00392011
240    0.00391313
241    0.00389609
242    0.00389416
243    0.00389123
244    0.00394136
245    0.00390742
246    0.00388345
247    0.00392479
248    0.00393369
249    0.00389862
250    0.00391136
251    0.00390491
252    0.00393461
253    0.00395732
254    0.00389659
255    0.00389042
