0    0.00391723
1    0.00392662
2    0.00390085
3    0.00390994
4    0.00385641
5    0.00390992
6    0.00391548
7    0.00390336
8    0.00390182
9    0.00391933
10    0.00392301
11    0.0039221
12    0.0039229
13    0.00391223
14    0.00390451
15    0.0038947
16    0.00393097
17    0.00388604
18    0.00388712
19    0.00390904
20    0.00392011
21    0.00390934
22    0.00390392
23    0.0038913
24    0.0039156
25    0.00387937
26    0.00393012
27    0.00389048
28    0.00388245
29    0.00386891
30    0.00389465
31    0.00391737
32    0.00390878
33    0.00390583
34    0.00389005
35    0.00390257
36    0.00391632
37    0.00388519
38    0.00389792
39    0.00389817
40    0.00391703
41    0.00391194
42    0.00388836
43    0.00388515
44    0.00390799
45    0.00391857
46    0.00390165
47    0.00390891
48    0.00392937
49    0.00389902
50    0.00390892
51    0.00389099
52    0.00389608
53    0.00389953
54    0.00391006
55    0.00388289
56    0.00387904
57    0.00392601
58    0.00390458
59    0.00391304
60    0.00392235
61    0.00390957
62    0.00388523
63    0.00392662
64    0.00388152
65    0.00390349
66    0.00394109
67    0.00393854
68    0.00388837
69    0.00389711
70    0.00391194
71    0.00386935
72    0.00389954
73    0.00388554
74    0.00390572
75    0.00389302
76    0.00390733
77    0.00388706
78    0.00391051
79    0.00391348
80    0.00386933
81    0.00389731
82    0.0039061
83    0.00390459
84    0.00391279
85    0.00386824
86    0.00392314
87    0.0039398
88    0.00393613
89    0.00388499
90    0.0039106
91    0.00389628
92    0.00390406
93    0.00386983
94    0.00391503
95    0.00391324
96    0.00389975
97    0.00390917
98    0.00391868
99    0.00390691
100    0.00390169
101    0.00390785
102    0.00388486
103    0.0039035
104    0.00388924
105    0.00386535
106    0.0038978
107    0.00390227
108    0.00389187
109    0.00387779
110    0.00389575
111    0.00391959
112    0.00390673
113    0.00391987
114    0.00390724
115    0.00389
116    0.00391673
117    0.00388994
118    0.00387216
119    0.00389695
120    0.00391021
121    0.00394065
122    0.00389704
123    0.0039007
124    0.00391906
125    0.0039091
126    0.00388367
127    0.00390691
128    0.00389216
129    0.00391738
130    0.00392196
131    0.00389543
132    0.00388994
133    0.00389419
134    0.00392277
135    0.00390816
136    0.00388848
137    0.00390777
138    0.003919
139    0.0038979
140    0.0039229
141    0.00391801
142    0.00392468
143    0.0039265
144    0.00391551
145    0.00388544
146    0.00390812
147    0.00392226
148    0.00391169
149    0.00388892
150    0.00388695
151    0.00394777
152    0.00389987
153    0.00389957
154    0.00389451
155    0.00393022
156    0.00389164
157    0.00390273
158    0.00391471
159    0.00392678
160    0.00388051
161    0.00388805
162    0.00390518
163    0.00390705
164    0.00389624
165    0.00390845
166    0.0039283
167    0.00387097
168    0.00391511
169    0.00391356
170    0.00389316
171    0.00391756
172    0.00389415
173    0.00393324
174    0.00388591
175    0.00390139
176    0.00389612
177    0.00388117
178    0.00391567
179    0.00390803
180    0.0039345
181    0.0039114
182    0.00392418
183    0.00392447
184    0.00389585
185    0.00391596
186    0.00390812
187    0.00387694
188    0.00392342
189    0.00392846
190    0.00392417
191    0.00390085
192    0.00391615
193    0.00390656
194    0.00391546
195    0.00393384
196    0.0039334
197    0.00391004
198    0.00390955
199    0.00393024
200    0.00390518
201    0.00391974
202    0.00395161
203    0.00390609
204    0.00388008
205    0.00389989
206    0.0038991
207    0.00388073
208    0.00393645
209    0.00387677
210    0.00393574
211    0.00391413
212    0.00388766
213    0.00393234
214    0.00390871
215    0.00389742
216    0.00389046
217    0.00393257
218    0.0039257
219    0.00391665
220    0.00389733
221    0.00390284
222    0.00390216
223    0.00387401
224    0.00388906
225    0.00393245
226    0.00391705
227    0.00394396
228    0.00389573
229    0.00390843
230    0.00394184
231    0.00392859
232    0.00391848
233    0.00388486
234    0.00389443
235    0.00392431
236    0.00391436
237    0.00392156
238    0.00388982
239    0.00390614
240    0.00392278
241    0.00389267
242    0.00392451
243    0.00390988
244    0.00393154
245    0.003906
246    0.00390936
247    0.0039253
248    0.00389287
249    0.00387331
250    0.00390871
251    0.00392359
252    0.00391529
253    0.00393877
254    0.00387826
255    0.00391645
