0    0.00392946
1    0.00389593
2    0.00390182
3    0.00387996
4    0.00389194
5    0.00389657
6    0.00388891
7    0.00391648
8    0.00390371
9    0.00388759
10    0.00392299
11    0.00390543
12    0.00390853
13    0.0039003
14    0.00392812
15    0.00390071
16    0.00390516
17    0.00391299
18    0.00392926
19    0.00390803
20    0.0039186
21    0.0039298
22    0.00390056
23    0.00391479
24    0.00391097
25    0.00392118
26    0.00391257
27    0.00395706
28    0.00392063
29    0.00391355
30    0.00391419
31    0.00390249
32    0.00393203
33    0.00387143
34    0.00389266
35    0.00389264
36    0.00388829
37    0.00389853
38    0.00389042
39    0.00394112
40    0.00392328
41    0.00391243
42    0.00392246
43    0.00390035
44    0.00391723
45    0.00391166
46    0.00388695
47    0.00387362
48    0.00389851
49    0.00390741
50    0.00390219
51    0.00390497
52    0.00390781
53    0.00390673
54    0.00390639
55    0.00391904
56    0.00389071
57    0.00391172
58    0.00391486
59    0.00391282
60    0.00391578
61    0.00391731
62    0.00387312
63    0.00389009
64    0.00388916
65    0.00389745
66    0.00390253
67    0.00392363
68    0.00389445
69    0.00390408
70    0.00389948
71    0.0039088
72    0.00387795
73    0.00387935
74    0.0039345
75    0.0039316
76    0.00391101
77    0.00391917
78    0.00388985
79    0.00388036
80    0.00388201
81    0.00391777
82    0.0038828
83    0.00393013
84    0.00390264
85    0.00391158
86    0.00389794
87    0.00390531
88    0.00390428
89    0.0039119
90    0.00391705
91    0.00390296
92    0.00390787
93    0.00393365
94    0.00392485
95    0.00389437
96    0.00390614
97    0.00393961
98    0.00388934
99    0.00391643
100    0.00388582
101    0.00387018
102    0.0039014
103    0.0039178
104    0.00389153
105    0.00391193
106    0.00389921
107    0.00392016
108    0.00389984
109    0.00389352
110    0.00391037
111    0.00388247
112    0.00390396
113    0.00391004
114    0.00390338
115    0.0038624
116    0.00390129
117    0.00391828
118    0.00391236
119    0.00389793
120    0.00390585
121    0.00387549
122    0.00388461
123    0.00390829
124    0.00392077
125    0.00391291
126    0.003914
127    0.00388411
128    0.00389004
129    0.0039313
130    0.00389683
131    0.00391852
132    0.00390309
133    0.00391649
134    0.00391381
135    0.00390575
136    0.00391562
137    0.00391951
138    0.00388005
139    0.0038987
140    0.00387204
141    0.00391489
142    0.00390227
143    0.00391147
144    0.00391423
145    0.00390378
146    0.00390258
147    0.00388709
148    0.00389162
149    0.0038758
150    0.00389285
151    0.00395186
152    0.00389894
153    0.00391098
154    0.00390409
155    0.00388239
156    0.00388664
157    0.00390079
158    0.00389015
159    0.00387227
160    0.00387098
161    0.0039373
162    0.00391
163    0.00390373
164    0.00388541
165    0.00390379
166    0.00393544
167    0.00390571
168    0.00389879
169    0.00391204
170    0.00391021
171    0.00389189
172    0.00392897
173    0.00391896
174    0.0039351
175    0.00393248
176    0.00392039
177    0.00390413
178    0.00390343
179    0.00387888
180    0.00390558
181    0.00388426
182    0.0039417
183    0.00391328
184    0.00391827
185    0.0038951
186    0.00394706
187    0.0039114
188    0.00389576
189    0.00391541
190    0.00389433
191    0.00392973
192    0.00389817
193    0.00390015
194    0.00391581
195    0.00391129
196    0.00392006
197    0.00391889
198    0.00390669
199    0.00389727
200    0.00390815
201    0.0039065
202    0.00391061
203    0.0039062
204    0.00392839
205    0.00388313
206    0.00390886
207    0.00390264
208    0.00390976
209    0.00393052
210    0.00391884
211    0.00391404
212    0.00391238
213    0.00390936
214    0.00393236
215    0.00390683
216    0.00391134
217    0.00389252
218    0.00388177
219    0.00389218
220    0.00390111
221    0.00389352
222    0.00391979
223    0.00392056
224    0.00390977
225    0.00389588
226    0.00390886
227    0.00390206
228    0.00389576
229    0.00390879
230    0.00388908
231    0.00392194
232    0.00389398
233    0.00390244
234    0.00391389
235    0.00389647
236    0.00388606
237    0.00391631
238    0.00390469
239    0.00389693
240    0.00394827
241    0.00394467
242    0.00391455
243    0.00391619
244    0.00393296
245    0.00389823
246    0.00391874
247    0.00392121
248    0.00390392
249    0.00387516
250    0.00391049
251    0.00388055
252    0.00390572
253    0.00391487
254    0.00392386
255    0.00389531
