0    0.00390704
1    0.00392349
2    0.00389346
3    0.00390562
4    0.00390028
5    0.00386816
6    0.00389194
7    0.00391082
8    0.00390032
9    0.00390895
10    0.00390063
11    0.00390573
12    0.00389946
13    0.00389877
14    0.00390949
15    0.00390419
16    0.00391486
17    0.00386352
18    0.0038946
19    0.0039016
20    0.0039366
21    0.00393273
22    0.00390835
23    0.00391218
24    0.00387947
25    0.0038969
26    0.00390372
27    0.00390723
28    0.00389164
29    0.00391344
30    0.00390564
31    0.00391161
32    0.00389754
33    0.0039073
34    0.00390417
35    0.00389764
36    0.00388511
37    0.00392611
38    0.00390662
39    0.00392263
40    0.00389094
41    0.0039075
42    0.00390284
43    0.00392988
44    0.00390933
45    0.00389611
46    0.00391857
47    0.00390868
48    0.00388525
49    0.00390236
50    0.0038957
51    0.00392677
52    0.00392267
53    0.00388843
54    0.00388107
55    0.00390518
56    0.00388881
57    0.00392827
58    0.00390987
59    0.00389858
60    0.00389605
61    0.00390554
62    0.00387707
63    0.00387454
64    0.00391372
65    0.00392479
66    0.00391288
67    0.00391012
68    0.00389791
69    0.00387887
70    0.00388999
71    0.00391057
72    0.00390507
73    0.0039002
74    0.00390988
75    0.00390611
76    0.00389847
77    0.00387075
78    0.00391816
79    0.00390628
80    0.00389561
81    0.00391466
82    0.00388839
83    0.00389315
84    0.00388004
85    0.00390364
86    0.0038916
87    0.00389007
88    0.00391439
89    0.00392344
90    0.00389129
91    0.00392298
92    0.00390309
93    0.00387895
94    0.00388357
95    0.00391926
96    0.00391313
97    0.0039049
98    0.0039115
99    0.00389419
100    0.00392545
101    0.00393618
102    0.00387307
103    0.00389957
104    0.00387857
105    0.00390422
106    0.00391402
107    0.00391424
108    0.00389189
109    0.00391741
110    0.00391292
111    0.00388516
112    0.00390964
113    0.00389077
114    0.00389508
115    0.00389679
116    0.00389757
117    0.00388334
118    0.00389395
119    0.00391189
120    0.00392108
121    0.00391604
122    0.00391992
123    0.00389573
124    0.00389901
125    0.00388715
126    0.00387776
127    0.00390389
128    0.00391148
129    0.00388871
130    0.00394369
131    0.00388834
132    0.00390721
133    0.00393084
134    0.00390087
135    0.00391622
136    0.0039128
137    0.00390282
138    0.00389671
139    0.00392125
140    0.00393375
141    0.00392792
142    0.00387993
143    0.00390544
144    0.00387985
145    0.00393511
146    0.00392987
147    0.00392245
148    0.00388892
149    0.0039176
150    0.00391654
151    0.00390813
152    0.00390071
153    0.00387898
154    0.00390417
155    0.00391786
156    0.00393068
157    0.00393502
158    0.00387788
159    0.0039093
160    0.00389896
161    0.0038915
162    0.00390215
163    0.00390334
164    0.00387897
165    0.00390653
166    0.00388998
167    0.00391517
168    0.00390588
169    0.0039039
170    0.00392296
171    0.00393105
172    0.0039466
173    0.00390017
174    0.00390417
175    0.00392072
176    0.00393374
177    0.00391109
178    0.00391086
179    0.00391452
180    0.00390429
181    0.00389504
182    0.00393262
183    0.00388497
184    0.00391316
185    0.00388948
186    0.00391239
187    0.00391907
188    0.00390124
189    0.00391009
190    0.00390018
191    0.00389538
192    0.00390225
193    0.00389635
194    0.00391625
195    0.00390219
196    0.00393675
197    0.00391292
198    0.00390189
199    0.00391759
200    0.00389783
201    0.0038924
202    0.00388324
203    0.00391408
204    0.00388521
205    0.00393352
206    0.00390193
207    0.00392157
208    0.00392949
209    0.00389229
210    0.00387624
211    0.0039004
212    0.00391813
213    0.00391217
214    0.00391149
215    0.00391936
216    0.00393029
217    0.0039232
218    0.00391869
219    0.00390224
220    0.00390353
221    0.00387907
222    0.00391628
223    0.00389274
224    0.00394173
225    0.0039055
226    0.00389007
227    0.00391785
228    0.00389868
229    0.00387193
230    0.00391382
231    0.00391955
232    0.00391639
233    0.00391721
234    0.003905
235    0.00391778
236    0.00393087
237    0.00391134
238    0.00390936
239    0.00392337
240    0.00393224
241    0.00392694
242    0.00391422
243    0.00393173
244    0.00390145
245    0.00390378
246    0.00393739
247    0.00393815
248    0.00393036
249    0.00390088
250    0.00391293
251    0.00393723
252    0.00390429
253    0.0039162
254    0.00388839
255    0.00389709
