0 0.003904 
1 0.003880 
2 0.003925 
3 0.003902 
4 0.003925 
5 0.003947 
6 0.003868 
7 0.003913 
8 0.003893 
9 0.003929 
10 0.003883 
11 0.003888 
12 0.003919 
13 0.003908 
14 0.003905 
15 0.003895 
16 0.003868 
17 0.003900 
18 0.003906 
19 0.003898 
20 0.003928 
21 0.003905 
22 0.003911 
23 0.003900 
24 0.003874 
25 0.003896 
26 0.003942 
27 0.003913 
28 0.003915 
29 0.003889 
30 0.003921 
31 0.003935 
32 0.003933 
33 0.003897 
34 0.003914 
35 0.003901 
36 0.003914 
37 0.003896 
38 0.003904 
39 0.003892 
40 0.003908 
41 0.003861 
42 0.003903 
43 0.003922 
44 0.003910 
45 0.003903 
46 0.003897 
47 0.003909 
48 0.003940 
49 0.003915 
50 0.003910 
51 0.003915 
52 0.003910 
53 0.003932 
54 0.003900 
55 0.003899 
56 0.003885 
57 0.003903 
58 0.003899 
59 0.003891 
60 0.003908 
61 0.003899 
62 0.003906 
63 0.003910 
64 0.003926 
65 0.003885 
66 0.003884 
67 0.003907 
68 0.003903 
69 0.003917 
70 0.003908 
71 0.003891 
72 0.003907 
73 0.003911 
74 0.003917 
75 0.003903 
76 0.003907 
77 0.003900 
78 0.003902 
79 0.003910 
80 0.003898 
81 0.003923 
82 0.003889 
83 0.003898 
84 0.003910 
85 0.003923 
86 0.003917 
87 0.003907 
88 0.003896 
89 0.003917 
90 0.003909 
91 0.003857 
92 0.003906 
93 0.003885 
94 0.003914 
95 0.003912 
96 0.003935 
97 0.003925 
98 0.003907 
99 0.003929 
100 0.003910 
101 0.003909 
102 0.003875 
103 0.003908 
104 0.003895 
105 0.003913 
106 0.003909 
107 0.003910 
108 0.003888 
109 0.003968 
110 0.003922 
111 0.003917 
112 0.003903 
113 0.003903 
114 0.003898 
115 0.003886 
116 0.003887 
117 0.003920 
118 0.003922 
119 0.003897 
120 0.003906 
121 0.003907 
122 0.003900 
123 0.003916 
124 0.003923 
125 0.003914 
126 0.003909 
127 0.003902 
128 0.003902 
129 0.003899 
130 0.003901 
131 0.003887 
132 0.003894 
133 0.003927 
134 0.003895 
135 0.003906 
136 0.003879 
137 0.003910 
138 0.003874 
139 0.003909 
140 0.003914 
141 0.003908 
142 0.003932 
143 0.003871 
144 0.003892 
145 0.003882 
146 0.003918 
147 0.003922 
148 0.003906 
149 0.003930 
150 0.003917 
151 0.003893 
152 0.003903 
153 0.003906 
154 0.003906 
155 0.003906 
156 0.003906 
157 0.003872 
158 0.003914 
159 0.003915 
160 0.003930 
161 0.003901 
162 0.003891 
163 0.003874 
164 0.003913 
165 0.003925 
166 0.003944 
167 0.003912 
168 0.003921 
169 0.003900 
170 0.003928 
171 0.003889 
172 0.003887 
173 0.003899 
174 0.003915 
175 0.003961 
176 0.003889 
177 0.003879 
178 0.003880 
179 0.003890 
180 0.003926 
181 0.003908 
182 0.003897 
183 0.003925 
184 0.003910 
185 0.003901 
186 0.003902 
187 0.003903 
188 0.003921 
189 0.003920 
190 0.003921 
191 0.003906 
192 0.003896 
193 0.003926 
194 0.003921 
195 0.003918 
196 0.003927 
197 0.003913 
198 0.003914 
199 0.003897 
200 0.003932 
201 0.003910 
202 0.003887 
203 0.003908 
204 0.003911 
205 0.003907 
206 0.003912 
207 0.003904 
208 0.003899 
209 0.003921 
210 0.004003 
211 0.003886 
212 0.003918 
213 0.003877 
214 0.003886 
215 0.003900 
216 0.003916 
217 0.003915 
218 0.003894 
219 0.003907 
220 0.003885 
221 0.003919 
222 0.003905 
223 0.003882 
224 0.003913 
225 0.003880 
226 0.003901 
227 0.003891 
228 0.003887 
229 0.003877 
230 0.003921 
231 0.003896 
232 0.003922 
233 0.003891 
234 0.003924 
235 0.003896 
236 0.003882 
237 0.003899 
238 0.003915 
239 0.003933 
240 0.003913 
241 0.003913 
242 0.003893 
243 0.003916 
244 0.003890 
245 0.003916 
246 0.003901 
247 0.003911 
248 0.003901 
249 0.003913 
250 0.003877 
251 0.003899 
252 0.003903 
253 0.003935 
254 0.003910 
255 0.003900 
