0    0.00391224
1    0.0038884
2    0.00389498
3    0.00386989
4    0.003904
5    0.00392994
6    0.00391286
7    0.00389888
8    0.00391714
9    0.00390615
10    0.0039078
11    0.00390225
12    0.00386975
13    0.00391803
14    0.00388917
15    0.00391664
16    0.00393527
17    0.00389941
18    0.00388678
19    0.00390596
20    0.00391436
21    0.00391182
22    0.00391989
23    0.00389959
24    0.00394705
25    0.00390977
26    0.00390089
27    0.0038962
28    0.00390473
29    0.00390201
30    0.00390136
31    0.00390338
32    0.00389145
33    0.00389974
34    0.00390577
35    0.00389306
36    0.00390993
37    0.00388791
38    0.00390344
39    0.00388967
40    0.0038694
41    0.00389981
42    0.0038871
43    0.00391519
44    0.00391153
45    0.003879
46    0.00390061
47    0.00389522
48    0.00389423
49    0.0038817
50    0.00389812
51    0.00394379
52    0.00388392
53    0.00391566
54    0.0039287
55    0.0039121
56    0.00389952
57    0.00390358
58    0.00389384
59    0.00390063
60    0.0039332
61    0.00390442
62    0.00390976
63    0.00388995
64    0.00388933
65    0.00388423
66    0.00389487
67    0.00392118
68    0.00390191
69    0.00390551
70    0.00391321
71    0.00389213
72    0.00389581
73    0.00392738
74    0.00389917
75    0.00389429
76    0.00391286
77    0.00389349
78    0.00390216
79    0.00388554
80    0.00390824
81    0.00388978
82    0.00387708
83    0.00388233
84    0.00389872
85    0.00391639
86    0.00392046
87    0.00391256
88    0.00392098
89    0.00389416
90    0.00392545
91    0.00390782
92    0.00389279
93    0.00391304
94    0.00391927
95    0.00390524
96    0.00391715
97    0.00391757
98    0.00388067
99    0.00390517
100    0.00389637
101    0.00386337
102    0.00390518
103    0.00391385
104    0.00389936
105    0.0039009
106    0.00388859
107    0.0039348
108    0.00388084
109    0.00391858
110    0.0038991
111    0.00392203
112    0.0039039
113    0.00391718
114    0.00387716
115    0.00389934
116    0.0039115
117    0.00390946
118    0.00388372
119    0.00390611
120    0.00390013
121    0.00390227
122    0.00390532
123    0.00389961
124    0.00392136
125    0.00389137
126    0.0038954
127    0.00389737
128    0.00390903
129    0.00391233
130    0.00389748
131    0.00391591
132    0.00389862
133    0.00393279
134    0.00390517
135    0.00389248
136    0.00392635
137    0.00390463
138    0.00389749
139    0.00391957
140    0.00391631
141    0.00390949
142    0.00391649
143    0.00390484
144    0.00392158
145    0.00392604
146    0.00393364
147    0.00391556
148    0.00393276
149    0.00392018
150    0.00389003
151    0.00392522
152    0.00390091
153    0.00390244
154    0.00390161
155    0.00391042
156    0.00389735
157    0.00390513
158    0.00390228
159    0.00393056
160    0.00391975
161    0.0039073
162    0.00390524
163    0.00391128
164    0.003884
165    0.00390548
166    0.00392852
167    0.0039004
168    0.00391015
169    0.00391743
170    0.00391585
171    0.00391275
172    0.00389634
173    0.00390293
174    0.00389494
175    0.00389155
176    0.00389973
177    0.00390069
178    0.00387268
179    0.00386627
180    0.00390568
181    0.00391273
182    0.00389344
183    0.00389022
184    0.00390107
185    0.00392443
186    0.00391136
187    0.00389501
188    0.00391752
189    0.00392334
190    0.00393908
191    0.00389964
192    0.00391613
193    0.00391164
194    0.00391203
195    0.00390114
196    0.00391512
197    0.00390444
198    0.00391105
199    0.00392326
200    0.00393229
201    0.00391327
202    0.00392153
203    0.00391252
204    0.0038989
205    0.00389508
206    0.00391839
207    0.00386961
208    0.00391108
209    0.0038972
210    0.00391211
211    0.00390615
212    0.00388817
213    0.00391739
214    0.00388811
215    0.00392862
216    0.0039196
217    0.00392374
218    0.00391692
219    0.00390481
220    0.00390974
221    0.00389973
222    0.00393611
223    0.00393512
224    0.00393483
225    0.00387966
226    0.00391473
227    0.00392541
228    0.00391801
229    0.00391818
230    0.00389702
231    0.00391091
232    0.00389798
233    0.00392118
234    0.00393224
235    0.00390721
236    0.00391347
237    0.00390401
238    0.00391798
239    0.0039193
240    0.00392554
241    0.00390374
242    0.00388701
243    0.00390884
244    0.00388965
245    0.0039201
246    0.00390545
247    0.00390696
248    0.00389118
249    0.00392727
250    0.00391803
251    0.00391643
252    0.00392727
253    0.00387479
254    0.00391824
255    0.00391426
