0    0.00392745
1    0.00392044
2    0.00389667
3    0.00389446
4    0.00389939
5    0.003906
6    0.00390227
7    0.00388022
8    0.00390681
9    0.00391207
10    0.0039183
11    0.00386001
12    0.00385321
13    0.00391228
14    0.00390121
15    0.00391792
16    0.00389348
17    0.0039064
18    0.00391288
19    0.00389119
20    0.00390694
21    0.00390586
22    0.00390055
23    0.00388547
24    0.0039165
25    0.00387828
26    0.00391484
27    0.00389823
28    0.00389381
29    0.0038951
30    0.00390864
31    0.00388447
32    0.00392056
33    0.00389755
34    0.0038948
35    0.00391078
36    0.00391532
37    0.00390965
38    0.00389844
39    0.00392023
40    0.00391735
41    0.00388082
42    0.00389476
43    0.00389929
44    0.00391782
45    0.00391643
46    0.0038915
47    0.00390029
48    0.00390227
49    0.00389592
50    0.00391002
51    0.00390235
52    0.00389822
53    0.00389589
54    0.00391631
55    0.00392341
56    0.00389117
57    0.00389773
58    0.00392929
59    0.00392775
60    0.00387713
61    0.00385806
62    0.00390653
63    0.00390374
64    0.00390896
65    0.00390309
66    0.00390094
67    0.00391305
68    0.0038988
69    0.00392555
70    0.00390099
71    0.00390726
72    0.00390752
73    0.00389601
74    0.00391641
75    0.00390972
76    0.00387295
77    0.00391828
78    0.00388153
79    0.00387232
80    0.00389507
81    0.00390878
82    0.00391752
83    0.00392597
84    0.00391359
85    0.00391285
86    0.00388342
87    0.00391386
88    0.00389014
89    0.00388667
90    0.00389439
91    0.00391574
92    0.00393817
93    0.00392643
94    0.00390581
95    0.00390556
96    0.00393632
97    0.00390884
98    0.0039372
99    0.00391879
100    0.00388472
101    0.00391039
102    0.00388522
103    0.00390375
104    0.00393402
105    0.00390839
106    0.00388767
107    0.00389811
108    0.00389416
109    0.0039005
110    0.00390732
111    0.0038981
112    0.00391418
113    0.00389832
114    0.00387922
115    0.00390323
116    0.00391463
117    0.00392673
118    0.00391628
119    0.00391841
120    0.00393181
121    0.00392234
122    0.00390731
123    0.00390717
124    0.00389579
125    0.00392289
126    0.00389755
127    0.00390056
128    0.00393318
129    0.00392368
130    0.00390498
131    0.00391398
132    0.00391536
133    0.0039027
134    0.00387958
135    0.00392167
136    0.0039042
137    0.00387397
138    0.00390575
139    0.00391445
140    0.00393212
141    0.00389946
142    0.00392738
143    0.00391174
144    0.00394213
145    0.00391309
146    0.00390458
147    0.00391872
148    0.00389296
149    0.00387913
150    0.00391336
151    0.00391736
152    0.00389018
153    0.00389597
154    0.00389467
155    0.00387776
156    0.00391104
157    0.00388985
158    0.00391651
159    0.00390122
160    0.00391667
161    0.00391782
162    0.00390885
163    0.0039085
164    0.00388927
165    0.00391113
166    0.00391184
167    0.00390052
168    0.00391266
169    0.0038985
170    0.003921
171    0.0039007
172    0.00389488
173    0.00388887
174    0.00389812
175    0.00390562
176    0.00389416
177    0.00390561
178    0.00390829
179    0.00392492
180    0.00393225
181    0.00388727
182    0.00389996
183    0.00391635
184    0.00390503
185    0.00390288
186    0.00390255
187    0.00388787
188    0.00391729
189    0.00393385
190    0.00389544
191    0.00390153
192    0.00388886
193    0.00389773
194    0.00393619
195    0.00393137
196    0.00391047
197    0.00391977
198    0.00392446
199    0.0039257
200    0.00391067
201    0.00389711
202    0.00392416
203    0.00390904
204    0.00389728
205    0.00390344
206    0.003881
207    0.00392341
208    0.00389856
209    0.00390037
210    0.00392295
211    0.00390222
212    0.00391905
213    0.00392057
214    0.00387945
215    0.00390672
216    0.00392552
217    0.00389487
218    0.00391385
219    0.00394063
220    0.00388727
221    0.00392692
222    0.00391379
223    0.0039146
224    0.00390823
225    0.00391321
226    0.00392999
227    0.00389481
228    0.00389649
229    0.00390258
230    0.00390642
231    0.00388915
232    0.00389541
233    0.00389847
234    0.00391778
235    0.00393651
236    0.0038994
237    0.00389156
238    0.0039209
239    0.00390351
240    0.00388463
241    0.00390618
242    0.00391088
243    0.00392087
244    0.0038767
245    0.0038983
246    0.00389237
247    0.00390677
248    0.00391573
249    0.00391291
250    0.00393463
251    0.00394697
252    0.00390036
253    0.00391587
254    0.00391345
255    0.00392803
