0    0.00392359
1    0.00387339
2    0.00390988
3    0.00388687
4    0.00387502
5    0.00387103
6    0.00392512
7    0.00388928
8    0.00389947
9    0.00389233
10    0.00390054
11    0.00389719
12    0.00392744
13    0.00390152
14    0.00390233
15    0.00391773
16    0.0038919
17    0.00389958
18    0.00391155
19    0.0038884
20    0.0039061
21    0.00388198
22    0.00390836
23    0.00390114
24    0.00389993
25    0.0039166
26    0.00392268
27    0.00390173
28    0.00387964
29    0.00390608
30    0.00393815
31    0.00391616
32    0.00388646
33    0.00388839
34    0.00388588
35    0.00392753
36    0.00392153
37    0.00392842
38    0.00391731
39    0.00391909
40    0.00390673
41    0.0039125
42    0.00390642
43    0.00390496
44    0.00389184
45    0.00391476
46    0.00391622
47    0.00390408
48    0.00390121
49    0.00391184
50    0.00389126
51    0.00393992
52    0.00390663
53    0.00390192
54    0.00386943
55    0.00390852
56    0.00387654
57    0.00392549
58    0.003892
59    0.00389638
60    0.00393786
61    0.003923
62    0.00387918
63    0.00387513
64    0.00388479
65    0.00391085
66    0.00391927
67    0.00388901
68    0.00390166
69    0.00393089
70    0.00390715
71    0.0039166
72    0.00389488
73    0.00392451
74    0.00392379
75    0.00388934
76    0.00388508
77    0.00388936
78    0.00391445
79    0.00392157
80    0.00391251
81    0.00389953
82    0.00391352
83    0.00391545
84    0.00390496
85    0.00389343
86    0.00395061
87    0.00392528
88    0.00389764
89    0.0039036
90    0.00392552
91    0.00390302
92    0.00391057
93    0.00390401
94    0.00391295
95    0.00391356
96    0.00388801
97    0.00390305
98    0.00388357
99    0.00389556
100    0.00391972
101    0.00394609
102    0.00390143
103    0.00393233
104    0.00391611
105    0.00390005
106    0.00389967
107    0.00390537
108    0.00390007
109    0.00391488
110    0.00391226
111    0.00389062
112    0.00386508
113    0.00390393
114    0.00389114
115    0.00393582
116    0.0039132
117    0.00390324
118    0.00390558
119    0.00389087
120    0.00390865
121    0.00392703
122    0.00390829
123    0.00390933
124    0.00389178
125    0.0039265
126    0.00389869
127    0.00390008
128    0.00388365
129    0.00392087
130    0.00390783
131    0.00390789
132    0.00390783
133    0.0039026
134    0.00390547
135    0.00389264
136    0.00391593
137    0.00390977
138    0.00393627
139    0.00392519
140    0.00389994
141    0.00391005
142    0.00390337
143    0.00387715
144    0.00388343
145    0.00389597
146    0.0039303
147    0.00390016
148    0.00391099
149    0.00391483
150    0.00389088
151    0.00386397
152    0.00390596
153    0.00389864
154    0.00390568
155    0.00389387
156    0.00392142
157    0.0039085
158    0.00392415
159    0.0039052
160    0.00392923
161    0.00392035
162    0.00392804
163    0.00390283
164    0.00391369
165    0.00390078
166    0.0038742
167    0.00390595
168    0.00390226
169    0.00390484
170    0.00389353
171    0.00389121
172    0.00389093
173    0.00390282
174    0.00391511
175    0.00389442
176    0.00391465
177    0.00392322
178    0.00393448
179    0.00389748
180    0.00391892
181    0.00392133
182    0.00390562
183    0.00389655
184    0.00390374
185    0.00387606
186    0.00389854
187    0.00391079
188    0.00391068
189    0.00390062
190    0.00393328
191    0.00391023
192    0.00389323
193    0.00388972
194    0.00391714
195    0.003899
196    0.00392444
197    0.00391589
198    0.00395537
199    0.00388445
200    0.00391272
201    0.00391642
202    0.00388567
203    0.00389105
204    0.00390719
205    0.00389598
206    0.00392632
207    0.00392252
208    0.00390751
209    0.00390432
210    0.00390183
211    0.00389632
212    0.0039244
213    0.00388896
214    0.00389106
215    0.00389388
216    0.00392462
217    0.00390145
218    0.00392622
219    0.00392529
220    0.00391889
221    0.00390061
222    0.00388268
223    0.00390881
224    0.00394047
225    0.00389073
226    0.00389717
227    0.00392606
228    0.00386139
229    0.00391885
230    0.00394426
231    0.00390939
232    0.00388176
233    0.00392975
234    0.00390169
235    0.00390868
236    0.00390429
237    0.00392261
238    0.00390948
239    0.00392074
240    0.00390528
241    0.0039005
242    0.00391154
243    0.00390987
244    0.00390081
245    0.00390396
246    0.00391123
247    0.00394022
248    0.0038879
249    0.00388341
250    0.00393092
251    0.0038949
252    0.0038947
253    0.00390191
254    0.00391788
255    0.0039084
