0    0.0038987
1    0.00390254
2    0.00391869
3    0.00391454
4    0.00390454
5    0.00392984
6    0.00391485
7    0.00391939
8    0.00392127
9    0.00388854
10    0.00392015
11    0.00390922
12    0.00389196
13    0.0039228
14    0.00388796
15    0.00387974
16    0.00389949
17    0.00391394
18    0.00390771
19    0.00386025
20    0.0039026
21    0.0038739
22    0.00389473
23    0.00391668
24    0.00391325
25    0.00387985
26    0.00390343
27    0.00388821
28    0.00389913
29    0.00389584
30    0.00392029
31    0.00390955
32    0.00390221
33    0.00390288
34    0.00388882
35    0.00389441
36    0.00390662
37    0.00390106
38    0.00389929
39    0.00388165
40    0.00394338
41    0.00392425
42    0.00391409
43    0.00390085
44    0.00391606
45    0.00390147
46    0.00391418
47    0.00390441
48    0.00389008
49    0.00390258
50    0.00391505
51    0.00392067
52    0.00390281
53    0.00391077
54    0.00392307
55    0.00393373
56    0.00389504
57    0.00391556
58    0.00389403
59    0.00394037
60    0.00391465
61    0.00392119
62    0.00388123
63    0.00391616
64    0.00391098
65    0.00390921
66    0.00391238
67    0.00390027
68    0.00393398
69    0.00390367
70    0.00389586
71    0.00391034
72    0.00392062
73    0.00391481
74    0.00393203
75    0.00389184
76    0.00390241
77    0.00390648
78    0.00391679
79    0.00389157
80    0.00391729
81    0.00389818
82    0.00389867
83    0.00392939
84    0.00388617
85    0.00388971
86    0.00389263
87    0.00388977
88    0.00391431
89    0.00388388
90    0.00387903
91    0.00388747
92    0.00391149
93    0.00390961
94    0.00389074
95    0.00388708
96    0.00391888
97    0.00389924
98    0.00392022
99    0.00388087
100    0.00391425
101    0.0039222
102    0.00389968
103    0.00391682
104    0.00387618
105    0.00391982
106    0.00390258
107    0.00391966
108    0.00392322
109    0.00389099
110    0.00392139
111    0.00391096
112    0.00389072
113    0.00388053
114    0.00387842
115    0.00388894
116    0.003907
117    0.00392574
118    0.00391597
119    0.00392534
120    0.00390628
121    0.00391005
122    0.00391105
123    0.00389062
124    0.0039088
125    0.00391121
126    0.00390297
127    0.00388336
128    0.0039236
129    0.00390609
130    0.00390766
131    0.00391412
132    0.00391285
133    0.00389598
134    0.00391581
135    0.0038831
136    0.00388103
137    0.00391017
138    0.00391224
139    0.00388858
140    0.0038905
141    0.00389563
142    0.0039251
143    0.00393773
144    0.00388933
145    0.00389722
146    0.00389821
147    0.00390746
148    0.0039163
149    0.00388412
150    0.00390282
151    0.00390737
152    0.00393157
153    0.00390684
154    0.0039081
155    0.00389005
156    0.00389629
157    0.00392393
158    0.00390062
159    0.00388969
160    0.00390387
161    0.00390906
162    0.00391111
163    0.00390767
164    0.00390591
165    0.00388988
166    0.00391439
167    0.00391845
168    0.00391906
169    0.00389289
170    0.00392668
171    0.00390782
172    0.00391407
173    0.00390803
174    0.0039299
175    0.00393167
176    0.00390743
177    0.00391002
178    0.00388237
179    0.00387014
180    0.00390519
181    0.00390749
182    0.00390008
183    0.00390844
184    0.00391249
185    0.00390786
186    0.00393191
187    0.00391217
188    0.00390839
189    0.00391229
190    0.00392191
191    0.00391345
192    0.0038941
193    0.00390112
194    0.0038938
195    0.00392714
196    0.00391969
197    0.00391826
198    0.00391776
199    0.00393279
200    0.00390245
201    0.00392172
202    0.00391367
203    0.00389721
204    0.00393978
205    0.00390402
206    0.0039077
207    0.00389995
208    0.00390701
209    0.0039195
210    0.00391401
211    0.00395144
212    0.00387339
213    0.0038943
214    0.00393442
215    0.00389662
216    0.00389302
217    0.00392236
218    0.00390327
219    0.00386979
220    0.00388907
221    0.00392881
222    0.00390449
223    0.00389385
224    0.00390701
225    0.00390382
226    0.00390643
227    0.00390242
228    0.00389176
229    0.00390793
230    0.00391507
231    0.00389092
232    0.00388657
233    0.00392196
234    0.00391667
235    0.00389295
236    0.0038876
237    0.00390497
238    0.00389858
239    0.00392573
240    0.00392556
241    0.00391125
242    0.00392235
243    0.00391236
244    0.00391391
245    0.00390639
246    0.00387789
247    0.0039057
248    0.00389465
249    0.00392577
250    0.00390862
251    0.00388335
252    0.00389217
253    0.00391859
254    0.0039281
255    0.00390539
