0    0.00391502
1    0.00390631
2    0.00423735
3    0.00389458
4    0.00392522
5    0.00390712
6    0.00390702
7    0.00389937
8    0.00389172
9    0.00390331
10    0.00390549
11    0.00390586
12    0.0039008
13    0.00390722
14    0.00391944
15    0.00390482
16    0.00390333
17    0.00393275
18    0.00390084
19    0.00389392
20    0.00390042
21    0.00389343
22    0.00389418
23    0.00393371
24    0.00391008
25    0.00390406
26    0.00390662
27    0.00387825
28    0.00389489
29    0.00391183
30    0.00388979
31    0.00391803
32    0.00389852
33    0.00391451
34    0.00387351
35    0.00386608
36    0.00390266
37    0.00390993
38    0.00389296
39    0.00392462
40    0.00388754
41    0.00386854
42    0.00390322
43    0.00390808
44    0.00388855
45    0.00391674
46    0.0038886
47    0.0039072
48    0.00393448
49    0.00389071
50    0.00388809
51    0.00389144
52    0.00391409
53    0.00389072
54    0.0038987
55    0.00390913
56    0.00391293
57    0.00390643
58    0.00390997
59    0.0039101
60    0.00392546
61    0.00390445
62    0.00388319
63    0.00391556
64    0.00392134
65    0.00390248
66    0.00389
67    0.00390132
68    0.00390576
69    0.00387492
70    0.00388491
71    0.00390607
72    0.00391256
73    0.00387723
74    0.00391552
75    0.00391345
76    0.00390363
77    0.0039144
78    0.00392964
79    0.00390698
80    0.00392522
81    0.00391694
82    0.00389023
83    0.00386943
84    0.0039478
85    0.00392118
86    0.00392023
87    0.00391804
88    0.00391848
89    0.00390545
90    0.00392224
91    0.00391173
92    0.0038908
93    0.0038991
94    0.003874
95    0.00391461
96    0.00391952
97    0.0039205
98    0.00390047
99    0.00393249
100    0.00390155
101    0.00388554
102    0.00388431
103    0.00391055
104    0.00389156
105    0.00389455
106    0.00388645
107    0.00391463
108    0.00389192
109    0.00388565
110    0.00390161
111    0.00391608
112    0.00390399
113    0.00391515
114    0.00387842
115    0.00389092
116    0.00391514
117    0.00391191
118    0.00390226
119    0.00389986
120    0.00390934
121    0.00390711
122    0.00391398
123    0.00389035
124    0.00392647
125    0.00390566
126    0.00389139
127    0.00390042
128    0.00392485
129    0.00391232
130    0.0038959
131    0.00388939
132    0.00391737
133    0.00391838
134    0.00393285
135    0.00392792
136    0.00388574
137    0.00390248
138    0.00391818
139    0.00393389
140    0.00389104
141    0.00390443
142    0.00390629
143    0.0038997
144    0.00390711
145    0.00391539
146    0.00390074
147    0.00389102
148    0.00388212
149    0.00388736
150    0.00388499
151    0.00389602
152    0.00391347
153    0.003881
154    0.00392058
155    0.00389988
156    0.00388552
157    0.00390033
158    0.00390405
159    0.00388233
160    0.0038799
161    0.00391065
162    0.00393209
163    0.00391041
164    0.00390507
165    0.00389485
166    0.00391404
167    0.00391368
168    0.00388272
169    0.00391996
170    0.00388176
171    0.00392625
172    0.0039318
173    0.00390479
174    0.0038889
175    0.0038942
176    0.00389471
177    0.00388581
178    0.0038871
179    0.00389688
180    0.00392279
181    0.00391411
182    0.00393366
183    0.00388867
184    0.00390085
185    0.00389331
186    0.00391682
187    0.003886
188    0.00391538
189    0.00390168
190    0.00389995
191    0.00391974
192    0.00388788
193    0.00391949
194    0.00390999
195    0.00391364
196    0.00390211
197    0.00390773
198    0.00391578
199    0.003889
200    0.00391967
201    0.00390217
202    0.00387336
203    0.00390464
204    0.00388925
205    0.003894
206    0.00391355
207    0.00389455
208    0.0039007
209    0.00390246
210    0.00388477
211    0.0039061
212    0.00392209
213    0.00389652
214    0.00391078
215    0.00392093
216    0.00391589
217    0.0039097
218    0.00391324
219    0.00390778
220    0.00392304
221    0.00391265
222    0.00391849
223    0.00390908
224    0.00391599
225    0.0038759
226    0.00390916
227    0.0039151
228    0.00392035
229    0.00392053
230    0.00391204
231    0.00389264
232    0.0038825
233    0.00391059
234    0.00392595
235    0.00390973
236    0.00390087
237    0.00388463
238    0.00392909
239    0.00390802
240    0.00389375
241    0.00390758
242    0.00393614
243    0.00390957
244    0.00392124
245    0.00392351
246    0.00390154
247    0.00392696
248    0.00390399
249    0.00392412
250    0.00390265
251    0.00391192
252    0.00390036
253    0.00392426
254    0.00391363
255    0.00389456
