0    0.00392469
1    0.00388626
2    0.00388938
3    0.00386979
4    0.00393549
5    0.00390371
6    0.00390546
7    0.00390019
8    0.00390142
9    0.00392423
10    0.00388762
11    0.00388302
12    0.0039385
13    0.00391282
14    0.00391245
15    0.00388223
16    0.00389737
17    0.00389804
18    0.00394304
19    0.00390988
20    0.0039323
21    0.00391338
22    0.00389145
23    0.00388902
24    0.00389769
25    0.00390117
26    0.00392946
27    0.00390624
28    0.00388583
29    0.00392977
30    0.00388307
31    0.00392513
32    0.00392643
33    0.00386855
34    0.00390973
35    0.00390378
36    0.00391412
37    0.0038964
38    0.00388837
39    0.00391052
40    0.00392027
41    0.00393471
42    0.00389982
43    0.00390253
44    0.00393309
45    0.00388755
46    0.00390966
47    0.00388639
48    0.00390389
49    0.00390456
50    0.00391365
51    0.00389652
52    0.00389105
53    0.00389532
54    0.00391432
55    0.00390046
56    0.00392799
57    0.00387927
58    0.00388781
59    0.00390189
60    0.00389611
61    0.00391071
62    0.00390743
63    0.00390976
64    0.00390397
65    0.00391907
66    0.00389865
67    0.00390019
68    0.00393509
69    0.00390615
70    0.00389649
71    0.00390739
72    0.00392113
73    0.00389132
74    0.00389251
75    0.00390365
76    0.00388989
77    0.00389108
78    0.00391255
79    0.0039092
80    0.003929
81    0.00391477
82    0.00391438
83    0.00390867
84    0.00391803
85    0.0038811
86    0.00389524
87    0.00389057
88    0.00391264
89    0.00395001
90    0.00393506
91    0.00390464
92    0.00392807
93    0.00390827
94    0.00390726
95    0.00390647
96    0.0038932
97    0.00389347
98    0.00389834
99    0.00393489
100    0.00389018
101    0.003881
102    0.00388954
103    0.00390182
104    0.0039135
105    0.00390665
106    0.00389763
107    0.00391752
108    0.00389422
109    0.00391958
110    0.00391193
111    0.00393126
112    0.00390155
113    0.00389595
114    0.00388616
115    0.00392286
116    0.00389753
117    0.00389633
118    0.00389783
119    0.00390206
120    0.00389835
121    0.00388823
122    0.00390874
123    0.00389372
124    0.00390765
125    0.00390719
126    0.00390112
127    0.00389711
128    0.00390193
129    0.00386811
130    0.00389788
131    0.00388819
132    0.00389956
133    0.00391774
134    0.00395547
135    0.00391471
136    0.00391275
137    0.0039136
138    0.00389994
139    0.00392879
140    0.00388955
141    0.00391972
142    0.00389821
143    0.00393366
144    0.00392219
145    0.00388603
146    0.00392063
147    0.00389086
148    0.00389723
149    0.00387737
150    0.00390983
151    0.0039282
152    0.00392466
153    0.00387178
154    0.00390305
155    0.00392281
156    0.00389295
157    0.00390333
158    0.00390931
159    0.00391628
160    0.00389655
161    0.0039074
162    0.00390419
163    0.00390474
164    0.00390991
165    0.00389753
166    0.00387515
167    0.00391946
168    0.00389625
169    0.00390285
170    0.0039147
171    0.00388271
172    0.00390973
173    0.00390722
174    0.00394545
175    0.00390553
176    0.00389723
177    0.0039178
178    0.00390159
179    0.00390853
180    0.00390398
181    0.00391706
182    0.00390854
183    0.00391158
184    0.00392587
185    0.00392309
186    0.00392459
187    0.00392024
188    0.00390166
189    0.00390327
190    0.00387627
191    0.00388408
192    0.00389386
193    0.0038916
194    0.00393188
195    0.00392107
196    0.00388637
197    0.00392276
198    0.00390713
199    0.00391249
200    0.00390896
201    0.00392369
202    0.00387951
203    0.00390449
204    0.00391673
205    0.00391479
206    0.0039082
207    0.00387755
208    0.00389046
209    0.00388424
210    0.00391146
211    0.00390224
212    0.00390203
213    0.00391698
214    0.0038892
215    0.00392817
216    0.00391247
217    0.00390079
218    0.00391754
219    0.00390392
220    0.00390102
221    0.00387382
222    0.00387738
223    0.0039012
224    0.00392624
225    0.00392221
226    0.00391883
227    0.00391196
228    0.00390461
229    0.00392721
230    0.00391397
231    0.00391861
232    0.00390442
233    0.00393687
234    0.00389817
235    0.00391651
236    0.0039236
237    0.00388578
238    0.00391746
239    0.00391732
240    0.00390039
241    0.00390785
242    0.00392904
243    0.00389623
244    0.00390356
245    0.00388676
246    0.00390921
247    0.00390331
248    0.00392863
249    0.00390726
250    0.0038764
251    0.00393173
252    0.0039371
253    0.00391451
254    0.00389803
255    0.00390876
