0    0.003946
1    0.0039245
2    0.00393351
3    0.0038936
4    0.00391451
5    0.00389047
6    0.00389772
7    0.00387308
8    0.00388778
9    0.00390097
10    0.0038944
11    0.00390205
12    0.00389474
13    0.00393876
14    0.00392718
15    0.00391733
16    0.00391436
17    0.00390163
18    0.00391828
19    0.00392465
20    0.00394697
21    0.00392681
22    0.00390057
23    0.00388082
24    0.00390619
25    0.00391462
26    0.00390684
27    0.00392045
28    0.00390251
29    0.00391487
30    0.00389351
31    0.0039003
32    0.00389884
33    0.00391984
34    0.00389982
35    0.00392761
36    0.00393364
37    0.00387435
38    0.00390479
39    0.00391108
40    0.0039026
41    0.0038955
42    0.00390545
43    0.00391403
44    0.00390691
45    0.0038921
46    0.00387737
47    0.0038992
48    0.00388239
49    0.00389538
50    0.00390312
51    0.00389947
52    0.00393021
53    0.00390564
54    0.00391516
55    0.00389567
56    0.00387551
57    0.00390808
58    0.00390225
59    0.00387961
60    0.00390116
61    0.00389832
62    0.00391617
63    0.00388912
64    0.00388769
65    0.00390418
66    0.0038941
67    0.00391836
68    0.00392564
69    0.00390493
70    0.003915
71    0.00391243
72    0.00392809
73    0.00390717
74    0.00388038
75    0.00392631
76    0.00390899
77    0.00388914
78    0.00390619
79    0.00391047
80    0.00390263
81    0.00391386
82    0.00387966
83    0.00392947
84    0.00389281
85    0.00389507
86    0.00390856
87    0.0039159
88    0.00389113
89    0.00390917
90    0.00391736
91    0.00389636
92    0.00387143
93    0.00392438
94    0.00388941
95    0.00392171
96    0.00390562
97    0.00388172
98    0.0038818
99    0.00389506
100    0.00390457
101    0.00390311
102    0.00389516
103    0.00388977
104    0.00391325
105    0.00388989
106    0.00391103
107    0.00391229
108    0.00389901
109    0.00390346
110    0.0039301
111    0.00391492
112    0.00389807
113    0.00390117
114    0.00388532
115    0.00389428
116    0.00387513
117    0.00389261
118    0.00390675
119    0.00390041
120    0.0038973
121    0.00390883
122    0.00392456
123    0.00388612
124    0.0039144
125    0.00388151
126    0.00389874
127    0.00388104
128    0.00390386
129    0.00391744
130    0.00388446
131    0.00390817
132    0.00390847
133    0.00394433
134    0.00389028
135    0.00393036
136    0.0038718
137    0.00388003
138    0.00390891
139    0.00392344
140    0.00391873
141    0.0039195
142    0.00388026
143    0.00392854
144    0.00389012
145    0.00391239
146    0.00391859
147    0.00388543
148    0.00388435
149    0.00391521
150    0.00391346
151    0.00391552
152    0.00387735
153    0.00392258
154    0.00389562
155    0.00393908
156    0.00390361
157    0.00390237
158    0.00391796
159    0.00392922
160    0.00391617
161    0.00392977
162    0.00392796
163    0.00388872
164    0.00393033
165    0.00393
166    0.00390809
167    0.00391751
168    0.00392158
169    0.00389857
170    0.00392938
171    0.00389961
172    0.0038906
173    0.00392097
174    0.00390592
175    0.00390818
176    0.00393314
177    0.00390071
178    0.00390017
179    0.0039048
180    0.003907
181    0.00391107
182    0.00391736
183    0.00391521
184    0.00392321
185    0.00391296
186    0.00387542
187    0.00390625
188    0.00393094
189    0.00390828
190    0.00392096
191    0.00393239
192    0.00392209
193    0.00392039
194    0.00387256
195    0.00391525
196    0.00390584
197    0.0039043
198    0.00390397
199    0.00390952
200    0.00391456
201    0.00389343
202    0.00392311
203    0.00392761
204    0.00388297
205    0.00389966
206    0.00388808
207    0.00391153
208    0.00391693
209    0.00391399
210    0.00392113
211    0.00393
212    0.00388793
213    0.00389745
214    0.00391753
215    0.00389457
216    0.00389078
217    0.00391679
218    0.00390312
219    0.00390729
220    0.00390733
221    0.0039054
222    0.00390104
223    0.00391073
224    0.00390099
225    0.00391319
226    0.00392073
227    0.00389605
228    0.00387937
229    0.00391114
230    0.00391353
231    0.0038904
232    0.00391979
233    0.00391532
234    0.0038918
235    0.00389553
236    0.00390808
237    0.00389926
238    0.00389639
239    0.00391782
240    0.00390185
241    0.00389626
242    0.00391925
243    0.00392104
244    0.003895
245    0.00390092
246    0.00391497
247    0.00389566
248    0.00391577
249    0.003888
250    0.00392941
251    0.00390414
252    0.0039204
253    0.00391011
254    0.00390806
255    0.00390288
