0    0.0039271
1    0.00390402
2    0.00391291
3    0.00391324
4    0.00389278
5    0.00392794
6    0.00391954
7    0.0038809
8    0.00391284
9    0.00388175
10    0.00390437
11    0.00390706
12    0.00391844
13    0.00389773
14    0.00389659
15    0.0039061
16    0.0039202
17    0.00387509
18    0.0039296
19    0.00391704
20    0.00390271
21    0.00391343
22    0.0039075
23    0.00392167
24    0.00387833
25    0.00387857
26    0.00389951
27    0.00391106
28    0.00389387
29    0.00390936
30    0.00388901
31    0.00389827
32    0.00388576
33    0.00392881
34    0.00389649
35    0.00394362
36    0.00390606
37    0.00388334
38    0.00390595
39    0.00393422
40    0.00390045
41    0.00388434
42    0.00393936
43    0.00395163
44    0.00392614
45    0.00389895
46    0.00389765
47    0.00392107
48    0.00388523
49    0.00386673
50    0.00391345
51    0.00393341
52    0.00393369
53    0.00389196
54    0.00389654
55    0.00391444
56    0.00389251
57    0.00391187
58    0.00391637
59    0.00389269
60    0.0038918
61    0.00391583
62    0.00390602
63    0.00390305
64    0.00392178
65    0.00388745
66    0.00388237
67    0.00390836
68    0.00390371
69    0.00390969
70    0.00386991
71    0.00389365
72    0.00391727
73    0.00388217
74    0.00389033
75    0.00390095
76    0.00389079
77    0.00390332
78    0.00389064
79    0.00390425
80    0.00392943
81    0.00394637
82    0.00392057
83    0.00391836
84    0.00389321
85    0.00389576
86    0.00389922
87    0.0039303
88    0.00389537
89    0.00387914
90    0.00392546
91    0.00390487
92    0.00389891
93    0.00389219
94    0.00389397
95    0.00390392
96    0.0039387
97    0.00391448
98    0.00387988
99    0.0039182
100    0.00392124
101    0.0039083
102    0.00390747
103    0.00390142
104    0.00390504
105    0.00391684
106    0.00391757
107    0.00392197
108    0.00389299
109    0.00390252
110    0.00392264
111    0.00390532
112    0.00390774
113    0.00391312
114    0.00390362
115    0.00392028
116    0.00389101
117    0.00388257
118    0.00391754
119    0.00391974
120    0.00389611
121    0.00392281
122    0.00389027
123    0.00390418
124    0.00391122
125    0.00390214
126    0.00391345
127    0.00392019
128    0.00390961
129    0.00391527
130    0.00387464
131    0.00388738
132    0.00388913
133    0.00389443
134    0.00390784
135    0.00392007
136    0.00389996
137    0.00393091
138    0.00389688
139    0.00389447
140    0.0039027
141    0.00387389
142    0.0039028
143    0.00391659
144    0.00389775
145    0.00391492
146    0.00390687
147    0.00391618
148    0.00393504
149    0.00392319
150    0.00388228
151    0.00389652
152    0.00391057
153    0.00390627
154    0.00393966
155    0.00388671
156    0.00388945
157    0.00392016
158    0.00390661
159    0.00389954
160    0.00392782
161    0.00390581
162    0.0039222
163    0.0038971
164    0.00392382
165    0.0038944
166    0.00388074
167    0.00389257
168    0.00390066
169    0.00389667
170    0.00389597
171    0.00387351
172    0.00389874
173    0.003902
174    0.00389105
175    0.00390966
176    0.00391778
177    0.00393699
178    0.00392012
179    0.00389894
180    0.00387102
181    0.00394437
182    0.00391367
183    0.00388004
184    0.00390851
185    0.00393284
186    0.00393176
187    0.00391501
188    0.00391972
189    0.00391197
190    0.00391345
191    0.0039315
192    0.00388985
193    0.0038997
194    0.00390919
195    0.00389262
196    0.00391624
197    0.00390701
198    0.00389943
199    0.00389558
200    0.00389689
201    0.0039231
202    0.0039043
203    0.00389156
204    0.00386674
205    0.00389636
206    0.00390307
207    0.00392111
208    0.00388345
209    0.00393168
210    0.0039171
211    0.00388404
212    0.003926
213    0.00392126
214    0.00391242
215    0.00388235
216    0.0039281
217    0.00391354
218    0.00390827
219    0.00392202
220    0.00391233
221    0.00389116
222    0.00388178
223    0.00389238
224    0.00392867
225    0.0038917
226    0.00389812
227    0.0039031
228    0.00393705
229    0.00391495
230    0.00391149
231    0.00389931
232    0.0038842
233    0.00393934
234    0.00388682
235    0.00388067
236    0.00391466
237    0.00391744
238    0.00390067
239    0.00390567
240    0.00389569
241    0.00388197
242    0.00389267
243    0.00392274
244    0.00390379
245    0.00394136
246    0.00389912
247    0.00391801
248    0.0039099
249    0.00388778
250    0.00393817
251    0.00392606
252    0.00390937
253    0.00393014
254    0.003943
255    0.00386481
