0    0.00388871
1    0.00390521
2    0.00393025
3    0.00391053
4    0.00389447
5    0.00390903
6    0.00391086
7    0.00388951
8    0.00388986
9    0.0039187
10    0.00389229
11    0.00389541
12    0.00391766
13    0.003897
14    0.00388014
15    0.00394034
16    0.00390561
17    0.00391645
18    0.00388453
19    0.00391532
20    0.00390024
21    0.00388234
22    0.0039025
23    0.00390432
24    0.00390795
25    0.00390521
26    0.00389097
27    0.00392732
28    0.00389904
29    0.00390296
30    0.00390929
31    0.00392185
32    0.00392115
33    0.0039192
34    0.00389667
35    0.00388019
36    0.00390752
37    0.00390694
38    0.00389032
39    0.00391618
40    0.00389435
41    0.00390837
42    0.00393221
43    0.00391362
44    0.00391603
45    0.0039211
46    0.00390762
47    0.00393741
48    0.00392205
49    0.00391472
50    0.00389389
51    0.00386753
52    0.00389649
53    0.00390555
54    0.00390445
55    0.0038958
56    0.00391028
57    0.00388995
58    0.00390524
59    0.00391821
60    0.00392226
61    0.00386598
62    0.00392074
63    0.00391026
64    0.00391598
65    0.00392341
66    0.00392927
67    0.00392203
68    0.00394007
69    0.00387362
70    0.00388236
71    0.00391064
72    0.00393618
73    0.00388842
74    0.00392011
75    0.0039172
76    0.0038996
77    0.00388558
78    0.00393107
79    0.00392571
80    0.00389586
81    0.00392041
82    0.00390438
83    0.00392379
84    0.00393065
85    0.0039043
86    0.00392685
87    0.00390075
88    0.00388099
89    0.00392128
90    0.00390172
91    0.00390087
92    0.00388186
93    0.00388495
94    0.00387352
95    0.00392766
96    0.00392731
97    0.00391671
98    0.00391616
99    0.0038885
100    0.00391336
101    0.00390247
102    0.00391339
103    0.00389666
104    0.00393629
105    0.00389394
106    0.00391187
107    0.00391777
108    0.00392112
109    0.00390401
110    0.00390488
111    0.00390707
112    0.00391666
113    0.00390657
114    0.00389861
115    0.00394422
116    0.00390361
117    0.00389912
118    0.00391216
119    0.00389932
120    0.00388842
121    0.00390618
122    0.00391831
123    0.00387443
124    0.00388495
125    0.00388362
126    0.00390964
127    0.00390144
128    0.00389976
129    0.0039041
130    0.00391872
131    0.0038809
132    0.00391437
133    0.00391699
134    0.00394721
135    0.00390805
136    0.00390436
137    0.00388716
138    0.00390055
139    0.00390043
140    0.00390992
141    0.00391874
142    0.00389291
143    0.00388882
144    0.00387517
145    0.00390733
146    0.00390485
147    0.00389845
148    0.00389797
149    0.00389607
150    0.00393507
151    0.00391961
152    0.00391221
153    0.00391764
154    0.00391115
155    0.00392141
156    0.00388038
157    0.00391058
158    0.00389936
159    0.00388929
160    0.00393531
161    0.00389074
162    0.00390061
163    0.00393364
164    0.00388578
165    0.00389733
166    0.00390537
167    0.00389443
168    0.00390757
169    0.00389769
170    0.00390943
171    0.00389954
172    0.0039099
173    0.00392732
174    0.00389639
175    0.00392156
176    0.00389004
177    0.003901
178    0.00387001
179    0.00393695
180    0.00387016
181    0.00391265
182    0.00390358
183    0.00391505
184    0.00392378
185    0.00391965
186    0.00389992
187    0.00390949
188    0.00392221
189    0.00390751
190    0.00389484
191    0.00391781
192    0.00389264
193    0.00389482
194    0.00391376
195    0.00391501
196    0.00391927
197    0.00391614
198    0.00390444
199    0.00391159
200    0.00393265
201    0.00390659
202    0.00390826
203    0.00391558
204    0.00392165
205    0.00392148
206    0.00391872
207    0.00387733
208    0.00390806
209    0.00391165
210    0.00389663
211    0.00389975
212    0.00391801
213    0.00388199
214    0.00389758
215    0.00391719
216    0.00388261
217    0.00390836
218    0.00390021
219    0.00392235
220    0.00390841
221    0.00393055
222    0.00389501
223    0.00393856
224    0.00388416
225    0.00388283
226    0.00389641
227    0.00388492
228    0.00388386
229    0.00388744
230    0.00391804
231    0.00388841
232    0.00390945
233    0.0038855
234    0.00390278
235    0.00391141
236    0.00387682
237    0.0039058
238    0.00390355
239    0.00389715
240    0.00389957
241    0.00391224
242    0.00390938
243    0.00389526
244    0.00392221
245    0.00388624
246    0.00391226
247    0.00392546
248    0.0039162
249    0.00391534
250    0.00388971
251    0.00389425
252    0.00392231
253    0.00391843
254    0.00392414
255    0.00391685
