0    0.0039234
1    0.00391037
2    0.0038781
3    0.00391839
4    0.00390348
5    0.00389641
6    0.00389636
7    0.00389895
8    0.00390211
9    0.00390639
10    0.00389428
11    0.00389891
12    0.0039022
13    0.0038862
14    0.00389391
15    0.00387085
16    0.00390567
17    0.00390725
18    0.00389925
19    0.00390646
20    0.00389679
21    0.00391094
22    0.00391815
23    0.00388377
24    0.0039183
25    0.00391515
26    0.00391841
27    0.00390335
28    0.00387853
29    0.00389063
30    0.00388208
31    0.00390672
32    0.00390077
33    0.00388775
34    0.00388666
35    0.00391917
36    0.0039024
37    0.0039131
38    0.00388257
39    0.00389029
40    0.00391347
41    0.00388447
42    0.00390801
43    0.00390672
44    0.0038526
45    0.00387435
46    0.00391328
47    0.00388344
48    0.00389991
49    0.00393778
50    0.00390774
51    0.00390945
52    0.00392511
53    0.00388044
54    0.00390479
55    0.00390054
56    0.00392799
57    0.00387329
58    0.00389514
59    0.00387177
60    0.0039153
61    0.00392103
62    0.00390837
63    0.00389441
64    0.00391726
65    0.0038956
66    0.00392534
67    0.00390634
68    0.00390146
69    0.00391802
70    0.00389988
71    0.00392083
72    0.00390447
73    0.00391782
74    0.00391448
75    0.00391607
76    0.0038902
77    0.00386741
78    0.00390279
79    0.00391811
80    0.0039108
81    0.00393321
82    0.00388712
83    0.00388122
84    0.00392708
85    0.00388606
86    0.00390229
87    0.00390626
88    0.0039154
89    0.00388059
90    0.0038942
91    0.00390074
92    0.00391362
93    0.00394337
94    0.00391021
95    0.00393295
96    0.00392407
97    0.0038871
98    0.00386965
99    0.0039113
100    0.00387463
101    0.00390628
102    0.00391884
103    0.00392018
104    0.00390485
105    0.00391247
106    0.00390435
107    0.00390999
108    0.00391426
109    0.00391928
110    0.00390562
111    0.00389924
112    0.00390716
113    0.00390237
114    0.00390448
115    0.00391166
116    0.00392327
117    0.00390395
118    0.00389673
119    0.0039093
120    0.00391667
121    0.00388866
122    0.00390286
123    0.00389514
124    0.00390367
125    0.00392631
126    0.00391395
127    0.00391454
128    0.0039161
129    0.00389011
130    0.00393819
131    0.00391183
132    0.00393423
133    0.00392621
134    0.00390809
135    0.00391837
136    0.0039035
137    0.00392804
138    0.0039202
139    0.00390885
140    0.00390322
141    0.00390179
142    0.00390445
143    0.00389986
144    0.00389856
145    0.00390363
146    0.00391924
147    0.00388713
148    0.00392385
149    0.00392939
150    0.00389444
151    0.00392692
152    0.00392704
153    0.00391769
154    0.00390935
155    0.00392204
156    0.00390734
157    0.00391866
158    0.00393011
159    0.00389069
160    0.00390267
161    0.00392165
162    0.00390889
163    0.00391369
164    0.00391203
165    0.0039171
166    0.00392117
167    0.00390386
168    0.00391561
169    0.00390625
170    0.00391446
171    0.00387937
172    0.0039148
173    0.0039047
174    0.00389964
175    0.00390035
176    0.00388573
177    0.00388268
178    0.00385585
179    0.00392434
180    0.00389646
181    0.00390323
182    0.00388934
183    0.00390475
184    0.00391496
185    0.00388695
186    0.00389534
187    0.00387952
188    0.00389768
189    0.00391699
190    0.00390386
191    0.00390805
192    0.00388826
193    0.00391795
194    0.00389839
195    0.00391571
196    0.00389607
197    0.00390738
198    0.00387451
199    0.0039022
200    0.00391665
201    0.00391982
202    0.00389528
203    0.0038988
204    0.0039098
205    0.00387888
206    0.00390651
207    0.00391755
208    0.00389225
209    0.00388121
210    0.00389626
211    0.00389924
212    0.00392644
213    0.00390016
214    0.00391215
215    0.00391233
216    0.00390581
217    0.00391505
218    0.00392437
219    0.00390313
220    0.00393046
221    0.0039179
222    0.0039067
223    0.00390537
224    0.00391225
225    0.00392684
226    0.003922
227    0.00391496
228    0.0039123
229    0.00392285
230    0.00391186
231    0.00390757
232    0.00389676
233    0.00392468
234    0.00391688
235    0.00389509
236    0.00391057
237    0.00391209
238    0.00387921
239    0.00392094
240    0.00390193
241    0.00392099
242    0.00393382
243    0.00390364
244    0.0039401
245    0.00391067
246    0.0039012
247    0.00390077
248    0.00393056
249    0.00391876
250    0.00392051
251    0.00392347
252    0.00393382
253    0.00392772
254    0.00390479
255    0.00390882
