0    0.00396288
1    0.00391632
2    0.003897
3    0.00389936
4    0.00389577
5    0.00388901
6    0.00391179
7    0.0038811
8    0.00391775
9    0.00389924
10    0.00389794
11    0.00390862
12    0.00387635
13    0.00390824
14    0.00389556
15    0.00392129
16    0.00390196
17    0.00394186
18    0.00393231
19    0.00389671
20    0.0038689
21    0.00389599
22    0.00388977
23    0.00389648
24    0.00388968
25    0.00390102
26    0.00391583
27    0.0039027
28    0.00392657
29    0.00391387
30    0.0039098
31    0.00389791
32    0.00392192
33    0.00388883
34    0.00388607
35    0.00391875
36    0.00392077
37    0.00390751
38    0.00388059
39    0.00389433
40    0.003893
41    0.0038825
42    0.00390833
43    0.00389937
44    0.00390053
45    0.00391284
46    0.00390767
47    0.00389521
48    0.00392317
49    0.00389571
50    0.00388409
51    0.00390279
52    0.00387633
53    0.00390528
54    0.00389165
55    0.00390527
56    0.00391546
57    0.00389515
58    0.00390804
59    0.00390124
60    0.00388043
61    0.00390462
62    0.00390564
63    0.00389536
64    0.00388365
65    0.00392051
66    0.00390694
67    0.00390714
68    0.00390541
69    0.00389649
70    0.0039057
71    0.00388061
72    0.00392408
73    0.00388843
74    0.00391427
75    0.0038977
76    0.00391352
77    0.00387152
78    0.00389194
79    0.00389489
80    0.00392496
81    0.00392728
82    0.00388908
83    0.00391662
84    0.00392009
85    0.0038975
86    0.00389345
87    0.00392655
88    0.00390554
89    0.00389351
90    0.00388748
91    0.00391054
92    0.00390965
93    0.00392385
94    0.00389741
95    0.00391709
96    0.00393298
97    0.00391278
98    0.00390981
99    0.00389032
100    0.00390563
101    0.00390891
102    0.00389713
103    0.00388565
104    0.00391242
105    0.0038795
106    0.00392558
107    0.00390537
108    0.00390914
109    0.0039101
110    0.00391454
111    0.00390002
112    0.0039246
113    0.00392173
114    0.00389979
115    0.00391778
116    0.00392996
117    0.00389002
118    0.00391473
119    0.00388778
120    0.00389729
121    0.0039294
122    0.00391692
123    0.00390453
124    0.00395542
125    0.00389926
126    0.00387636
127    0.00391182
128    0.00390986
129    0.00389612
130    0.00390822
131    0.00390424
132    0.00390292
133    0.00393228
134    0.0038537
135    0.00389519
136    0.00390739
137    0.00389046
138    0.00387657
139    0.00392094
140    0.00390714
141    0.00389881
142    0.00391983
143    0.00390157
144    0.00390274
145    0.00390003
146    0.00393324
147    0.0039093
148    0.00389403
149    0.0039208
150    0.00386954
151    0.00390302
152    0.0038891
153    0.00393667
154    0.00391957
155    0.00390671
156    0.00392296
157    0.00394251
158    0.00391664
159    0.00394513
160    0.00390455
161    0.00388373
162    0.00390821
163    0.00390646
164    0.00392539
165    0.00389471
166    0.00393895
167    0.00394531
168    0.00387742
169    0.00391329
170    0.00390598
171    0.00392001
172    0.00388245
173    0.00393155
174    0.00388066
175    0.00390592
176    0.00388247
177    0.00388986
178    0.00388842
179    0.003899
180    0.00390127
181    0.00391167
182    0.00389585
183    0.00390296
184    0.00390231
185    0.00391902
186    0.00390716
187    0.0038849
188    0.0039166
189    0.00390414
190    0.00392393
191    0.00391482
192    0.00391837
193    0.00389857
194    0.00391338
195    0.00394147
196    0.00389964
197    0.00390241
198    0.00389125
199    0.00390865
200    0.0039018
201    0.00389596
202    0.00389952
203    0.00391656
204    0.00393207
205    0.00390488
206    0.003908
207    0.00392511
208    0.00388747
209    0.00392676
210    0.00388596
211    0.00390499
212    0.00391741
213    0.00392032
214    0.00390851
215    0.00390366
216    0.00388456
217    0.0038863
218    0.00391378
219    0.00391302
220    0.0039008
221    0.00388348
222    0.00392552
223    0.0039223
224    0.00391565
225    0.00393047
226    0.00391096
227    0.00388697
228    0.00389513
229    0.00390476
230    0.00391032
231    0.00391515
232    0.00391573
233    0.00390181
234    0.00391579
235    0.00390163
236    0.00394242
237    0.00391778
238    0.00388795
239    0.00390901
240    0.00392119
241    0.00392674
242    0.00390616
243    0.00392872
244    0.00390504
245    0.00389729
246    0.00392705
247    0.00391076
248    0.00391496
249    0.00391489
250    0.00392147
251    0.00387724
252    0.00390228
253    0.0039064
254    0.00389881
255    0.00394208
