0    0.00395503
1    0.00390736
2    0.00393858
3    0.00389444
4    0.00390158
5    0.00391748
6    0.00390087
7    0.00388693
8    0.00392949
9    0.00391053
10    0.00387479
11    0.00393942
12    0.00390509
13    0.00392664
14    0.00391123
15    0.0038867
16    0.00394226
17    0.00389643
18    0.003921
19    0.00389742
20    0.00392426
21    0.00392034
22    0.00390561
23    0.00392142
24    0.00387663
25    0.00388902
26    0.00389938
27    0.00390677
28    0.00390276
29    0.00389269
30    0.00389635
31    0.00390673
32    0.00390378
33    0.00392718
34    0.00389326
35    0.00388607
36    0.00390122
37    0.00388719
38    0.00388165
39    0.00391668
40    0.0038968
41    0.00389675
42    0.00390482
43    0.00391459
44    0.0039054
45    0.00389906
46    0.00392746
47    0.00391754
48    0.00390734
49    0.00392626
50    0.00389466
51    0.00388789
52    0.00393054
53    0.00390088
54    0.0039076
55    0.00390784
56    0.00390648
57    0.0038812
58    0.00391256
59    0.00390106
60    0.00390218
61    0.00389547
62    0.00389734
63    0.00388139
64    0.00389536
65    0.00389596
66    0.00391225
67    0.00389859
68    0.00391374
69    0.00389214
70    0.00391386
71    0.00387427
72    0.00391011
73    0.00389233
74    0.00390322
75    0.00391545
76    0.00388796
77    0.00391439
78    0.00390015
79    0.0038892
80    0.00391
81    0.0038929
82    0.00388258
83    0.00389987
84    0.00391766
85    0.00390855
86    0.00389372
87    0.00391029
88    0.0038841
89    0.003904
90    0.0039269
91    0.00391684
92    0.00389132
93    0.00391874
94    0.00387918
95    0.0038993
96    0.00387939
97    0.00392428
98    0.00390949
99    0.00390514
100    0.00390326
101    0.00391311
102    0.00391926
103    0.00388617
104    0.00391305
105    0.00389969
106    0.0038793
107    0.00388773
108    0.00392213
109    0.00391964
110    0.00389811
111    0.00390673
112    0.00389765
113    0.00391336
114    0.00388103
115    0.00391456
116    0.0039092
117    0.00391775
118    0.0039038
119    0.00388808
120    0.00389452
121    0.003898
122    0.00395676
123    0.00390122
124    0.0038968
125    0.00385446
126    0.00388983
127    0.00391397
128    0.00393704
129    0.00390808
130    0.00389368
131    0.0039104
132    0.00391368
133    0.00389859
134    0.00390304
135    0.00391126
136    0.00388425
137    0.00392973
138    0.00390417
139    0.00391282
140    0.00389844
141    0.00393951
142    0.0038976
143    0.00393119
144    0.00390314
145    0.00388658
146    0.00391908
147    0.00390544
148    0.00389528
149    0.00391493
150    0.00391133
151    0.00390392
152    0.00392194
153    0.00390906
154    0.00388593
155    0.00392324
156    0.00391154
157    0.00391135
158    0.00392786
159    0.00387321
160    0.00391888
161    0.00387887
162    0.0039115
163    0.00391173
164    0.0039152
165    0.00389871
166    0.00387529
167    0.00390804
168    0.00391317
169    0.00393183
170    0.00390443
171    0.00389098
172    0.00392953
173    0.00389886
174    0.00391231
175    0.00390542
176    0.00390961
177    0.00391244
178    0.0038673
179    0.00391536
180    0.00391028
181    0.00391538
182    0.00392915
183    0.0039198
184    0.00393516
185    0.00389895
186    0.00390169
187    0.00392309
188    0.00392426
189    0.0039286
190    0.00385611
191    0.0038884
192    0.00391492
193    0.0039443
194    0.0039057
195    0.00391272
196    0.00388102
197    0.00388605
198    0.00389274
199    0.0038858
200    0.00389403
201    0.00392056
202    0.00393673
203    0.00389247
204    0.00392327
205    0.00388764
206    0.00390887
207    0.00389667
208    0.00391813
209    0.00390091
210    0.00390332
211    0.00390812
212    0.00388617
213    0.00392075
214    0.00391933
215    0.00392056
216    0.00391423
217    0.00391878
218    0.00390547
219    0.00390488
220    0.00387501
221    0.00390728
222    0.00388907
223    0.00389524
224    0.00388942
225    0.00393735
226    0.00392129
227    0.00392418
228    0.00390893
229    0.00388329
230    0.00390035
231    0.00391596
232    0.00393914
233    0.00393838
234    0.0039277
235    0.00390307
236    0.00389186
237    0.00390431
238    0.00390994
239    0.00386725
240    0.00393017
241    0.00387972
242    0.00392271
243    0.00390542
244    0.00390851
245    0.00393945
246    0.00390352
247    0.00392684
248    0.00391607
249    0.0039242
250    0.00390132
251    0.00390249
252    0.00389596
253    0.0039117
254    0.00393605
255    0.00391726
