0    0.00392718
1    0.00392746
2    0.00389888
3    0.00387717
4    0.00390155
5    0.00388537
6    0.00390734
7    0.00392182
8    0.00388773
9    0.00389869
10    0.00390062
11    0.00390882
12    0.00389612
13    0.00389982
14    0.00392219
15    0.00390025
16    0.00387743
17    0.00387966
18    0.00390948
19    0.00393467
20    0.00388969
21    0.0039083
22    0.00389403
23    0.0038914
24    0.00390902
25    0.00390255
26    0.00387715
27    0.00392371
28    0.00390147
29    0.00390407
30    0.00391938
31    0.00392666
32    0.00392953
33    0.00389111
34    0.00390445
35    0.00389377
36    0.00393605
37    0.00390323
38    0.0039081
39    0.00389811
40    0.00391721
41    0.00390526
42    0.00392521
43    0.00391056
44    0.00388309
45    0.00390938
46    0.0038917
47    0.00389547
48    0.00390506
49    0.00389404
50    0.00388701
51    0.00391271
52    0.00390436
53    0.00390266
54    0.00391946
55    0.00390984
56    0.00387048
57    0.00390341
58    0.00387387
59    0.00391437
60    0.00391312
61    0.00390744
62    0.00389819
63    0.00393932
64    0.00389862
65    0.0039043
66    0.00391262
67    0.00390926
68    0.00389976
69    0.00392347
70    0.00390973
71    0.00388591
72    0.00390699
73    0.0039083
74    0.0039011
75    0.00390569
76    0.00391121
77    0.0039024
78    0.00390566
79    0.00389411
80    0.00389865
81    0.00386843
82    0.00390377
83    0.00393276
84    0.00391595
85    0.00392538
86    0.00388678
87    0.00389288
88    0.00392046
89    0.00392773
90    0.0038954
91    0.00389514
92    0.00387222
93    0.00388552
94    0.00390175
95    0.00389877
96    0.00390343
97    0.00393048
98    0.00390879
99    0.00392366
100    0.00392015
101    0.0039216
102    0.0038892
103    0.00389713
104    0.00389274
105    0.00389012
106    0.00391436
107    0.00390058
108    0.00391247
109    0.00391169
110    0.00392727
111    0.00393314
112    0.00391691
113    0.00390081
114    0.00391376
115    0.00388977
116    0.00389917
117    0.00391539
118    0.00390801
119    0.00391098
120    0.00388639
121    0.00391764
122    0.00391046
123    0.00389537
124    0.00387979
125    0.00389791
126    0.00392298
127    0.0039181
128    0.00389387
129    0.00391127
130    0.00390732
131    0.00388102
132    0.00391613
133    0.00389876
134    0.00389621
135    0.00390118
136    0.00391049
137    0.00388749
138    0.00393509
139    0.00388771
140    0.00390514
141    0.00390464
142    0.00390633
143    0.00389794
144    0.00391127
145    0.00389236
146    0.00388987
147    0.00390046
148    0.003907
149    0.0039307
150    0.00390677
151    0.00387745
152    0.00392756
153    0.0038948
154    0.00392897
155    0.00390922
156    0.00391222
157    0.00390598
158    0.00389476
159    0.00389701
160    0.0039058
161    0.00389501
162    0.00391886
163    0.00390909
164    0.00391304
165    0.00391501
166    0.00392312
167    0.00391447
168    0.00388335
169    0.00392181
170    0.00390423
171    0.0039134
172    0.00390605
173    0.00390551
174    0.00392317
175    0.00388676
176    0.00388304
177    0.00390792
178    0.00389446
179    0.00392188
180    0.00389318
181    0.00392855
182    0.00391158
183    0.0039137
184    0.00390146
185    0.00390062
186    0.00391722
187    0.00392132
188    0.00394884
189    0.00393277
190    0.00389807
191    0.00390074
192    0.00390073
193    0.00388976
194    0.00392491
195    0.00391117
196    0.00390732
197    0.00386361
198    0.00390625
199    0.00393762
200    0.00390031
201    0.00388455
202    0.00391687
203    0.00392806
204    0.00391721
205    0.00392011
206    0.00391251
207    0.00393276
208    0.00387271
209    0.00390338
210    0.00387983
211    0.00387713
212    0.00390549
213    0.00389723
214    0.0039015
215    0.00393242
216    0.00393422
217    0.00390248
218    0.00390826
219    0.00390582
220    0.00389178
221    0.00392278
222    0.00389345
223    0.00391355
224    0.00391593
225    0.00389366
226    0.00390828
227    0.00389728
228    0.00393498
229    0.00391872
230    0.00391155
231    0.00390687
232    0.00389439
233    0.00390651
234    0.00390708
235    0.00387853
236    0.00389051
237    0.00394139
238    0.00391209
239    0.0039291
240    0.00390731
241    0.00389747
242    0.0038996
243    0.00393989
244    0.00388873
245    0.00392034
246    0.00389962
247    0.00393367
248    0.00391712
249    0.00392321
250    0.00389664
251    0.00390388
252    0.00392611
253    0.00389081
254    0.00393262
255    0.00391113
