0    0.00394038
1    0.0039139
2    0.00391326
3    0.00389277
4    0.00390609
5    0.00390898
6    0.0039172
7    0.00392042
8    0.00388668
9    0.00391574
10    0.00391206
11    0.00388978
12    0.00390062
13    0.00392548
14    0.00390455
15    0.00391348
16    0.00391883
17    0.00389905
18    0.00391319
19    0.00392153
20    0.00389476
21    0.00387911
22    0.0039055
23    0.00392015
24    0.00389975
25    0.00390014
26    0.00387833
27    0.00390501
28    0.00390236
29    0.00390835
30    0.00392414
31    0.00392033
32    0.00392162
33    0.00390089
34    0.00391704
35    0.00390501
36    0.00390684
37    0.00389954
38    0.00392133
39    0.00393735
40    0.00387192
41    0.00388099
42    0.00390802
43    0.00390496
44    0.00392874
45    0.00387703
46    0.00392352
47    0.00388805
48    0.00388147
49    0.00390313
50    0.00390629
51    0.00389957
52    0.00391357
53    0.0039235
54    0.00389276
55    0.00392763
56    0.00388658
57    0.00386297
58    0.00391402
59    0.00390116
60    0.0038987
61    0.00391834
62    0.00392293
63    0.00390537
64    0.00388886
65    0.00389231
66    0.00392963
67    0.00389905
68    0.0039145
69    0.00390669
70    0.00391775
71    0.00392221
72    0.00387676
73    0.00392289
74    0.0039067
75    0.00392147
76    0.00390327
77    0.00390262
78    0.00391249
79    0.00389754
80    0.00389757
81    0.00386908
82    0.00389436
83    0.00390549
84    0.00392861
85    0.00390011
86    0.00391332
87    0.00390624
88    0.00391165
89    0.0039097
90    0.00389964
91    0.00389371
92    0.00388126
93    0.00390686
94    0.00391435
95    0.00391479
96    0.00390849
97    0.00391337
98    0.0039052
99    0.00390212
100    0.00388693
101    0.00387042
102    0.00392029
103    0.00388545
104    0.0039005
105    0.00387993
106    0.00391869
107    0.00391171
108    0.0039033
109    0.00391834
110    0.00391092
111    0.00391165
112    0.0038897
113    0.00392697
114    0.00389896
115    0.00392526
116    0.00392887
117    0.00390008
118    0.00389026
119    0.00392012
120    0.00391134
121    0.00390404
122    0.00391056
123    0.00390956
124    0.00391633
125    0.00390692
126    0.00387063
127    0.00388654
128    0.00388456
129    0.00391185
130    0.00388451
131    0.0039178
132    0.00391033
133    0.00388344
134    0.00391204
135    0.00389683
136    0.00393243
137    0.00392022
138    0.00389395
139    0.00388878
140    0.00392724
141    0.00389367
142    0.00392617
143    0.00393613
144    0.0038862
145    0.00387837
146    0.00390211
147    0.00392847
148    0.0039114
149    0.00386082
150    0.00387956
151    0.00390915
152    0.00391393
153    0.00390112
154    0.00392332
155    0.00391486
156    0.00391531
157    0.00395116
158    0.00394691
159    0.0039165
160    0.00392798
161    0.00386519
162    0.00391641
163    0.00390265
164    0.00390311
165    0.00388085
166    0.00391535
167    0.00392248
168    0.00390343
169    0.00390656
170    0.00390907
171    0.00390525
172    0.00389725
173    0.00391033
174    0.00389333
175    0.00391163
176    0.00391514
177    0.00392223
178    0.0038998
179    0.00390329
180    0.00389586
181    0.00388294
182    0.00388644
183    0.00386475
184    0.0039239
185    0.00391522
186    0.00390139
187    0.00392655
188    0.00394392
189    0.00388167
190    0.00391608
191    0.00392479
192    0.00391638
193    0.00389178
194    0.00392245
195    0.00386217
196    0.00388998
197    0.00389213
198    0.00390253
199    0.00389704
200    0.00391315
201    0.00390642
202    0.00389508
203    0.00390145
204    0.00391249
205    0.00394515
206    0.00394621
207    0.00389557
208    0.0039074
209    0.003916
210    0.00390132
211    0.00389538
212    0.00392126
213    0.00387676
214    0.00391217
215    0.00388729
216    0.00392223
217    0.00392694
218    0.00388616
219    0.00391505
220    0.00392272
221    0.00389351
222    0.00390069
223    0.00391125
224    0.00391712
225    0.00390982
226    0.00394466
227    0.00391937
228    0.00392466
229    0.00392552
230    0.00390753
231    0.00390483
232    0.00391101
233    0.00391889
234    0.00391098
235    0.0039017
236    0.00390961
237    0.00388984
238    0.00388872
239    0.00390001
240    0.00390922
241    0.00391288
242    0.00390875
243    0.0039009
244    0.00388963
245    0.00390632
246    0.00388373
247    0.00388872
248    0.00393269
249    0.00391777
250    0.00391455
251    0.00392365
252    0.00389773
253    0.00388345
254    0.00391153
255    0.00390641
