0    0.00390282
1    0.00387591
2    0.00390262
3    0.00388243
4    0.00392707
5    0.00390875
6    0.00391641
7    0.00391736
8    0.00389341
9    0.00391493
10    0.00390308
11    0.0039011
12    0.00391382
13    0.00392033
14    0.00391142
15    0.00389574
16    0.00389075
17    0.0038998
18    0.00390134
19    0.0039232
20    0.00388789
21    0.00390282
22    0.00390501
23    0.00391263
24    0.00392562
25    0.00390746
26    0.003943
27    0.00391681
28    0.00390023
29    0.0038965
30    0.00388499
31    0.00394675
32    0.00386801
33    0.00389878
34    0.00392569
35    0.00391279
36    0.00390245
37    0.00390355
38    0.00391033
39    0.00391666
40    0.00392979
41    0.00386945
42    0.00389763
43    0.00388362
44    0.00391812
45    0.00389424
46    0.00387027
47    0.00389837
48    0.0039245
49    0.00387561
50    0.00393441
51    0.00390179
52    0.00390925
53    0.00391316
54    0.0038946
55    0.00392168
56    0.0038661
57    0.00389212
58    0.00389369
59    0.00392789
60    0.00389993
61    0.00388741
62    0.00391751
63    0.0038897
64    0.00388434
65    0.00393426
66    0.00388237
67    0.00387288
68    0.003917
69    0.00389657
70    0.0039005
71    0.00391965
72    0.00389118
73    0.0038828
74    0.0039199
75    0.00391352
76    0.00391634
77    0.00389795
78    0.00390768
79    0.00393102
80    0.00391049
81    0.00389874
82    0.00391836
83    0.00393292
84    0.00392583
85    0.00389655
86    0.00390402
87    0.00391645
88    0.00388372
89    0.00389874
90    0.00392997
91    0.00389304
92    0.00394176
93    0.00389138
94    0.00390543
95    0.00388724
96    0.00387717
97    0.00388997
98    0.00389059
99    0.00389645
100    0.00392149
101    0.0038937
102    0.00390964
103    0.00390908
104    0.00387607
105    0.00390096
106    0.00391372
107    0.00387911
108    0.00390642
109    0.00392499
110    0.0038913
111    0.00389505
112    0.00390827
113    0.00393579
114    0.00390891
115    0.00388047
116    0.00391193
117    0.00390018
118    0.00392297
119    0.00389796
120    0.0038975
121    0.00388119
122    0.00391558
123    0.00387655
124    0.00391579
125    0.00391658
126    0.0039126
127    0.00390071
128    0.00388251
129    0.00392133
130    0.00389129
131    0.00391478
132    0.00391293
133    0.00387529
134    0.00394327
135    0.00393036
136    0.00390247
137    0.00391456
138    0.00390328
139    0.0039013
140    0.00393018
141    0.00395524
142    0.0039125
143    0.0038938
144    0.00390246
145    0.00387995
146    0.00393271
147    0.00391654
148    0.00389812
149    0.00392627
150    0.00389241
151    0.00391387
152    0.00391325
153    0.0038979
154    0.00392952
155    0.00391664
156    0.00390163
157    0.00388247
158    0.00390541
159    0.00392442
160    0.00391872
161    0.0039154
162    0.00389234
163    0.00389814
164    0.00388171
165    0.00390298
166    0.00389364
167    0.00392863
168    0.00393141
169    0.00389969
170    0.00387059
171    0.00391717
172    0.00389356
173    0.00391733
174    0.00390619
175    0.0039159
176    0.00389507
177    0.00390896
178    0.00390685
179    0.00389067
180    0.00389466
181    0.0038969
182    0.00390861
183    0.00393526
184    0.0038893
185    0.00391184
186    0.00389746
187    0.00388751
188    0.00392381
189    0.00388953
190    0.00390392
191    0.00392252
192    0.00391744
193    0.003901
194    0.00390984
195    0.00387789
196    0.00386288
197    0.00392316
198    0.00391816
199    0.00390494
200    0.00391347
201    0.00391424
202    0.00389189
203    0.00392174
204    0.00391462
205    0.00388071
206    0.00391155
207    0.00391127
208    0.0039172
209    0.00388447
210    0.00392079
211    0.00388842
212    0.00391491
213    0.00392832
214    0.00390342
215    0.00391563
216    0.00391679
217    0.00389804
218    0.00392577
219    0.00391394
220    0.0039495
221    0.00392406
222    0.00390802
223    0.00388415
224    0.00392264
225    0.00392812
226    0.00391988
227    0.00388462
228    0.00394526
229    0.00392273
230    0.00391927
231    0.0038937
232    0.00389743
233    0.00393385
234    0.00392241
235    0.00390594
236    0.00389842
237    0.00393047
238    0.00391106
239    0.0038874
240    0.00390546
241    0.00391594
242    0.00388706
243    0.00391058
244    0.00390642
245    0.00389363
246    0.00391143
247    0.00390126
248    0.00390237
249    0.00392585
250    0.00389187
251    0.00391123
252    0.00389572
253    0.00392089
254    0.00392199
255    0.00389957
