0    0.00393968
1    0.00390214
2    0.00391575
3    0.00389789
4    0.00390401
5    0.0038952
6    0.00389755
7    0.00389484
8    0.00390418
9    0.00388717
10    0.0039068
11    0.00386423
12    0.00390292
13    0.00390755
14    0.00390462
15    0.00388149
16    0.00390852
17    0.00388871
18    0.00391756
19    0.00389987
20    0.00391729
21    0.00390624
22    0.00391985
23    0.00390084
24    0.00390355
25    0.00387971
26    0.00391215
27    0.00392445
28    0.0039141
29    0.00389394
30    0.00391804
31    0.00389912
32    0.00389258
33    0.00388759
34    0.0038913
35    0.00391264
36    0.00391923
37    0.00390676
38    0.00391063
39    0.0039091
40    0.0039079
41    0.00392397
42    0.00388941
43    0.00389598
44    0.00390045
45    0.00392343
46    0.00389386
47    0.0039048
48    0.00390114
49    0.00387443
50    0.00391938
51    0.00389506
52    0.00389899
53    0.0039077
54    0.00389575
55    0.00392174
56    0.00388023
57    0.00391211
58    0.00390203
59    0.00390694
60    0.00391035
61    0.00389568
62    0.00390485
63    0.00391587
64    0.00389395
65    0.00390804
66    0.00389308
67    0.00391646
68    0.00391149
69    0.0039009
70    0.00389046
71    0.00392327
72    0.00389427
73    0.00393189
74    0.00389364
75    0.00391753
76    0.00390647
77    0.00390726
78    0.00389248
79    0.00389853
80    0.00391766
81    0.00389178
82    0.00386985
83    0.00388892
84    0.00390667
85    0.00390097
86    0.00391941
87    0.00388681
88    0.00392437
89    0.0038789
90    0.00390066
91    0.00390203
92    0.0039191
93    0.00390942
94    0.0039338
95    0.00389676
96    0.00391066
97    0.00392188
98    0.0039297
99    0.00390982
100    0.00391024
101    0.00388581
102    0.00389428
103    0.00388505
104    0.00389637
105    0.00391267
106    0.00386819
107    0.00394113
108    0.00391555
109    0.00391455
110    0.00390046
111    0.00390803
112    0.00394825
113    0.00391445
114    0.00390479
115    0.00390808
116    0.00392024
117    0.00388173
118    0.00389587
119    0.00392622
120    0.00387014
121    0.0038985
122    0.00387255
123    0.00389775
124    0.00388849
125    0.0039168
126    0.00388273
127    0.00391038
128    0.00387574
129    0.00389037
130    0.00390059
131    0.00389767
132    0.00390741
133    0.00389103
134    0.00389894
135    0.00392685
136    0.00389416
137    0.00391641
138    0.00388342
139    0.00391196
140    0.00388123
141    0.00388215
142    0.00389694
143    0.00390592
144    0.00391704
145    0.00388446
146    0.00390207
147    0.0039129
148    0.00388875
149    0.00392123
150    0.00391395
151    0.00395083
152    0.0039008
153    0.00388586
154    0.00391379
155    0.0039021
156    0.00386945
157    0.00390506
158    0.00390254
159    0.00390404
160    0.00391979
161    0.00390686
162    0.00390323
163    0.00394542
164    0.00392678
165    0.00392311
166    0.00391441
167    0.00392521
168    0.00387615
169    0.00388628
170    0.00390596
171    0.00393693
172    0.00393045
173    0.00390579
174    0.00390262
175    0.00392931
176    0.0038909
177    0.00390653
178    0.00390242
179    0.00389842
180    0.00389895
181    0.00391558
182    0.00387734
183    0.00388861
184    0.00393091
185    0.0039165
186    0.00392095
187    0.00390371
188    0.00390462
189    0.00390768
190    0.00389333
191    0.00390233
192    0.00391535
193    0.0039019
194    0.00393072
195    0.00392284
196    0.00389723
197    0.00389273
198    0.00390263
199    0.00389992
200    0.00391313
201    0.00392047
202    0.00391085
203    0.00390229
204    0.00390916
205    0.00389803
206    0.00389706
207    0.00392918
208    0.00389745
209    0.0038936
210    0.00392031
211    0.00393646
212    0.00388486
213    0.0039067
214    0.00392274
215    0.00391125
216    0.00390852
217    0.0038999
218    0.00392892
219    0.0038791
220    0.00392739
221    0.00391856
222    0.00392907
223    0.00392883
224    0.00393342
225    0.00390651
226    0.00392589
227    0.00393329
228    0.00390317
229    0.00392568
230    0.00391499
231    0.00392782
232    0.00393351
233    0.00391293
234    0.00393532
235    0.00390068
236    0.00391039
237    0.00390567
238    0.00393732
239    0.00391582
240    0.00388932
241    0.00389276
242    0.00390599
243    0.00391532
244    0.00390126
245    0.00387831
246    0.00390515
247    0.00390174
248    0.00391144
249    0.0039164
250    0.00391295
251    0.00391893
252    0.0039272
253    0.00390162
254    0.00391084
255    0.00392854
