0    0.00390266
1    0.0038975
2    0.0039193
3    0.00390216
4    0.00388285
5    0.00392941
6    0.00390934
7    0.00390412
8    0.0039055
9    0.00390926
10    0.00389275
11    0.00391455
12    0.00390104
13    0.00388451
14    0.00389862
15    0.00389976
16    0.00388221
17    0.00393335
18    0.00389313
19    0.00389907
20    0.00390227
21    0.0038912
22    0.00386865
23    0.00390412
24    0.00391579
25    0.00390232
26    0.00391598
27    0.00390258
28    0.00388765
29    0.00388318
30    0.00391452
31    0.00391006
32    0.00389768
33    0.00389485
34    0.00393867
35    0.00390496
36    0.00391088
37    0.00390254
38    0.00389226
39    0.0039138
40    0.00391203
41    0.00390628
42    0.00389809
43    0.00391007
44    0.00389014
45    0.00390507
46    0.00392395
47    0.00389388
48    0.00391469
49    0.00393515
50    0.00391055
51    0.00389106
52    0.0039266
53    0.00390091
54    0.00391976
55    0.00389306
56    0.00388141
57    0.00390097
58    0.00393282
59    0.00387643
60    0.00389882
61    0.00387491
62    0.00392903
63    0.00392995
64    0.00391681
65    0.00390702
66    0.00387738
67    0.00391755
68    0.00391268
69    0.00388331
70    0.00390821
71    0.00390787
72    0.00389707
73    0.00390958
74    0.00391855
75    0.00391348
76    0.00389445
77    0.00391203
78    0.0039419
79    0.00391572
80    0.00391791
81    0.00389981
82    0.0039306
83    0.00388325
84    0.00389159
85    0.00391256
86    0.00393107
87    0.00388318
88    0.00394128
89    0.00388941
90    0.00389664
91    0.00390015
92    0.00390228
93    0.00390652
94    0.00389111
95    0.00389314
96    0.00389986
97    0.00390686
98    0.00393051
99    0.00391536
100    0.003896
101    0.00390854
102    0.00391318
103    0.0038738
104    0.0038984
105    0.00389711
106    0.00388636
107    0.00390342
108    0.0039272
109    0.00391987
110    0.00390631
111    0.00391295
112    0.00389754
113    0.00391483
114    0.00393168
115    0.00391879
116    0.00389961
117    0.00389797
118    0.00393062
119    0.00388038
120    0.00389183
121    0.00393249
122    0.0039022
123    0.00389307
124    0.0038903
125    0.00391337
126    0.00389659
127    0.00388008
128    0.00388015
129    0.00390186
130    0.00391423
131    0.00391814
132    0.00387972
133    0.00393507
134    0.00387853
135    0.00390682
136    0.00391751
137    0.00392487
138    0.00393103
139    0.00390286
140    0.00389869
141    0.0039073
142    0.00391643
143    0.00390807
144    0.00390821
145    0.00390855
146    0.00390416
147    0.00387336
148    0.00388177
149    0.00389689
150    0.0038817
151    0.00392515
152    0.00392148
153    0.00392182
154    0.00394331
155    0.00388616
156    0.00391383
157    0.0039245
158    0.00392219
159    0.00391174
160    0.00390079
161    0.00394393
162    0.00392131
163    0.00391882
164    0.00392528
165    0.00390419
166    0.00391709
167    0.00389431
168    0.00390931
169    0.00389231
170    0.00389501
171    0.00391332
172    0.00388248
173    0.00393093
174    0.00390025
175    0.00391234
176    0.00387976
177    0.00390157
178    0.00389915
179    0.00392145
180    0.00389335
181    0.00391614
182    0.00389977
183    0.00392172
184    0.00392549
185    0.00390961
186    0.0038792
187    0.00388699
188    0.00390358
189    0.00389989
190    0.00390847
191    0.00389258
192    0.00392956
193    0.00392219
194    0.00390527
195    0.00387319
196    0.00388115
197    0.00392909
198    0.00391888
199    0.00392242
200    0.00389039
201    0.00387101
202    0.0039119
203    0.00389647
204    0.00389062
205    0.00390431
206    0.00392084
207    0.00389709
208    0.00391391
209    0.00393742
210    0.00390269
211    0.00388955
212    0.00391589
213    0.00390268
214    0.00389952
215    0.00392808
216    0.00391822
217    0.00392574
218    0.00389808
219    0.00392273
220    0.00388769
221    0.00388658
222    0.00390355
223    0.0038985
224    0.00392768
225    0.00392071
226    0.00391397
227    0.00388938
228    0.00388849
229    0.00391859
230    0.0038916
231    0.00390954
232    0.00391315
233    0.00392088
234    0.00391379
235    0.00389882
236    0.00391641
237    0.00391026
238    0.00389161
239    0.00389559
240    0.0039074
241    0.00392272
242    0.00392477
243    0.00393176
244    0.00390038
245    0.0038834
246    0.00390191
247    0.00389195
248    0.00393797
249    0.00390293
250    0.00393382
251    0.00389426
252    0.00391654
253    0.00392926
254    0.0038943
255    0.00392259
