0    0.00392692
1    0.00390266
2    0.00391455
3    0.00387804
4    0.00386452
5    0.00395056
6    0.00391387
7    0.00388784
8    0.00390881
9    0.00389413
10    0.00390124
11    0.00390194
12    0.00386471
13    0.00391193
14    0.00391166
15    0.00389505
16    0.00389938
17    0.00396159
18    0.0038692
19    0.00390654
20    0.00390806
21    0.00391026
22    0.00389407
23    0.00389933
24    0.00390199
25    0.00390512
26    0.00392019
27    0.00390881
28    0.00391874
29    0.00392674
30    0.00394041
31    0.00391968
32    0.00391206
33    0.00388801
34    0.00392422
35    0.00390223
36    0.00389353
37    0.00390081
38    0.0039059
39    0.00391777
40    0.00388551
41    0.00389448
42    0.00389079
43    0.00389226
44    0.00391182
45    0.00391126
46    0.00394477
47    0.00389347
48    0.00391233
49    0.00391252
50    0.00391163
51    0.00389459
52    0.00391978
53    0.0038899
54    0.003909
55    0.00391711
56    0.00388406
57    0.00392009
58    0.00388449
59    0.00392454
60    0.00388161
61    0.0038755
62    0.00389661
63    0.00388436
64    0.00390905
65    0.00388512
66    0.00390307
67    0.00387853
68    0.00392219
69    0.00390914
70    0.00393255
71    0.00392247
72    0.00388583
73    0.00391956
74    0.0038922
75    0.00388845
76    0.00391794
77    0.00391622
78    0.00390763
79    0.00391203
80    0.00390358
81    0.00390209
82    0.00393125
83    0.00390221
84    0.00387029
85    0.00391222
86    0.00390068
87    0.00392816
88    0.0038864
89    0.00391442
90    0.0039198
91    0.00391597
92    0.00389137
93    0.00392867
94    0.00391578
95    0.00392578
96    0.00388474
97    0.0038837
98    0.00387862
99    0.00389265
100    0.00391983
101    0.00389398
102    0.00391577
103    0.00392125
104    0.0038886
105    0.00388354
106    0.00389209
107    0.00389339
108    0.00391557
109    0.00390045
110    0.00390228
111    0.0039106
112    0.0039301
113    0.00389097
114    0.00391101
115    0.00389308
116    0.0039034
117    0.00391438
118    0.00391996
119    0.00393432
120    0.00388453
121    0.00392418
122    0.00390959
123    0.00391122
124    0.00391077
125    0.00389064
126    0.00392892
127    0.00390993
128    0.00389126
129    0.00389429
130    0.00390307
131    0.0039139
132    0.00389799
133    0.00389385
134    0.00390525
135    0.00391365
136    0.00391258
137    0.00390113
138    0.00390365
139    0.00390445
140    0.00387326
141    0.00386558
142    0.00391228
143    0.00388351
144    0.00390624
145    0.00393052
146    0.00389906
147    0.00389652
148    0.00388802
149    0.00391691
150    0.0038954
151    0.00389627
152    0.00389049
153    0.00387996
154    0.00390626
155    0.0038931
156    0.00388931
157    0.00389759
158    0.003912
159    0.00391228
160    0.00391019
161    0.00389274
162    0.00390529
163    0.00390453
164    0.00390387
165    0.0039144
166    0.00389778
167    0.0039025
168    0.00393786
169    0.00388503
170    0.00392138
171    0.00389758
172    0.00391831
173    0.00391955
174    0.00387671
175    0.00390402
176    0.00393848
177    0.00395495
178    0.00388869
179    0.00390194
180    0.00388975
181    0.00388089
182    0.00391308
183    0.00390407
184    0.00392181
185    0.003917
186    0.0039365
187    0.00390754
188    0.00392561
189    0.00392099
190    0.00390229
191    0.00390212
192    0.00391951
193    0.00388757
194    0.00393303
195    0.00391774
196    0.00391135
197    0.00388305
198    0.00389898
199    0.00389418
200    0.0038993
201    0.00390867
202    0.00390305
203    0.00391838
204    0.00393347
205    0.00392091
206    0.00389104
207    0.00391077
208    0.00391052
209    0.00391264
210    0.00387324
211    0.00390743
212    0.00389871
213    0.00388825
214    0.00386076
215    0.00391606
216    0.00390815
217    0.00392805
218    0.00392004
219    0.00391683
220    0.00391492
221    0.00392463
222    0.00389877
223    0.0039114
224    0.00391631
225    0.00389499
226    0.00391746
227    0.00390954
228    0.00390987
229    0.00387466
230    0.00391423
231    0.00390409
232    0.00392853
233    0.00392002
234    0.00394684
235    0.00392251
236    0.00392688
237    0.00391075
238    0.00391574
239    0.00391449
240    0.00392187
241    0.00392067
242    0.00390329
243    0.00390777
244    0.00391245
245    0.00392186
246    0.00390626
247    0.00391845
248    0.00390925
249    0.00388971
250    0.00392486
251    0.00390834
252    0.00390023
253    0.00388486
254    0.00392161
255    0.0039229
