0    0.00388106
1    0.00391316
2    0.00388508
3    0.00391477
4    0.00391221
5    0.00390177
6    0.00391321
7    0.00392459
8    0.00392102
9    0.00391121
10    0.00389241
11    0.00390188
12    0.00392237
13    0.00390662
14    0.00390068
15    0.00392858
16    0.00391054
17    0.00390701
18    0.00390322
19    0.00388964
20    0.00386475
21    0.00389159
22    0.00390792
23    0.00389269
24    0.00390273
25    0.00390784
26    0.0039019
27    0.00392446
28    0.00390353
29    0.00389998
30    0.00389031
31    0.00389745
32    0.00390723
33    0.00389432
34    0.00389796
35    0.00391195
36    0.00388947
37    0.00386407
38    0.00389817
39    0.00390401
40    0.00392918
41    0.00387045
42    0.00389325
43    0.00388876
44    0.00389337
45    0.00388736
46    0.00392589
47    0.00390398
48    0.00388762
49    0.00389698
50    0.00389684
51    0.0038796
52    0.00389067
53    0.0039083
54    0.00391479
55    0.00387801
56    0.00392065
57    0.00386456
58    0.00391233
59    0.00387895
60    0.00391116
61    0.0039272
62    0.00390092
63    0.003897
64    0.00390007
65    0.00392097
66    0.00391346
67    0.00389431
68    0.00389517
69    0.00389088
70    0.00392127
71    0.00392
72    0.00392063
73    0.00390255
74    0.00391452
75    0.00389325
76    0.00390757
77    0.00389742
78    0.00389889
79    0.00388374
80    0.00390616
81    0.00391611
82    0.00390626
83    0.0039042
84    0.00393089
85    0.00390914
86    0.00391727
87    0.00391401
88    0.00389813
89    0.0039134
90    0.00389996
91    0.00390621
92    0.00389395
93    0.00390176
94    0.00391403
95    0.00391635
96    0.00389764
97    0.00392473
98    0.00392313
99    0.00388722
100    0.0039152
101    0.00390693
102    0.00390602
103    0.00391866
104    0.00390074
105    0.00392998
106    0.00389568
107    0.00388691
108    0.00390085
109    0.00391576
110    0.00392397
111    0.00389678
112    0.00389529
113    0.00391624
114    0.00388759
115    0.0039119
116    0.00390944
117    0.00390776
118    0.00391797
119    0.00390395
120    0.00389914
121    0.0039065
122    0.00391647
123    0.0038879
124    0.00392165
125    0.00390761
126    0.00389661
127    0.00386437
128    0.00390487
129    0.00390881
130    0.00388422
131    0.00392125
132    0.00390409
133    0.00390249
134    0.00391624
135    0.00390601
136    0.00390206
137    0.00391225
138    0.00391674
139    0.00393069
140    0.00391557
141    0.00388769
142    0.00389564
143    0.00390518
144    0.00388823
145    0.00390069
146    0.00390883
147    0.00391192
148    0.0039053
149    0.00387449
150    0.00389083
151    0.00388804
152    0.00392486
153    0.00392657
154    0.00393508
155    0.00393182
156    0.0038912
157    0.00388439
158    0.00391355
159    0.0039394
160    0.00391305
161    0.00390644
162    0.00388641
163    0.00390678
164    0.00391078
165    0.00390255
166    0.00390317
167    0.00391157
168    0.00389749
169    0.0039205
170    0.00390858
171    0.00390618
172    0.00391901
173    0.00388466
174    0.0038899
175    0.00390769
176    0.003904
177    0.00391983
178    0.00393356
179    0.00391339
180    0.0039078
181    0.00391328
182    0.00389191
183    0.00390862
184    0.00390312
185    0.00389049
186    0.0039297
187    0.00389895
188    0.00392998
189    0.00388873
190    0.00393621
191    0.00391743
192    0.00389762
193    0.00389378
194    0.00391019
195    0.00392725
196    0.00388568
197    0.00391811
198    0.00391304
199    0.00393043
200    0.00391283
201    0.00391932
202    0.00391951
203    0.00391796
204    0.0039169
205    0.00390472
206    0.00391465
207    0.00390499
208    0.00392381
209    0.00387981
210    0.00390633
211    0.0038962
212    0.00390762
213    0.00391053
214    0.00390615
215    0.0039174
216    0.00388838
217    0.00391277
218    0.00390298
219    0.00392004
220    0.0038972
221    0.00386541
222    0.00395279
223    0.00393488
224    0.0039173
225    0.00391109
226    0.00393232
227    0.00389632
228    0.0038736
229    0.00392491
230    0.00390258
231    0.00392022
232    0.00390657
233    0.00391591
234    0.00390649
235    0.00390004
236    0.00391449
237    0.00391722
238    0.00391347
239    0.0039038
240    0.00391776
241    0.00391621
242    0.0039054
243    0.00392152
244    0.00391841
245    0.00389076
246    0.00388375
247    0.00391391
248    0.0039227
249    0.00390783
250    0.00390799
251    0.00391358
252    0.0039257
253    0.003913
254    0.00393332
255    0.00389747
