0    0.00393079
1    0.00392529
2    0.00394313
3    0.00391166
4    0.00388444
5    0.0038947
6    0.00387831
7    0.00389861
8    0.0039288
9    0.00390087
10    0.00390938
11    0.00391182
12    0.00390186
13    0.00390134
14    0.00389891
15    0.00389261
16    0.00387729
17    0.0039129
18    0.00390925
19    0.00392203
20    0.00391645
21    0.00390255
22    0.00392411
23    0.00389759
24    0.00391072
25    0.00388561
26    0.00387191
27    0.00392133
28    0.00389058
29    0.00391453
30    0.00389587
31    0.00389139
32    0.00389874
33    0.00392721
34    0.00391001
35    0.00386863
36    0.00390582
37    0.00391035
38    0.00389403
39    0.00388158
40    0.00391467
41    0.00392047
42    0.00389553
43    0.00391591
44    0.00389631
45    0.00391413
46    0.00388018
47    0.0039045
48    0.00390591
49    0.0038856
50    0.0038961
51    0.00392025
52    0.00391583
53    0.0038863
54    0.00389715
55    0.00390046
56    0.00393508
57    0.00394103
58    0.00389795
59    0.00391119
60    0.00391571
61    0.00390799
62    0.00391179
63    0.00390062
64    0.00388994
65    0.00391583
66    0.00390892
67    0.00393271
68    0.00390751
69    0.0039209
70    0.00391778
71    0.00392721
72    0.00392371
73    0.00389355
74    0.00390143
75    0.00393166
76    0.00389995
77    0.00389733
78    0.00387969
79    0.00390821
80    0.00391961
81    0.00390681
82    0.00390803
83    0.00389479
84    0.00389072
85    0.00390142
86    0.00386857
87    0.00391058
88    0.00392128
89    0.0038826
90    0.00389247
91    0.00390788
92    0.00392371
93    0.00391073
94    0.00389908
95    0.00394049
96    0.00388285
97    0.0039188
98    0.00390894
99    0.00391595
100    0.0039027
101    0.00391193
102    0.00390956
103    0.00391932
104    0.00389544
105    0.00391217
106    0.00389536
107    0.00391115
108    0.00389277
109    0.0038991
110    0.00391703
111    0.00392224
112    0.00389653
113    0.00390396
114    0.00389348
115    0.00392305
116    0.00389714
117    0.00390897
118    0.00387843
119    0.00390849
120    0.00388657
121    0.00389163
122    0.00390096
123    0.00391682
124    0.0038864
125    0.00391698
126    0.00391145
127    0.00391519
128    0.00391237
129    0.00390922
130    0.00391005
131    0.00391419
132    0.00388637
133    0.00388978
134    0.00388084
135    0.00389749
136    0.00390833
137    0.00389705
138    0.00389428
139    0.00388287
140    0.00388957
141    0.00389998
142    0.00388597
143    0.00392151
144    0.00389795
145    0.00392534
146    0.00389833
147    0.00389194
148    0.00387572
149    0.00393374
150    0.00388266
151    0.00392513
152    0.00389139
153    0.00390725
154    0.00391148
155    0.00391914
156    0.00391466
157    0.00388386
158    0.00387794
159    0.00391909
160    0.00393083
161    0.00392803
162    0.00393084
163    0.00393543
164    0.00393172
165    0.00388617
166    0.00392501
167    0.00390883
168    0.00390086
169    0.00389145
170    0.00390677
171    0.00392162
172    0.00390952
173    0.00391996
174    0.00391072
175    0.00389743
176    0.0039225
177    0.00389694
178    0.00393567
179    0.00392053
180    0.00391289
181    0.00390187
182    0.00389979
183    0.00390717
184    0.00388799
185    0.00388906
186    0.00388671
187    0.00391184
188    0.0039134
189    0.00390022
190    0.00390832
191    0.0038927
192    0.00388483
193    0.00390662
194    0.00391427
195    0.00390755
196    0.00388519
197    0.00389035
198    0.00389866
199    0.00387143
200    0.00392111
201    0.00391662
202    0.00392381
203    0.00390296
204    0.00393031
205    0.00390492
206    0.0038827
207    0.00391444
208    0.00391841
209    0.00390797
210    0.0039114
211    0.00391109
212    0.0039225
213    0.00393655
214    0.00388118
215    0.00389374
216    0.00389812
217    0.00391994
218    0.00392447
219    0.00390525
220    0.00390507
221    0.00390498
222    0.00388248
223    0.00389192
224    0.00390274
225    0.0038903
226    0.0039104
227    0.00390888
228    0.00395023
229    0.00389505
230    0.00391504
231    0.0039157
232    0.0038998
233    0.00390872
234    0.00388336
235    0.00392089
236    0.00390152
237    0.00392698
238    0.0039192
239    0.00389497
240    0.00391276
241    0.00392837
242    0.00392818
243    0.00393179
244    0.00392115
245    0.00388828
246    0.00388171
247    0.00391921
248    0.00391207
249    0.00392967
250    0.00391343
251    0.00391334
252    0.00392519
253    0.00388409
254    0.00390052
255    0.00392729
