0    0.00392327
1    0.00389919
2    0.00390503
3    0.00393219
4    0.00389257
5    0.00392462
6    0.00389176
7    0.00391905
8    0.00388956
9    0.0039199
10    0.00389872
11    0.00390668
12    0.00391858
13    0.00389978
14    0.00390809
15    0.00388348
16    0.00392644
17    0.00391475
18    0.00391235
19    0.0039233
20    0.00389248
21    0.00392424
22    0.00389315
23    0.00390882
24    0.00391151
25    0.00387336
26    0.00391535
27    0.00388424
28    0.00389733
29    0.00389929
30    0.00391744
31    0.00390244
32    0.00388517
33    0.00389565
34    0.00390471
35    0.003924
36    0.00391426
37    0.00388987
38    0.00391783
39    0.00389841
40    0.00392816
41    0.00391514
42    0.00389958
43    0.00390144
44    0.00388038
45    0.00391744
46    0.00390464
47    0.00392873
48    0.00390258
49    0.00388268
50    0.00389757
51    0.00388194
52    0.00390672
53    0.00389109
54    0.00389704
55    0.00389043
56    0.00389818
57    0.00388211
58    0.00389976
59    0.00392616
60    0.00390919
61    0.00392369
62    0.00390708
63    0.00387101
64    0.00390434
65    0.00386967
66    0.0039268
67    0.00391235
68    0.00392199
69    0.00390408
70    0.00392562
71    0.00391491
72    0.00389067
73    0.00392794
74    0.00387916
75    0.0039328
76    0.00391768
77    0.00390708
78    0.00390517
79    0.0039104
80    0.0039396
81    0.00391904
82    0.00392637
83    0.00391186
84    0.00392769
85    0.00389636
86    0.00392195
87    0.00388394
88    0.003917
89    0.00391598
90    0.00390165
91    0.00391791
92    0.00392414
93    0.00388191
94    0.00391701
95    0.00387027
96    0.00388297
97    0.00389623
98    0.0039026
99    0.00391897
100    0.00388681
101    0.00389464
102    0.00388707
103    0.00391133
104    0.00392406
105    0.00389813
106    0.00386099
107    0.00390443
108    0.00391603
109    0.00391752
110    0.00389017
111    0.00390456
112    0.00390927
113    0.00390087
114    0.00389468
115    0.00389948
116    0.00388151
117    0.00390784
118    0.00392304
119    0.00390548
120    0.00389583
121    0.00390721
122    0.00388261
123    0.00388641
124    0.00388023
125    0.0038819
126    0.00391024
127    0.00391581
128    0.00390048
129    0.00390391
130    0.00391724
131    0.00387751
132    0.00389189
133    0.00390246
134    0.00388804
135    0.00389133
136    0.00390754
137    0.00388484
138    0.00391358
139    0.00391566
140    0.00390572
141    0.00390687
142    0.00389387
143    0.00390043
144    0.00393304
145    0.0038888
146    0.00392175
147    0.00391025
148    0.00388276
149    0.00389182
150    0.00391608
151    0.00392106
152    0.00391697
153    0.00391334
154    0.00388421
155    0.00390921
156    0.0038911
157    0.00392361
158    0.00389972
159    0.00388516
160    0.00392155
161    0.00389018
162    0.00389119
163    0.00388976
164    0.00391756
165    0.00390965
166    0.00389141
167    0.00389828
168    0.00388889
169    0.00390414
170    0.00388848
171    0.00394122
172    0.00390499
173    0.00390288
174    0.00393044
175    0.00392398
176    0.00390746
177    0.0038816
178    0.00391173
179    0.00389972
180    0.00392479
181    0.00393935
182    0.00394162
183    0.00389895
184    0.00391105
185    0.00392171
186    0.00391162
187    0.00391963
188    0.00390104
189    0.00389813
190    0.0039023
191    0.00391616
192    0.00391222
193    0.00391003
194    0.00392033
195    0.003908
196    0.00389135
197    0.0039167
198    0.00388754
199    0.00388594
200    0.00390996
201    0.00391481
202    0.00392741
203    0.00391292
204    0.00391913
205    0.0038731
206    0.00393344
207    0.00388054
208    0.00392179
209    0.00390036
210    0.00389587
211    0.00387364
212    0.00388826
213    0.00390692
214    0.00392772
215    0.00390094
216    0.00389635
217    0.00394213
218    0.00390513
219    0.00393838
220    0.00391266
221    0.00389823
222    0.00389747
223    0.00387699
224    0.00390275
225    0.00391608
226    0.00392841
227    0.00389901
228    0.00390357
229    0.00389255
230    0.00391837
231    0.00391311
232    0.00392585
233    0.00388538
234    0.00391487
235    0.00391231
236    0.00394464
237    0.0039115
238    0.003927
239    0.0039071
240    0.00390239
241    0.00389974
242    0.00389741
243    0.00391744
244    0.00392031
245    0.00392166
246    0.00389898
247    0.00392669
248    0.00393316
249    0.00392742
250    0.00389865
251    0.00391491
252    0.00393262
253    0.0039189
254    0.00392719
255    0.0039182
