0    0.00391824
1    0.00390938
2    0.00391871
3    0.00391762
4    0.00389292
5    0.0039212
6    0.00391118
7    0.00389783
8    0.00389932
9    0.00387933
10    0.00389612
11    0.00393568
12    0.00393151
13    0.00395115
14    0.00390505
15    0.00388764
16    0.00392589
17    0.00388026
18    0.00392776
19    0.00391984
20    0.00390463
21    0.00389945
22    0.00390625
23    0.00390676
24    0.0038976
25    0.00388761
26    0.00390081
27    0.00391323
28    0.00391473
29    0.0039084
30    0.00388899
31    0.00391156
32    0.00390457
33    0.00392767
34    0.00389782
35    0.0038984
36    0.00388363
37    0.00391309
38    0.00390493
39    0.00388909
40    0.00389065
41    0.00390282
42    0.00390834
43    0.0039211
44    0.00392077
45    0.00391558
46    0.00391592
47    0.00392392
48    0.00387749
49    0.00389768
50    0.0038891
51    0.00391877
52    0.00389851
53    0.00390089
54    0.00387285
55    0.00389233
56    0.00391972
57    0.00390725
58    0.00392284
59    0.00392131
60    0.00391046
61    0.00392585
62    0.00391608
63    0.00389799
64    0.00390788
65    0.00392272
66    0.00393108
67    0.00390616
68    0.00390984
69    0.00393297
70    0.00392273
71    0.0039106
72    0.00389434
73    0.0039076
74    0.00389695
75    0.00392772
76    0.00389819
77    0.00391128
78    0.00392156
79    0.00390351
80    0.00388707
81    0.003883
82    0.00388921
83    0.00389813
84    0.00390532
85    0.00390209
86    0.00390461
87    0.0038962
88    0.00389362
89    0.0038791
90    0.00391313
91    0.00389991
92    0.00390938
93    0.00391986
94    0.00391056
95    0.00390361
96    0.00389652
97    0.00389505
98    0.00386893
99    0.00392037
100    0.00389889
101    0.0039144
102    0.00390644
103    0.00390378
104    0.00390971
105    0.0039039
106    0.00392999
107    0.0038874
108    0.00391383
109    0.00390992
110    0.0039008
111    0.00393374
112    0.00391904
113    0.00393386
114    0.00393113
115    0.00391464
116    0.00389301
117    0.00388914
118    0.00390952
119    0.00390907
120    0.00391583
121    0.00391084
122    0.00389383
123    0.00392361
124    0.00392425
125    0.00390683
126    0.00392663
127    0.00389054
128    0.00390529
129    0.00389605
130    0.00388037
131    0.00391569
132    0.00391223
133    0.00388382
134    0.00391915
135    0.0039043
136    0.00389944
137    0.00389606
138    0.0038966
139    0.00390927
140    0.00390068
141    0.00389857
142    0.00391278
143    0.00387218
144    0.0039247
145    0.00391786
146    0.00390768
147    0.0039022
148    0.00390697
149    0.00391512
150    0.00388957
151    0.00388896
152    0.00389077
153    0.0038982
154    0.00391449
155    0.00389246
156    0.00392834
157    0.00388106
158    0.00391669
159    0.00391171
160    0.00390196
161    0.00390072
162    0.00392438
163    0.00390196
164    0.00392405
165    0.00390819
166    0.00390921
167    0.0039443
168    0.00389837
169    0.00394258
170    0.00389243
171    0.0039008
172    0.00389703
173    0.00388858
174    0.00391252
175    0.00390416
176    0.00391217
177    0.0038928
178    0.00390137
179    0.00390597
180    0.00388551
181    0.00392089
182    0.00392809
183    0.00389665
184    0.00390799
185    0.00391063
186    0.00386444
187    0.00391549
188    0.00391105
189    0.00393489
190    0.00391341
191    0.00388216
192    0.00389013
193    0.00389615
194    0.00390813
195    0.00390534
196    0.00388925
197    0.00388253
198    0.00388774
199    0.00389108
200    0.00388802
201    0.00391628
202    0.00392632
203    0.00387304
204    0.00391929
205    0.00392294
206    0.00390445
207    0.00391326
208    0.00390878
209    0.00389709
210    0.00389878
211    0.00390952
212    0.00389618
213    0.0039049
214    0.00389383
215    0.00390585
216    0.00390132
217    0.00390021
218    0.00387905
219    0.00392136
220    0.00389399
221    0.00392847
222    0.00392102
223    0.00395357
224    0.00392997
225    0.00392299
226    0.00392162
227    0.00389307
228    0.00387816
229    0.00392901
230    0.00388443
231    0.00391356
232    0.00391201
233    0.00390242
234    0.00391786
235    0.00388941
236    0.00390905
237    0.00391073
238    0.00391726
239    0.00387916
240    0.00389727
241    0.00391413
242    0.0039505
243    0.00388514
244    0.0039037
245    0.00390616
246    0.00387866
247    0.00388766
248    0.00392669
249    0.0039043
250    0.00392283
251    0.00390033
252    0.00390269
253    0.00389734
254    0.00393453
255    0.00388598
