0    0.00391352
1    0.00390039
2    0.00392465
3    0.00391412
4    0.00392425
5    0.00390005
6    0.00392212
7    0.00391721
8    0.00391439
9    0.00387203
10    0.00390883
11    0.00390211
12    0.00389994
13    0.00391822
14    0.00390745
15    0.00388945
16    0.00393439
17    0.00390464
18    0.00393715
19    0.0038792
20    0.00389238
21    0.00392448
22    0.00390853
23    0.00388731
24    0.00390962
25    0.00390597
26    0.00391921
27    0.00389087
28    0.00389138
29    0.00393667
30    0.00389078
31    0.00390626
32    0.00388521
33    0.0039163
34    0.003922
35    0.00393066
36    0.00387644
37    0.00388329
38    0.00389252
39    0.00390501
40    0.00391144
41    0.00391824
42    0.00389169
43    0.00392055
44    0.00392081
45    0.00389684
46    0.00389774
47    0.00388993
48    0.00391102
49    0.00388882
50    0.00390638
51    0.00390409
52    0.00389256
53    0.00390457
54    0.00389915
55    0.00392157
56    0.00389599
57    0.00391044
58    0.00386949
59    0.00391045
60    0.00391164
61    0.00390631
62    0.00388277
63    0.00390286
64    0.00390642
65    0.00389714
66    0.00387856
67    0.00390433
68    0.00388973
69    0.00390676
70    0.00388553
71    0.00392668
72    0.00390155
73    0.0039011
74    0.00392879
75    0.00388142
76    0.00390734
77    0.0039227
78    0.00389141
79    0.00393089
80    0.00389514
81    0.00391332
82    0.00389796
83    0.00392877
84    0.00392823
85    0.00388314
86    0.00390162
87    0.00389686
88    0.00392147
89    0.0039118
90    0.00388562
91    0.0039139
92    0.00390089
93    0.00392961
94    0.00391949
95    0.00389513
96    0.00388877
97    0.00389341
98    0.00391379
99    0.00391236
100    0.00389541
101    0.0039081
102    0.00393796
103    0.00388578
104    0.00391353
105    0.00391017
106    0.00390968
107    0.00393445
108    0.00390367
109    0.00392618
110    0.0039234
111    0.00388953
112    0.00392419
113    0.00392224
114    0.00392806
115    0.00389273
116    0.00389285
117    0.00392395
118    0.00389876
119    0.00394542
120    0.00392404
121    0.00387142
122    0.00389605
123    0.0039204
124    0.00390615
125    0.00393201
126    0.00391597
127    0.00390858
128    0.00391334
129    0.00389203
130    0.00388917
131    0.00387817
132    0.00389698
133    0.00389997
134    0.0039064
135    0.00390295
136    0.00389732
137    0.00388407
138    0.00390184
139    0.00390774
140    0.00392329
141    0.00387844
142    0.00389155
143    0.00390229
144    0.00389691
145    0.0038943
146    0.00390944
147    0.00390178
148    0.00388066
149    0.00390409
150    0.00392068
151    0.00390891
152    0.00390607
153    0.00391931
154    0.00389117
155    0.00391717
156    0.00391263
157    0.00389819
158    0.00394112
159    0.00390895
160    0.00389944
161    0.00391774
162    0.00389801
163    0.00389534
164    0.00388679
165    0.00392349
166    0.00390429
167    0.00392986
168    0.003884
169    0.00388263
170    0.00390435
171    0.00391663
172    0.00391064
173    0.00392365
174    0.00391609
175    0.00389118
176    0.00390239
177    0.00387061
178    0.00389767
179    0.00390835
180    0.00391799
181    0.00393342
182    0.00391391
183    0.00390207
184    0.00390656
185    0.00390097
186    0.00391507
187    0.00388895
188    0.00390229
189    0.00392971
190    0.00393509
191    0.00390033
192    0.00390388
193    0.00391191
194    0.00392426
195    0.00390014
196    0.00390376
197    0.003914
198    0.00389982
199    0.00394461
200    0.00392154
201    0.00389303
202    0.00393632
203    0.00390547
204    0.00391654
205    0.00387691
206    0.00388905
207    0.00392141
208    0.00391175
209    0.00392619
210    0.00390343
211    0.00390678
212    0.00391452
213    0.00388476
214    0.00390809
215    0.00389862
216    0.00392963
217    0.00390242
218    0.0038917
219    0.00390269
220    0.00390917
221    0.00386661
222    0.00391663
223    0.00388765
224    0.00390514
225    0.00393625
226    0.00391597
227    0.0038847
228    0.00391858
229    0.00389594
230    0.00391321
231    0.00389734
232    0.00392421
233    0.00389458
234    0.00390055
235    0.00390217
236    0.00391493
237    0.00392149
238    0.00389517
239    0.0038987
240    0.0038976
241    0.00389258
242    0.0039212
243    0.00389536
244    0.00389892
245    0.00392102
246    0.0038972
247    0.00390885
248    0.00390578
249    0.00389767
250    0.00390637
251    0.00390609
252    0.00389265
253    0.00395004
254    0.00392007
255    0.00390329
