0    0.00391773
1    0.00390731
2    0.0039216
3    0.00391043
4    0.00393017
5    0.00392275
6    0.00389996
7    0.00389734
8    0.003899
9    0.00388948
10    0.0039276
11    0.00391106
12    0.00388484
13    0.00392186
14    0.00394483
15    0.0038996
16    0.00390284
17    0.00389775
18    0.00391922
19    0.00392161
20    0.00393351
21    0.00392541
22    0.00389888
23    0.00389601
24    0.00392251
25    0.00391663
26    0.00391756
27    0.00391553
28    0.00387601
29    0.00393204
30    0.00389752
31    0.00390869
32    0.00389672
33    0.00387805
34    0.00389815
35    0.00390695
36    0.00390376
37    0.00389645
38    0.00390796
39    0.00389244
40    0.00389331
41    0.00387537
42    0.00390989
43    0.00388402
44    0.00390582
45    0.00388829
46    0.00392037
47    0.00391977
48    0.00390481
49    0.00389579
50    0.00390469
51    0.00390705
52    0.00389539
53    0.00389675
54    0.00389934
55    0.00391138
56    0.00391476
57    0.00389187
58    0.00389895
59    0.00390111
60    0.00390356
61    0.00389356
62    0.00391299
63    0.00390064
64    0.00388783
65    0.00389487
66    0.00391141
67    0.00390589
68    0.00393475
69    0.00387388
70    0.00392889
71    0.00389811
72    0.00389812
73    0.0039005
74    0.00387779
75    0.00390853
76    0.0038857
77    0.00387712
78    0.00391986
79    0.0039043
80    0.00391038
81    0.00392873
82    0.00390241
83    0.00391594
84    0.00390091
85    0.00389081
86    0.0039015
87    0.00392182
88    0.00390602
89    0.00388188
90    0.00390537
91    0.00391192
92    0.00391181
93    0.00391401
94    0.00388559
95    0.00392707
96    0.0039061
97    0.00392401
98    0.0038978
99    0.00392064
100    0.00390797
101    0.00393538
102    0.00389756
103    0.00391545
104    0.00389834
105    0.00388244
106    0.00390868
107    0.00391618
108    0.00390266
109    0.00388211
110    0.0039107
111    0.00389932
112    0.00389452
113    0.00394087
114    0.00392384
115    0.00392325
116    0.00390225
117    0.00391317
118    0.00392334
119    0.00391207
120    0.00391556
121    0.00391637
122    0.00389159
123    0.00387847
124    0.00388109
125    0.00391293
126    0.00392734
127    0.00391018
128    0.00389041
129    0.00392392
130    0.00391813
131    0.00393139
132    0.00390008
133    0.00392609
134    0.00389785
135    0.00387989
136    0.00391365
137    0.00391732
138    0.00391235
139    0.00390633
140    0.00391459
141    0.00394519
142    0.00391321
143    0.00389088
144    0.00392236
145    0.00390764
146    0.00391313
147    0.0039203
148    0.00390944
149    0.00388922
150    0.00389903
151    0.00390426
152    0.00389191
153    0.00389734
154    0.00390098
155    0.00391732
156    0.00390795
157    0.00388776
158    0.00391515
159    0.00390383
160    0.00390167
161    0.00391413
162    0.00389527
163    0.00389463
164    0.00392466
165    0.00389522
166    0.00389574
167    0.0039014
168    0.00391892
169    0.00390784
170    0.00391168
171    0.00391289
172    0.00391206
173    0.00391911
174    0.00392346
175    0.00391281
176    0.00389005
177    0.00392774
178    0.00391377
179    0.00389485
180    0.00386297
181    0.00390089
182    0.00388245
183    0.00391451
184    0.00390487
185    0.00390363
186    0.00391008
187    0.00391016
188    0.00390081
189    0.00389886
190    0.00388195
191    0.00388853
192    0.00390495
193    0.00394437
194    0.00393468
195    0.00388087
196    0.00389463
197    0.00392181
198    0.00391784
199    0.00387501
200    0.00393773
201    0.00389091
202    0.00392131
203    0.00389497
204    0.00389941
205    0.00389251
206    0.0039155
207    0.0039422
208    0.00389635
209    0.00393914
210    0.00390067
211    0.00387992
212    0.00389753
213    0.00390486
214    0.00391385
215    0.00390796
216    0.00390579
217    0.00389713
218    0.00389134
219    0.00392852
220    0.00390556
221    0.00388356
222    0.00390624
223    0.00392465
224    0.00387263
225    0.00389986
226    0.0038887
227    0.00391473
228    0.0039358
229    0.00389073
230    0.00391473
231    0.00389977
232    0.00390806
233    0.00392652
234    0.00390247
235    0.00389991
236    0.00388863
237    0.00391903
238    0.00391211
239    0.00391307
240    0.00391875
241    0.00391554
242    0.00388405
243    0.00390583
244    0.00390135
245    0.00389512
246    0.00390454
247    0.0039095
248    0.00393168
249    0.00391879
250    0.0038949
251    0.00391086
252    0.00388506
253    0.00390652
254    0.00391078
255    0.0038986
