0    0.00391985
1    0.00389105
2    0.00389332
3    0.00390001
4    0.0039011
5    0.00390601
6    0.00390162
7    0.00393387
8    0.00389091
9    0.00392278
10    0.00387892
11    0.00388108
12    0.00390918
13    0.00391708
14    0.00388066
15    0.0038942
16    0.00391356
17    0.00394169
18    0.00390906
19    0.0039046
20    0.00389276
21    0.00387537
22    0.00387178
23    0.00388304
24    0.00393147
25    0.00390748
26    0.00392438
27    0.00391557
28    0.00391415
29    0.00391329
30    0.00392423
31    0.00387145
32    0.00391873
33    0.00389899
34    0.00392477
35    0.00390432
36    0.00390583
37    0.00388314
38    0.00387796
39    0.00391216
40    0.00390024
41    0.00387057
42    0.00389542
43    0.00389779
44    0.00393218
45    0.00390644
46    0.003934
47    0.00393022
48    0.00389617
49    0.00389338
50    0.00392255
51    0.00388035
52    0.00393668
53    0.00387834
54    0.00390251
55    0.00388096
56    0.00394116
57    0.00387419
58    0.003889
59    0.00390736
60    0.0038866
61    0.00386685
62    0.00388699
63    0.00390199
64    0.00390297
65    0.00391822
66    0.00391057
67    0.00388008
68    0.00389024
69    0.0039119
70    0.0039024
71    0.00389142
72    0.00391256
73    0.00388051
74    0.00388606
75    0.00392987
76    0.00393527
77    0.00395234
78    0.00393005
79    0.00388579
80    0.00391812
81    0.00388996
82    0.00392742
83    0.00389277
84    0.00394207
85    0.00390906
86    0.00391929
87    0.00390055
88    0.00390198
89    0.00388295
90    0.00394542
91    0.00391223
92    0.00388747
93    0.00389167
94    0.00390604
95    0.00388202
96    0.00387759
97    0.00389895
98    0.00390534
99    0.00392895
100    0.00392515
101    0.00391131
102    0.00386791
103    0.00390237
104    0.00388288
105    0.00391889
106    0.00388859
107    0.00392104
108    0.00389077
109    0.00390557
110    0.00391454
111    0.00389509
112    0.0039037
113    0.0039297
114    0.00394951
115    0.0038802
116    0.0039454
117    0.00390628
118    0.00389756
119    0.00390853
120    0.00388511
121    0.00389481
122    0.00389353
123    0.00390535
124    0.00390847
125    0.00390085
126    0.00391338
127    0.00391081
128    0.00392499
129    0.00387841
130    0.00390316
131    0.00389611
132    0.00393823
133    0.00386784
134    0.00393621
135    0.00391382
136    0.00389688
137    0.00389524
138    0.00393971
139    0.00391843
140    0.00392496
141    0.00387274
142    0.00391163
143    0.00389249
144    0.00390304
145    0.00392527
146    0.00389946
147    0.00390198
148    0.00393152
149    0.00390733
150    0.00390534
151    0.00390582
152    0.00392178
153    0.00388569
154    0.00389317
155    0.0038893
156    0.00390254
157    0.0039156
158    0.00388713
159    0.00392071
160    0.00391375
161    0.00391628
162    0.00389673
163    0.00390738
164    0.00391441
165    0.00390273
166    0.00389165
167    0.00391797
168    0.00390791
169    0.00389879
170    0.00393847
171    0.00390481
172    0.00393243
173    0.00386928
174    0.00390912
175    0.00388053
176    0.00392077
177    0.00390176
178    0.00391147
179    0.00391005
180    0.0039192
181    0.00390028
182    0.003896
183    0.00389303
184    0.00390685
185    0.00390592
186    0.00389571
187    0.00391096
188    0.00392989
189    0.00389129
190    0.00392154
191    0.00390574
192    0.00389802
193    0.00387002
194    0.00387445
195    0.00389461
196    0.00389311
197    0.00391766
198    0.00393011
199    0.00390336
200    0.00391668
201    0.00389462
202    0.00392277
203    0.00389434
204    0.00389289
205    0.00391134
206    0.00393559
207    0.00391753
208    0.00395336
209    0.00391896
210    0.003917
211    0.0039143
212    0.00391873
213    0.00390589
214    0.00392922
215    0.00390174
216    0.00392241
217    0.00387734
218    0.00392577
219    0.00390099
220    0.0039065
221    0.00390142
222    0.00390376
223    0.0038931
224    0.00392949
225    0.00393213
226    0.0038997
227    0.00391011
228    0.003885
229    0.00387882
230    0.00394247
231    0.00391506
232    0.00392167
233    0.00390706
234    0.00391946
235    0.00391321
236    0.00391763
237    0.00389615
238    0.00393928
239    0.003899
240    0.00394727
241    0.00389717
242    0.00391536
243    0.00389493
244    0.00392971
245    0.00390988
246    0.00388918
247    0.00390657
248    0.0039166
249    0.00391365
250    0.00390957
251    0.00389696
252    0.00390582
253    0.00390672
254    0.00392899
255    0.00388777
