0    0.00393214
1    0.00390078
2    0.00386583
3    0.003903
4    0.003901
5    0.00393871
6    0.00389526
7    0.00389408
8    0.00388639
9    0.00389845
10    0.00390294
11    0.00389803
12    0.00387175
13    0.00389778
14    0.00391116
15    0.00389278
16    0.0039106
17    0.00391475
18    0.00389642
19    0.00390692
20    0.00388713
21    0.00392047
22    0.00389031
23    0.0038881
24    0.00391032
25    0.00392501
26    0.00390942
27    0.00391191
28    0.00388988
29    0.00390652
30    0.00392128
31    0.00390721
32    0.00392301
33    0.00391488
34    0.00388114
35    0.0039
36    0.00388203
37    0.00390194
38    0.00389516
39    0.00390654
40    0.00389042
41    0.00391313
42    0.00389878
43    0.00388098
44    0.00390732
45    0.00393546
46    0.00391679
47    0.00390983
48    0.00390831
49    0.0039135
50    0.00391913
51    0.00390108
52    0.00392743
53    0.00390547
54    0.00389617
55    0.00388912
56    0.00390388
57    0.00389455
58    0.00393229
59    0.00391901
60    0.00386721
61    0.00389733
62    0.00388938
63    0.00393043
64    0.00391076
65    0.00390511
66    0.0039163
67    0.00390417
68    0.00389477
69    0.00387704
70    0.00390731
71    0.00392915
72    0.00394854
73    0.00392337
74    0.00389059
75    0.00393228
76    0.00390101
77    0.00391313
78    0.00390933
79    0.00389235
80    0.00391815
81    0.00387941
82    0.00391191
83    0.0039241
84    0.00389971
85    0.00391777
86    0.00391871
87    0.00389221
88    0.00391378
89    0.00391323
90    0.00391712
91    0.0039081
92    0.0039058
93    0.00390395
94    0.00393008
95    0.00389916
96    0.00391197
97    0.00388734
98    0.00391669
99    0.0039142
100    0.0038943
101    0.00388529
102    0.0039071
103    0.00393297
104    0.00390901
105    0.00392949
106    0.00388941
107    0.00390982
108    0.00391
109    0.00393086
110    0.00390164
111    0.00392261
112    0.00390755
113    0.00391174
114    0.00391993
115    0.00389744
116    0.00390719
117    0.00393178
118    0.00390803
119    0.00391437
120    0.00394027
121    0.00388509
122    0.00390399
123    0.00391394
124    0.00387379
125    0.00390849
126    0.00389523
127    0.00390515
128    0.00388543
129    0.00392883
130    0.0038992
131    0.00390339
132    0.00390038
133    0.00391225
134    0.00390467
135    0.00388071
136    0.0039026
137    0.00391519
138    0.00391165
139    0.00393066
140    0.00390756
141    0.00389815
142    0.00389106
143    0.00391722
144    0.00388434
145    0.00392057
146    0.0038955
147    0.00389996
148    0.00391136
149    0.00389064
150    0.00389109
151    0.00391896
152    0.00389623
153    0.00390782
154    0.00391347
155    0.00390828
156    0.00392204
157    0.00389065
158    0.00388713
159    0.00392159
160    0.0039107
161    0.00391355
162    0.00391714
163    0.00393241
164    0.00391433
165    0.00389198
166    0.00389304
167    0.00391365
168    0.00393437
169    0.00388681
170    0.00391044
171    0.0039027
172    0.00391003
173    0.0039307
174    0.00388121
175    0.00388548
176    0.00391511
177    0.00391072
178    0.0039222
179    0.0038875
180    0.00387315
181    0.00390482
182    0.00390795
183    0.00391623
184    0.00391311
185    0.00393377
186    0.0039039
187    0.0039101
188    0.00390851
189    0.00393408
190    0.00390787
191    0.00392061
192    0.00390286
193    0.00389211
194    0.00390366
195    0.00389838
196    0.00391208
197    0.00389139
198    0.00387466
199    0.00390714
200    0.00391512
201    0.00391113
202    0.00388501
203    0.00391588
204    0.00390395
205    0.00391397
206    0.00388723
207    0.00390952
208    0.00391727
209    0.00387981
210    0.00389012
211    0.00389335
212    0.00391549
213    0.00393191
214    0.00388812
215    0.00391345
216    0.00389519
217    0.00392487
218    0.00391495
219    0.00391245
220    0.00392182
221    0.00390174
222    0.00392946
223    0.00387255
224    0.00390539
225    0.00388567
226    0.00387498
227    0.00392153
228    0.0039049
229    0.00389036
230    0.0039038
231    0.00392415
232    0.0039118
233    0.00389607
234    0.00390015
235    0.00391097
236    0.00389996
237    0.00391308
238    0.00391601
239    0.00392193
240    0.00388893
241    0.00388997
242    0.00390666
243    0.00389893
244    0.003915
245    0.00390797
246    0.00391864
247    0.00389027
248    0.00390423
249    0.00391194
250    0.00393528
251    0.00392082
252    0.0039025
253    0.00390608
254    0.00393369
255    0.00389188
