0    0.00393051
1    0.0039161
2    0.00390974
3    0.00389607
4    0.00389485
5    0.00390369
6    0.00390763
7    0.00387529
8    0.0039076
9    0.00394006
10    0.0039253
11    0.00389062
12    0.00391746
13    0.00388729
14    0.00393306
15    0.00389046
16    0.00389936
17    0.00391261
18    0.00392857
19    0.00392224
20    0.00390173
21    0.00390476
22    0.00391452
23    0.00389884
24    0.00390587
25    0.00390132
26    0.00390188
27    0.00388134
28    0.00392986
29    0.00390104
30    0.00389659
31    0.00390168
32    0.00387721
33    0.00392029
34    0.00391984
35    0.00389015
36    0.00389707
37    0.00392869
38    0.00389908
39    0.00390555
40    0.00388555
41    0.00388918
42    0.00392316
43    0.00390803
44    0.00390488
45    0.00388273
46    0.00390595
47    0.00390989
48    0.00390001
49    0.00387324
50    0.00388296
51    0.00389039
52    0.0039284
53    0.00390913
54    0.00390178
55    0.00390145
56    0.00387839
57    0.00390987
58    0.00388154
59    0.00390617
60    0.00390104
61    0.00390804
62    0.00391524
63    0.0039054
64    0.00390146
65    0.00390519
66    0.00386642
67    0.00389531
68    0.00389773
69    0.00388153
70    0.00392165
71    0.00389524
72    0.00393115
73    0.00388861
74    0.00390984
75    0.00393509
76    0.00390976
77    0.00391157
78    0.00389348
79    0.00389121
80    0.00390767
81    0.00390416
82    0.00391668
83    0.00389029
84    0.00391
85    0.00389159
86    0.00391215
87    0.00391428
88    0.00391508
89    0.00390855
90    0.00390612
91    0.00390399
92    0.00390377
93    0.00390908
94    0.00392208
95    0.00390169
96    0.0039283
97    0.00392333
98    0.00389062
99    0.00390138
100    0.00390564
101    0.0039234
102    0.00392238
103    0.0039318
104    0.00390551
105    0.00391406
106    0.0038894
107    0.00390896
108    0.00387687
109    0.00391435
110    0.0039189
111    0.00393443
112    0.00389669
113    0.00390833
114    0.00389613
115    0.00389888
116    0.00388334
117    0.00391697
118    0.00392211
119    0.00389875
120    0.00392674
121    0.00391566
122    0.003926
123    0.00391103
124    0.00389645
125    0.00390484
126    0.00391097
127    0.00388982
128    0.00388473
129    0.0038957
130    0.00389157
131    0.00389929
132    0.00392975
133    0.00389197
134    0.00390821
135    0.00388159
136    0.00390032
137    0.003912
138    0.00387232
139    0.00390266
140    0.00391093
141    0.00388266
142    0.00393242
143    0.00388832
144    0.00390844
145    0.00386068
146    0.00390722
147    0.0039026
148    0.00389367
149    0.00392007
150    0.00389971
151    0.00392256
152    0.00390415
153    0.00387926
154    0.00391247
155    0.00391683
156    0.00389527
157    0.00392713
158    0.00390138
159    0.00392299
160    0.00391872
161    0.00393194
162    0.00388438
163    0.00389663
164    0.00390747
165    0.00389641
166    0.00391091
167    0.00388903
168    0.00391781
169    0.00391795
170    0.0038942
171    0.00390145
172    0.00390269
173    0.00392603
174    0.00389621
175    0.00390743
176    0.00391468
177    0.0039053
178    0.00389344
179    0.0039042
180    0.00388629
181    0.0039174
182    0.0039068
183    0.00387883
184    0.00391164
185    0.00391502
186    0.00391412
187    0.00390111
188    0.00391115
189    0.00391494
190    0.00389861
191    0.00389148
192    0.0039192
193    0.00387532
194    0.00392522
195    0.00391567
196    0.00388017
197    0.00389447
198    0.00392756
199    0.00389266
200    0.00389869
201    0.00391556
202    0.00387898
203    0.00392259
204    0.00391379
205    0.0039223
206    0.00392017
207    0.00390529
208    0.00387905
209    0.00392393
210    0.00388689
211    0.00391461
212    0.00391393
213    0.00391177
214    0.00390374
215    0.00393353
216    0.00391882
217    0.00390107
218    0.00392052
219    0.00389644
220    0.0038868
221    0.00391778
222    0.00390368
223    0.00389865
224    0.00388041
225    0.0038943
226    0.00392668
227    0.00390602
228    0.00391762
229    0.00392183
230    0.00394606
231    0.00392673
232    0.0039342
233    0.00391843
234    0.00393631
235    0.00389323
236    0.00390494
237    0.00390874
238    0.00391651
239    0.00390928
240    0.00393683
241    0.00391907
242    0.00390132
243    0.00391671
244    0.003892
245    0.003954
246    0.00391502
247    0.00389409
248    0.0039102
249    0.00389801
250    0.00392615
251    0.00390317
252    0.0038995
253    0.00390526
254    0.0039058
255    0.00392697
