0    0.00392468
1    0.00389677
2    0.00390194
3    0.00388515
4    0.00388067
5    0.00389914
6    0.00389569
7    0.00392248
8    0.0038986
9    0.00392061
10    0.00391342
11    0.00393404
12    0.00387021
13    0.00388773
14    0.00390626
15    0.00391476
16    0.00388129
17    0.00388936
18    0.00387877
19    0.00391323
20    0.0038857
21    0.0039278
22    0.00389845
23    0.00390611
24    0.0039324
25    0.00389873
26    0.00390371
27    0.00391215
28    0.00389093
29    0.00394073
30    0.00389215
31    0.00387583
32    0.00387241
33    0.00390928
34    0.00386952
35    0.00388799
36    0.00388327
37    0.00393776
38    0.00391266
39    0.00390353
40    0.00389032
41    0.00389638
42    0.00389231
43    0.00392077
44    0.00389709
45    0.00392133
46    0.00391181
47    0.00389188
48    0.00389489
49    0.00390625
50    0.00391192
51    0.00393862
52    0.00390489
53    0.00390538
54    0.00393433
55    0.00390601
56    0.00390391
57    0.00390501
58    0.00388551
59    0.00385765
60    0.00390696
61    0.00390052
62    0.00390943
63    0.00390887
64    0.0039141
65    0.00391321
66    0.00390671
67    0.00388734
68    0.00387858
69    0.00392614
70    0.00388646
71    0.0039064
72    0.00391536
73    0.00391166
74    0.00390503
75    0.00393107
76    0.00387622
77    0.00392871
78    0.00388797
79    0.00392272
80    0.00387261
81    0.00390971
82    0.00390651
83    0.00389314
84    0.00392364
85    0.00389558
86    0.00389531
87    0.00391212
88    0.0039067
89    0.00390623
90    0.00388912
91    0.00390512
92    0.00389462
93    0.00389286
94    0.00388221
95    0.00390722
96    0.00392838
97    0.00388996
98    0.00390048
99    0.00392926
100    0.00391605
101    0.00391276
102    0.00391933
103    0.00391358
104    0.0038919
105    0.00392708
106    0.00394607
107    0.00389945
108    0.00388474
109    0.00386726
110    0.00387237
111    0.00390764
112    0.00389407
113    0.00391492
114    0.00389954
115    0.00394057
116    0.00389886
117    0.00393061
118    0.00388297
119    0.00390504
120    0.00390093
121    0.00392453
122    0.00392356
123    0.00391183
124    0.00389866
125    0.00394549
126    0.00391012
127    0.00392256
128    0.00391485
129    0.00390563
130    0.0038951
131    0.00389409
132    0.00390209
133    0.00389912
134    0.00389415
135    0.00391167
136    0.00388247
137    0.00388876
138    0.00389064
139    0.00390431
140    0.00391184
141    0.00391516
142    0.00388691
143    0.00392649
144    0.00391177
145    0.00389124
146    0.0038995
147    0.00391852
148    0.00390313
149    0.00389761
150    0.00387611
151    0.00392987
152    0.00390305
153    0.00391384
154    0.00391369
155    0.00389763
156    0.00388772
157    0.00386873
158    0.00390724
159    0.00390824
160    0.00391912
161    0.00388352
162    0.00388279
163    0.00393345
164    0.00387109
165    0.00390519
166    0.00389179
167    0.00394893
168    0.00389918
169    0.00391829
170    0.00388138
171    0.00392632
172    0.0038842
173    0.00391023
174    0.00392004
175    0.00391541
176    0.00390456
177    0.00390253
178    0.00391922
179    0.00392081
180    0.00389101
181    0.00388711
182    0.0038978
183    0.00391711
184    0.00390309
185    0.00390532
186    0.00391391
187    0.00391245
188    0.00390563
189    0.00390404
190    0.00392644
191    0.00391602
192    0.00392494
193    0.00393792
194    0.00390935
195    0.00392363
196    0.0039154
197    0.0039236
198    0.0039028
199    0.00392229
200    0.00390109
201    0.00394636
202    0.00389436
203    0.00391631
204    0.00388024
205    0.00393076
206    0.00388429
207    0.00392981
208    0.0039094
209    0.003899
210    0.00392163
211    0.00390805
212    0.00387537
213    0.00391654
214    0.00389542
215    0.0039164
216    0.00393402
217    0.00389741
218    0.00390628
219    0.00391736
220    0.00389206
221    0.00393694
222    0.00391905
223    0.00391019
224    0.0038791
225    0.00390671
226    0.00392152
227    0.00388124
228    0.00390121
229    0.00393496
230    0.00390635
231    0.00390945
232    0.00390366
233    0.00392667
234    0.00391782
235    0.00389822
236    0.0039319
237    0.00395183
238    0.00389904
239    0.00390432
240    0.00387993
241    0.00391388
242    0.00391105
243    0.00390915
244    0.00391071
245    0.00390846
246    0.00391331
247    0.00391858
248    0.0039182
249    0.00392437
250    0.00391055
251    0.00390063
252    0.00390883
253    0.0039467
254    0.00391071
255    0.00391464
