0    0.00388797
1    0.00392097
2    0.00389547
3    0.0039237
4    0.0039115
5    0.00389116
6    0.00391953
7    0.00394304
8    0.00391286
9    0.00390381
10    0.00388496
11    0.00391516
12    0.00388627
13    0.00389486
14    0.00392065
15    0.00391156
16    0.00390326
17    0.00391812
18    0.00390728
19    0.00391934
20    0.00391579
21    0.00389283
22    0.00391891
23    0.00390947
24    0.00391059
25    0.00388144
26    0.00390815
27    0.00392683
28    0.0039264
29    0.00386822
30    0.00389104
31    0.00388161
32    0.00390487
33    0.00389409
34    0.00390764
35    0.00389863
36    0.00390857
37    0.00393543
38    0.00390826
39    0.00389497
40    0.00390364
41    0.00388811
42    0.00389221
43    0.00392514
44    0.00389748
45    0.0039315
46    0.0038683
47    0.00389521
48    0.00389847
49    0.00391002
50    0.00389679
51    0.00389465
52    0.00390369
53    0.00390881
54    0.00392455
55    0.00390313
56    0.0039046
57    0.00389981
58    0.00392469
59    0.00393062
60    0.00387187
61    0.00391547
62    0.00389411
63    0.00388878
64    0.00389673
65    0.00390523
66    0.003897
67    0.00388595
68    0.00393156
69    0.00390825
70    0.003889
71    0.00391174
72    0.00389157
73    0.00392739
74    0.00391088
75    0.00392813
76    0.00389934
77    0.00388064
78    0.00389108
79    0.00390168
80    0.00391733
81    0.00390852
82    0.00391581
83    0.00392037
84    0.00387147
85    0.00390606
86    0.00389656
87    0.00389706
88    0.0039047
89    0.0039184
90    0.00390324
91    0.00389407
92    0.00388673
93    0.00389853
94    0.00387934
95    0.00390046
96    0.00391131
97    0.00390367
98    0.00393264
99    0.00390457
100    0.00392238
101    0.00390176
102    0.00389308
103    0.0039247
104    0.00390798
105    0.00389998
106    0.00391187
107    0.0039374
108    0.00389759
109    0.00389028
110    0.0038817
111    0.00388218
112    0.00387956
113    0.00392623
114    0.00392703
115    0.00393438
116    0.00394397
117    0.00391756
118    0.0039106
119    0.00391258
120    0.00387755
121    0.0039143
122    0.00392321
123    0.00393992
124    0.0039094
125    0.00391065
126    0.00389359
127    0.00390082
128    0.00389829
129    0.00391875
130    0.00389764
131    0.00389247
132    0.00387229
133    0.00389696
134    0.00387407
135    0.00391426
136    0.00389394
137    0.00392402
138    0.00389929
139    0.00391636
140    0.00390635
141    0.00389073
142    0.00390503
143    0.00390903
144    0.00390303
145    0.00390662
146    0.00390195
147    0.0039025
148    0.00388313
149    0.00388897
150    0.00386726
151    0.00388824
152    0.00389644
153    0.00390577
154    0.00393163
155    0.00392761
156    0.00387953
157    0.00387891
158    0.00389744
159    0.00390839
160    0.00388465
161    0.00390692
162    0.00390398
163    0.00388394
164    0.00389281
165    0.00389096
166    0.00391642
167    0.00390903
168    0.00391189
169    0.00389908
170    0.00390668
171    0.00391939
172    0.00388975
173    0.0039376
174    0.00388778
175    0.00391589
176    0.00390126
177    0.00391022
178    0.00389451
179    0.00392091
180    0.00392767
181    0.00389739
182    0.003887
183    0.00393699
184    0.00389641
185    0.00390298
186    0.00390224
187    0.00390874
188    0.00391729
189    0.00390414
190    0.00389397
191    0.00391355
192    0.00389441
193    0.00391172
194    0.00391237
195    0.00391922
196    0.00391392
197    0.0038927
198    0.00392336
199    0.00391074
200    0.00391541
201    0.00391567
202    0.00392192
203    0.00393322
204    0.00389514
205    0.00393093
206    0.00389355
207    0.00392181
208    0.00389327
209    0.00390623
210    0.00389607
211    0.00393662
212    0.00387567
213    0.00392136
214    0.00390213
215    0.00392052
216    0.00392701
217    0.00390818
218    0.00390846
219    0.00390023
220    0.0038979
221    0.003923
222    0.00390426
223    0.00391068
224    0.00393707
225    0.0039216
226    0.00392315
227    0.00390894
228    0.0039072
229    0.0039156
230    0.00387807
231    0.00388693
232    0.00392382
233    0.00390702
234    0.00392571
235    0.00391404
236    0.00388408
237    0.00393059
238    0.00389433
239    0.00390201
240    0.00390843
241    0.00389673
242    0.00390317
243    0.00392385
244    0.00391187
245    0.00390051
246    0.00390728
247    0.00392948
248    0.0039562
249    0.00393495
250    0.00392007
251    0.00389207
252    0.00390829
253    0.00390268
254    0.00391814
255    0.0039133
