0    0.00391489
1    0.00389424
2    0.00392384
3    0.00388729
4    0.00390143
5    0.0039139
6    0.00390813
7    0.00390635
8    0.0039383
9    0.00390096
10    0.00395439
11    0.0039084
12    0.00390716
13    0.00390059
14    0.00390258
15    0.0039054
16    0.00391241
17    0.00388504
18    0.00390397
19    0.00392399
20    0.0038936
21    0.00388964
22    0.00388998
23    0.00389255
24    0.00390131
25    0.00389659
26    0.00391713
27    0.00389088
28    0.00390832
29    0.00388403
30    0.00390286
31    0.0038811
32    0.003908
33    0.0039082
34    0.00389786
35    0.00390329
36    0.00388003
37    0.00388072
38    0.00392632
39    0.00390291
40    0.00387281
41    0.00391036
42    0.00391879
43    0.00390684
44    0.00391809
45    0.00391496
46    0.00390925
47    0.00389164
48    0.0039056
49    0.00388687
50    0.00392732
51    0.00388997
52    0.00388621
53    0.00390875
54    0.00387297
55    0.0039136
56    0.00389674
57    0.00392357
58    0.00389494
59    0.00389489
60    0.00390304
61    0.00389802
62    0.003905
63    0.00391583
64    0.00390816
65    0.00387754
66    0.0038979
67    0.00389398
68    0.00390084
69    0.0038988
70    0.00390098
71    0.00390657
72    0.00390422
73    0.00390846
74    0.00391473
75    0.00391745
76    0.00390692
77    0.00392649
78    0.00389833
79    0.0039032
80    0.00388032
81    0.00392643
82    0.00389942
83    0.00389986
84    0.00389827
85    0.00391806
86    0.00389263
87    0.0039428
88    0.00389883
89    0.003947
90    0.00392531
91    0.00393111
92    0.00391439
93    0.0039102
94    0.00392145
95    0.00392968
96    0.00389162
97    0.00388417
98    0.00389227
99    0.00387
100    0.0039122
101    0.00389602
102    0.0039076
103    0.00391539
104    0.0039133
105    0.00390113
106    0.00389113
107    0.00391147
108    0.00393058
109    0.00392565
110    0.00388905
111    0.00390018
112    0.00391991
113    0.00388806
114    0.0038975
115    0.00390043
116    0.00391496
117    0.0039273
118    0.00390848
119    0.00393083
120    0.00390326
121    0.00389204
122    0.00391744
123    0.00390665
124    0.0038948
125    0.00391477
126    0.00395038
127    0.00390406
128    0.00388708
129    0.00390504
130    0.00389443
131    0.00391826
132    0.00388374
133    0.00390033
134    0.00394551
135    0.00389099
136    0.00391836
137    0.00391593
138    0.00391137
139    0.00390588
140    0.00391503
141    0.00392637
142    0.00391619
143    0.0038943
144    0.00389555
145    0.00389467
146    0.00391905
147    0.00391034
148    0.00388682
149    0.00390361
150    0.00389867
151    0.00389872
152    0.00389853
153    0.00390293
154    0.0039376
155    0.00389053
156    0.00390505
157    0.00390836
158    0.00392501
159    0.00388479
160    0.00389763
161    0.00391087
162    0.00390135
163    0.00388532
164    0.00391449
165    0.00388953
166    0.00390573
167    0.00388645
168    0.00391014
169    0.00389738
170    0.00390558
171    0.00391187
172    0.00390784
173    0.00388567
174    0.00391504
175    0.00389922
176    0.00389528
177    0.00390243
178    0.00389482
179    0.0039112
180    0.00391294
181    0.003936
182    0.00389078
183    0.00390985
184    0.00388912
185    0.0038883
186    0.00391363
187    0.00391807
188    0.00391589
189    0.00392374
190    0.00389645
191    0.00390414
192    0.00390338
193    0.00390687
194    0.00389788
195    0.00390969
196    0.00392245
197    0.00391993
198    0.00391242
199    0.00392262
200    0.00392072
201    0.00389918
202    0.00388101
203    0.00388717
204    0.00388597
205    0.00391718
206    0.00393439
207    0.00391846
208    0.0039036
209    0.00390158
210    0.00389845
211    0.00389597
212    0.00393025
213    0.00389869
214    0.00389335
215    0.00390281
216    0.00389936
217    0.00393293
218    0.00388318
219    0.00390809
220    0.00389726
221    0.00390008
222    0.00390902
223    0.00391155
224    0.00387625
225    0.00391634
226    0.00391596
227    0.00390014
228    0.00393409
229    0.00391942
230    0.00392899
231    0.00391825
232    0.00389466
233    0.00392336
234    0.00392223
235    0.00389257
236    0.00393356
237    0.00389948
238    0.00389703
239    0.00388869
240    0.00391112
241    0.00391671
242    0.00392271
243    0.00392611
244    0.00392829
245    0.00393519
246    0.00391283
247    0.00391125
248    0.00390356
249    0.00387838
250    0.00390014
251    0.003898
252    0.00390268
253    0.00392066
254    0.00391752
255    0.00391489
