0    0.00392951
1    0.00389846
2    0.00392607
3    0.00392476
4    0.00389916
5    0.00392526
6    0.00388829
7    0.0039119
8    0.00391603
9    0.00389339
10    0.00391266
11    0.00389609
12    0.00390528
13    0.00393436
14    0.00389348
15    0.00385806
16    0.00389059
17    0.00390603
18    0.00392037
19    0.00390057
20    0.00392347
21    0.00389939
22    0.0038734
23    0.0039071
24    0.00390367
25    0.00389731
26    0.00390305
27    0.00388348
28    0.00390889
29    0.0038882
30    0.00390878
31    0.00390359
32    0.0039294
33    0.00391179
34    0.00389618
35    0.00390312
36    0.00389938
37    0.00391027
38    0.00391317
39    0.00391299
40    0.00390701
41    0.00389935
42    0.00389383
43    0.0039256
44    0.00390492
45    0.00389228
46    0.00390173
47    0.00390769
48    0.00392276
49    0.00390462
50    0.00392664
51    0.00391541
52    0.0039399
53    0.00390931
54    0.00388405
55    0.00389823
56    0.00388806
57    0.00392065
58    0.00392435
59    0.00393593
60    0.00387896
61    0.00390303
62    0.00392254
63    0.00391893
64    0.00388408
65    0.00392538
66    0.00393459
67    0.00390577
68    0.00390111
69    0.00390401
70    0.00388752
71    0.00390151
72    0.00391087
73    0.00390817
74    0.00389125
75    0.00391092
76    0.00390065
77    0.00388749
78    0.00392348
79    0.00391161
80    0.0039103
81    0.00392731
82    0.00391549
83    0.0038886
84    0.00391692
85    0.00388339
86    0.00392539
87    0.00388138
88    0.00392026
89    0.0039157
90    0.00389043
91    0.00390595
92    0.0039014
93    0.00391242
94    0.00391466
95    0.00391662
96    0.0039071
97    0.0039033
98    0.0038972
99    0.00390324
100    0.00390121
101    0.00389142
102    0.00392131
103    0.00391317
104    0.00388968
105    0.00392911
106    0.00390972
107    0.00393219
108    0.00388863
109    0.00390188
110    0.0039093
111    0.0038724
112    0.00389506
113    0.00390372
114    0.00390818
115    0.00389437
116    0.00388419
117    0.00395069
118    0.00389284
119    0.00391549
120    0.00391457
121    0.00393021
122    0.00387815
123    0.00390356
124    0.00389654
125    0.00388646
126    0.00389136
127    0.00390927
128    0.00393348
129    0.00391086
130    0.0039091
131    0.00389778
132    0.0038872
133    0.00392582
134    0.00389068
135    0.00390688
136    0.0038976
137    0.00394166
138    0.00389931
139    0.00389411
140    0.00389356
141    0.00390848
142    0.00388407
143    0.00391913
144    0.00390208
145    0.00391022
146    0.00390549
147    0.00387902
148    0.00390318
149    0.0038981
150    0.00392686
151    0.00389605
152    0.00390133
153    0.00392297
154    0.00387578
155    0.00391887
156    0.00390228
157    0.0039284
158    0.0039106
159    0.00389824
160    0.00390136
161    0.00388013
162    0.00390835
163    0.0038914
164    0.00389473
165    0.00392522
166    0.00392199
167    0.00390274
168    0.00390526
169    0.00390189
170    0.0039167
171    0.00391093
172    0.00390471
173    0.00390767
174    0.00388876
175    0.00387594
176    0.00393506
177    0.00388536
178    0.00389151
179    0.00389843
180    0.00390576
181    0.0039007
182    0.00389904
183    0.00390928
184    0.0038819
185    0.00394288
186    0.00391982
187    0.00390927
188    0.003917
189    0.00390518
190    0.00391879
191    0.00391387
192    0.00392863
193    0.00390241
194    0.00391248
195    0.00389947
196    0.00389969
197    0.00390862
198    0.00389122
199    0.00390553
200    0.00392751
201    0.00389312
202    0.00390521
203    0.00390308
204    0.00389935
205    0.00389614
206    0.00390569
207    0.0039031
208    0.0039182
209    0.00390666
210    0.00389859
211    0.00389596
212    0.00390146
213    0.00392177
214    0.00389841
215    0.00391996
216    0.00390099
217    0.00389461
218    0.0039026
219    0.00391815
220    0.00391869
221    0.00389741
222    0.00389669
223    0.00391556
224    0.00393539
225    0.00388751
226    0.0039098
227    0.00389488
228    0.00392135
229    0.00390876
230    0.00391647
231    0.00391555
232    0.00391421
233    0.00388564
234    0.00393312
235    0.00390828
236    0.00392837
237    0.0038987
238    0.00391594
239    0.00388446
240    0.00390998
241    0.00392041
242    0.0039099
243    0.0039168
244    0.00391967
245    0.00389208
246    0.00391439
247    0.00390689
248    0.00388999
249    0.00391677
250    0.00388961
251    0.00390591
252    0.00391326
253    0.00391958
254    0.00390757
255    0.00389803
