0    0.00392151
1    0.00389864
2    0.00390865
3    0.00388697
4    0.00388517
5    0.00391122
6    0.00393648
7    0.00390656
8    0.0039217
9    0.00388505
10    0.00388526
11    0.00388886
12    0.00391495
13    0.00392116
14    0.00392337
15    0.00390909
16    0.00390593
17    0.00391792
18    0.00392894
19    0.00389441
20    0.00391454
21    0.00388425
22    0.00391371
23    0.00390001
24    0.00390929
25    0.00392611
26    0.00390622
27    0.00390201
28    0.00387581
29    0.00388943
30    0.00387095
31    0.00389923
32    0.00390818
33    0.00393103
34    0.00389281
35    0.00388948
36    0.00388915
37    0.00389077
38    0.00389936
39    0.00390954
40    0.00389121
41    0.00389277
42    0.0039247
43    0.00391518
44    0.00388727
45    0.00386051
46    0.00390796
47    0.0038965
48    0.00389382
49    0.00388514
50    0.00388571
51    0.00391626
52    0.00390013
53    0.00393601
54    0.00384985
55    0.00391472
56    0.00390924
57    0.00390304
58    0.00389426
59    0.00388488
60    0.00391065
61    0.00389739
62    0.00389342
63    0.00390658
64    0.0039055
65    0.003885
66    0.00390513
67    0.00392275
68    0.0038978
69    0.00390554
70    0.00390869
71    0.00391657
72    0.00391352
73    0.00389296
74    0.00391449
75    0.00389809
76    0.00386974
77    0.00387846
78    0.00389726
79    0.0039226
80    0.00391093
81    0.00390809
82    0.00388813
83    0.00388253
84    0.00391067
85    0.00391033
86    0.0038945
87    0.00393255
88    0.00387052
89    0.0038982
90    0.00390619
91    0.00387972
92    0.00390944
93    0.00391314
94    0.00391486
95    0.00390967
96    0.00391219
97    0.00388031
98    0.00388809
99    0.00388631
100    0.00390615
101    0.00390375
102    0.00388972
103    0.0038957
104    0.00392811
105    0.00391782
106    0.003904
107    0.00390909
108    0.00391984
109    0.00389183
110    0.00393782
111    0.00384862
112    0.00391181
113    0.00388968
114    0.00389731
115    0.00391226
116    0.0039064
117    0.00388743
118    0.00389371
119    0.00390306
120    0.00390244
121    0.00391334
122    0.00389394
123    0.00391448
124    0.00390171
125    0.00390873
126    0.00388941
127    0.003895
128    0.00392046
129    0.00390081
130    0.00392567
131    0.00389788
132    0.00392753
133    0.00391326
134    0.00388994
135    0.00392922
136    0.00390637
137    0.00391576
138    0.00388752
139    0.00390929
140    0.00390013
141    0.00388423
142    0.00391672
143    0.00393222
144    0.00390056
145    0.00389954
146    0.00388267
147    0.00390204
148    0.00389308
149    0.00390489
150    0.00392016
151    0.00389741
152    0.00389992
153    0.00391163
154    0.00391882
155    0.00391824
156    0.00392242
157    0.00389519
158    0.00390636
159    0.00389178
160    0.00391866
161    0.00389623
162    0.00395016
163    0.00392084
164    0.00391365
165    0.00391846
166    0.00394218
167    0.00391919
168    0.0039042
169    0.00392411
170    0.0039089
171    0.00394289
172    0.0038991
173    0.00393578
174    0.00387612
175    0.00390526
176    0.00391413
177    0.00390012
178    0.0039267
179    0.00389998
180    0.00387814
181    0.0039039
182    0.00392129
183    0.00392168
184    0.00389139
185    0.00388347
186    0.0039305
187    0.00391761
188    0.00391615
189    0.00390743
190    0.00389056
191    0.00391567
192    0.0038891
193    0.00393109
194    0.00392208
195    0.00389996
196    0.00393417
197    0.00391064
198    0.00392454
199    0.00391188
200    0.00388138
201    0.00391254
202    0.00390234
203    0.00390931
204    0.00392519
205    0.00390308
206    0.00390538
207    0.0039194
208    0.00389665
209    0.00392146
210    0.0038917
211    0.00390105
212    0.00391884
213    0.00392813
214    0.00392398
215    0.00394362
216    0.00393695
217    0.00393061
218    0.00389696
219    0.00391132
220    0.0039231
221    0.00388016
222    0.00392234
223    0.00390661
224    0.00390496
225    0.00391386
226    0.00389156
227    0.00387374
228    0.00389951
229    0.00388362
230    0.00391246
231    0.00393861
232    0.0038987
233    0.00390835
234    0.00390419
235    0.00392748
236    0.00391681
237    0.00392649
238    0.0039138
239    0.00391574
240    0.00390754
241    0.00387815
242    0.00391698
243    0.00391943
244    0.00390254
245    0.00390218
246    0.00390603
247    0.00391125
248    0.0039187
249    0.00390975
250    0.00392053
251    0.00393824
252    0.00392049
253    0.00392294
254    0.0039197
255    0.00391947
