0    0.0038939
1    0.00395777
2    0.00389638
3    0.00390883
4    0.00390671
5    0.00392111
6    0.00389498
7    0.00390719
8    0.00390355
9    0.0039103
10    0.00391218
11    0.00389979
12    0.00391442
13    0.00395036
14    0.0039134
15    0.00390167
16    0.00390317
17    0.00390593
18    0.00391995
19    0.00388776
20    0.00388234
21    0.00390497
22    0.00393359
23    0.00390499
24    0.00388606
25    0.00388965
26    0.00390041
27    0.00390272
28    0.00390722
29    0.00390837
30    0.00391007
31    0.0038942
32    0.00390116
33    0.00389873
34    0.00388734
35    0.0038969
36    0.00387631
37    0.00388582
38    0.0039036
39    0.00391228
40    0.0039007
41    0.00389709
42    0.00392728
43    0.00388947
44    0.00388296
45    0.00393207
46    0.00391886
47    0.00390241
48    0.00389661
49    0.00389943
50    0.00390481
51    0.00391822
52    0.00391668
53    0.00391253
54    0.00390479
55    0.00389632
56    0.00391155
57    0.00391065
58    0.00389319
59    0.00392686
60    0.00391129
61    0.00391114
62    0.00389184
63    0.00389843
64    0.00391649
65    0.00388684
66    0.00388995
67    0.00388801
68    0.00391461
69    0.00390437
70    0.00392077
71    0.003922
72    0.00391272
73    0.00389011
74    0.00389334
75    0.00390927
76    0.00391535
77    0.00388071
78    0.00391318
79    0.00390122
80    0.00391467
81    0.00391887
82    0.0038998
83    0.00389048
84    0.00389205
85    0.00390751
86    0.00388647
87    0.00390092
88    0.00389975
89    0.00390508
90    0.00392287
91    0.0039101
92    0.00389854
93    0.00390524
94    0.00390873
95    0.00389892
96    0.00392213
97    0.00390701
98    0.00389594
99    0.00388427
100    0.0039033
101    0.0039255
102    0.0038943
103    0.00390225
104    0.00391196
105    0.00391793
106    0.00392938
107    0.00391167
108    0.00394882
109    0.00389906
110    0.00391819
111    0.00392564
112    0.00392085
113    0.0039082
114    0.00390593
115    0.00390942
116    0.00390239
117    0.00391744
118    0.00391308
119    0.00391687
120    0.00391947
121    0.00392989
122    0.00391401
123    0.00387204
124    0.00389283
125    0.00387651
126    0.00390546
127    0.0039133
128    0.00389873
129    0.00387453
130    0.00391538
131    0.00391188
132    0.00389809
133    0.0039059
134    0.00387017
135    0.0039078
136    0.00392472
137    0.00387207
138    0.00392266
139    0.00390115
140    0.00391373
141    0.00393567
142    0.00393052
143    0.00388731
144    0.00387816
145    0.00389954
146    0.00393029
147    0.00390134
148    0.00390667
149    0.00389381
150    0.00390367
151    0.00390405
152    0.00389767
153    0.00389588
154    0.0038999
155    0.00391175
156    0.00390769
157    0.00388793
158    0.00389888
159    0.00392688
160    0.00390934
161    0.00392158
162    0.0039014
163    0.00392714
164    0.00391432
165    0.00392064
166    0.00389756
167    0.00389909
168    0.00391493
169    0.00392099
170    0.00394259
171    0.00390676
172    0.00390448
173    0.00389708
174    0.00391719
175    0.00390979
176    0.00391575
177    0.00390397
178    0.00390955
179    0.0038997
180    0.00390049
181    0.00391152
182    0.00388465
183    0.00390511
184    0.0038961
185    0.00390612
186    0.00390924
187    0.00391224
188    0.00390595
189    0.00387935
190    0.0039075
191    0.00389805
192    0.00388798
193    0.00390929
194    0.00389339
195    0.00391613
196    0.00391784
197    0.00388765
198    0.0039275
199    0.00388541
200    0.0039018
201    0.00391198
202    0.00391893
203    0.00390079
204    0.00391124
205    0.0038973
206    0.00389632
207    0.00391262
208    0.00390734
209    0.00388003
210    0.00392454
211    0.00390698
212    0.00392262
213    0.00390597
214    0.00391171
215    0.00388643
216    0.00389826
217    0.0038991
218    0.00392643
219    0.00390333
220    0.00391201
221    0.00391261
222    0.00390489
223    0.00389227
224    0.00388946
225    0.00391132
226    0.00393916
227    0.003917
228    0.00392671
229    0.00392606
230    0.00390906
231    0.00389876
232    0.00389037
233    0.00390157
234    0.0039065
235    0.00389179
236    0.00391072
237    0.00392756
238    0.00390369
239    0.00392705
240    0.00391445
241    0.00391203
242    0.00393285
243    0.0039179
244    0.00390672
245    0.00389608
246    0.00389212
247    0.00391513
248    0.00388701
249    0.00390541
250    0.00390032
251    0.00391114
252    0.003901
253    0.00390674
254    0.0038911
255    0.00391267
