0    0.00390962
1    0.00392141
2    0.00393459
3    0.00390578
4    0.00389372
5    0.00391079
6    0.00391931
7    0.00391879
8    0.00389255
9    0.00392583
10    0.00389439
11    0.00388533
12    0.00391237
13    0.00388738
14    0.00389501
15    0.00391207
16    0.00391732
17    0.00390884
18    0.0039156
19    0.00389824
20    0.00390223
21    0.00389402
22    0.00390491
23    0.00394928
24    0.00389095
25    0.00394664
26    0.00388808
27    0.00389113
28    0.00391661
29    0.00388117
30    0.0039113
31    0.00391826
32    0.00389672
33    0.003912
34    0.00390123
35    0.00388665
36    0.00390265
37    0.00387891
38    0.00388579
39    0.00390825
40    0.00392016
41    0.00391725
42    0.00392496
43    0.00388752
44    0.00391079
45    0.00391431
46    0.00392647
47    0.00389285
48    0.00388407
49    0.00391898
50    0.0039106
51    0.00392025
52    0.00388836
53    0.00389259
54    0.00391402
55    0.003894
56    0.00390848
57    0.0038904
58    0.00385657
59    0.0039332
60    0.00388481
61    0.00388535
62    0.00392806
63    0.0039221
64    0.00389906
65    0.00388479
66    0.0039237
67    0.00388569
68    0.00388979
69    0.00390455
70    0.00388524
71    0.00390029
72    0.0039025
73    0.00390612
74    0.00387638
75    0.00393496
76    0.00390079
77    0.00390577
78    0.00390866
79    0.0039139
80    0.00390817
81    0.00391768
82    0.00390813
83    0.00392172
84    0.00388573
85    0.00392096
86    0.0038992
87    0.00392146
88    0.00391075
89    0.0039088
90    0.00388183
91    0.00389825
92    0.00392709
93    0.00390957
94    0.00391941
95    0.00386931
96    0.00390723
97    0.00391907
98    0.00392084
99    0.00389637
100    0.00390591
101    0.00391168
102    0.00388723
103    0.00390073
104    0.00391989
105    0.00389021
106    0.00389619
107    0.00392751
108    0.00388446
109    0.00389532
110    0.00391291
111    0.00391445
112    0.00388393
113    0.00393366
114    0.00389039
115    0.00389463
116    0.00391407
117    0.00389481
118    0.00390832
119    0.00390095
120    0.00391185
121    0.00389555
122    0.00389829
123    0.00388979
124    0.00392248
125    0.0038894
126    0.00389828
127    0.00388398
128    0.00388862
129    0.00391022
130    0.00390704
131    0.00394912
132    0.00390007
133    0.00389409
134    0.00389038
135    0.00391465
136    0.00390396
137    0.00390723
138    0.00391095
139    0.00393197
140    0.00388567
141    0.0038787
142    0.00391138
143    0.0039159
144    0.00390418
145    0.00391372
146    0.00390727
147    0.0038913
148    0.00389077
149    0.00387797
150    0.00392167
151    0.00390051
152    0.00390992
153    0.00391292
154    0.00390266
155    0.00390008
156    0.00391429
157    0.00392381
158    0.00389988
159    0.00391371
160    0.00391945
161    0.0039091
162    0.00391913
163    0.00389521
164    0.00392676
165    0.00391624
166    0.00391208
167    0.0038757
168    0.00388993
169    0.00394853
170    0.00390917
171    0.00390746
172    0.00390938
173    0.00389555
174    0.00389891
175    0.00391124
176    0.00389989
177    0.00390226
178    0.00390085
179    0.00388774
180    0.00388904
181    0.00390972
182    0.00390469
183    0.00394217
184    0.00390203
185    0.00392333
186    0.00389572
187    0.00391584
188    0.00391318
189    0.00392635
190    0.00389035
191    0.00388508
192    0.0039378
193    0.00390824
194    0.00393688
195    0.0039099
196    0.00390551
197    0.00388357
198    0.00391037
199    0.00391486
200    0.00389195
201    0.00388856
202    0.00391268
203    0.00393508
204    0.00392234
205    0.00388692
206    0.00387942
207    0.00392222
208    0.00390032
209    0.003878
210    0.00388432
211    0.0039156
212    0.00391079
213    0.00389481
214    0.00391805
215    0.00392685
216    0.0039093
217    0.00392134
218    0.00388326
219    0.00391787
220    0.00390398
221    0.00392429
222    0.00390207
223    0.0039422
224    0.00391946
225    0.00389048
226    0.00391656
227    0.00389703
228    0.00387393
229    0.00393182
230    0.00388336
231    0.00389179
232    0.00390568
233    0.00390539
234    0.00391436
235    0.00392493
236    0.0039087
237    0.00389177
238    0.00389555
239    0.00391726
240    0.00394789
241    0.00391247
242    0.00389885
243    0.00394425
244    0.00389151
245    0.0039106
246    0.00390059
247    0.00390118
248    0.00391928
249    0.00393751
250    0.00390698
251    0.0039099
252    0.00392829
253    0.00391796
254    0.00391691
255    0.00390932
