0    0.00393391
1    0.00392064
2    0.0039159
3    0.00390013
4    0.00390868
5    0.00388813
6    0.00388571
7    0.00390337
8    0.0039256
9    0.00388015
10    0.00391681
11    0.00391854
12    0.00392723
13    0.00390898
14    0.0038868
15    0.00393025
16    0.00391096
17    0.00392265
18    0.00394291
19    0.00390201
20    0.00392516
21    0.00391304
22    0.00388251
23    0.00390682
24    0.00391461
25    0.00392793
26    0.0039066
27    0.00392034
28    0.00388274
29    0.00390427
30    0.00388537
31    0.00392365
32    0.00389678
33    0.0039153
34    0.00390123
35    0.00389962
36    0.00393918
37    0.00390778
38    0.00391028
39    0.00389347
40    0.00390067
41    0.00392714
42    0.00389107
43    0.00389098
44    0.00388867
45    0.00391296
46    0.00389702
47    0.00389252
48    0.00388232
49    0.00391703
50    0.00389544
51    0.00389527
52    0.00390645
53    0.00389001
54    0.00389777
55    0.00388744
56    0.00388555
57    0.00393561
58    0.00390351
59    0.0038878
60    0.00389468
61    0.00390385
62    0.00389034
63    0.00389903
64    0.003896
65    0.00391758
66    0.00393287
67    0.00389979
68    0.00391137
69    0.00392783
70    0.00390952
71    0.00390214
72    0.00386667
73    0.00391518
74    0.00387106
75    0.00391284
76    0.00389458
77    0.00386983
78    0.00388823
79    0.00388592
80    0.00389929
81    0.00388099
82    0.00388921
83    0.00387711
84    0.00390149
85    0.0039102
86    0.00390837
87    0.00387369
88    0.00391817
89    0.00388957
90    0.00392466
91    0.00390847
92    0.00388665
93    0.00389971
94    0.00392475
95    0.00390141
96    0.00390938
97    0.00390355
98    0.0039016
99    0.00389158
100    0.00390312
101    0.00391064
102    0.00389097
103    0.00392534
104    0.0039136
105    0.00390391
106    0.00392412
107    0.00390245
108    0.00393095
109    0.00389489
110    0.00388629
111    0.00391929
112    0.00392393
113    0.00392448
114    0.00392447
115    0.00388376
116    0.00390036
117    0.0039106
118    0.00391487
119    0.00391796
120    0.003934
121    0.00388223
122    0.00391036
123    0.00390999
124    0.00389947
125    0.00391652
126    0.00391532
127    0.00392357
128    0.00389867
129    0.00391105
130    0.00392357
131    0.00388673
132    0.00390336
133    0.00389198
134    0.00392859
135    0.00388616
136    0.00389686
137    0.00390533
138    0.00389941
139    0.00390479
140    0.00391082
141    0.0039405
142    0.00393229
143    0.0039119
144    0.00389731
145    0.00390446
146    0.0039162
147    0.00389478
148    0.00389924
149    0.00394936
150    0.00391845
151    0.00387746
152    0.00390294
153    0.00388983
154    0.00392736
155    0.0039025
156    0.00387744
157    0.00393552
158    0.00392219
159    0.00390285
160    0.00389253
161    0.00392815
162    0.00388131
163    0.00392247
164    0.00389434
165    0.00391369
166    0.00390466
167    0.00390691
168    0.00390245
169    0.00389009
170    0.00391332
171    0.00389479
172    0.0039289
173    0.00390321
174    0.00389609
175    0.00389227
176    0.00389276
177    0.00390185
178    0.00389813
179    0.00387901
180    0.00392182
181    0.00390636
182    0.00389713
183    0.00391364
184    0.00390339
185    0.00390466
186    0.00392321
187    0.0039045
188    0.00393001
189    0.00392335
190    0.00390735
191    0.00387388
192    0.00391633
193    0.00389431
194    0.00390908
195    0.00391457
196    0.00388283
197    0.00389637
198    0.00390334
199    0.00388291
200    0.00390499
201    0.00393378
202    0.00392511
203    0.00390675
204    0.00390993
205    0.00390622
206    0.0039406
207    0.00389701
208    0.00392748
209    0.00388522
210    0.00390787
211    0.00390779
212    0.00390212
213    0.0039102
214    0.00391432
215    0.00390857
216    0.00391845
217    0.00389581
218    0.00391036
219    0.00388122
220    0.00390281
221    0.00390212
222    0.00390694
223    0.00393176
224    0.00391676
225    0.00387406
226    0.00390167
227    0.00391487
228    0.00389968
229    0.00389928
230    0.00389876
231    0.0039127
232    0.00404202
233    0.00390572
234    0.00388389
235    0.00390679
236    0.00392217
237    0.0039023
238    0.00393522
239    0.00392414
240    0.00390283
241    0.00391537
242    0.00392237
243    0.00387823
244    0.00391779
245    0.00389326
246    0.00389655
247    0.003919
248    0.00390706
249    0.00388967
250    0.00391052
251    0.00390695
252    0.0039145
253    0.00391401
254    0.00387937
255    0.00390137
