0    0.00393406
1    0.00390051
2    0.00387863
3    0.00390486
4    0.00390887
5    0.00392178
6    0.00390098
7    0.0039016
8    0.00391126
9    0.0039
10    0.0038799
11    0.00391143
12    0.00390289
13    0.00392208
14    0.00387438
15    0.00391175
16    0.00392385
17    0.0039265
18    0.00390081
19    0.00389144
20    0.00389475
21    0.00389744
22    0.00389408
23    0.00390603
24    0.00392626
25    0.00386264
26    0.00390254
27    0.00390332
28    0.00392092
29    0.00389638
30    0.0039196
31    0.00389227
32    0.00391333
33    0.00389974
34    0.00391266
35    0.00393955
36    0.00390382
37    0.00389763
38    0.00393105
39    0.00391843
40    0.00387533
41    0.00386872
42    0.00390709
43    0.00389205
44    0.00390187
45    0.00389562
46    0.00391805
47    0.00392443
48    0.00389556
49    0.00391997
50    0.00392775
51    0.00388909
52    0.00390009
53    0.0039005
54    0.00389235
55    0.00389384
56    0.00390304
57    0.00388687
58    0.00390805
59    0.00387191
60    0.00389288
61    0.00390683
62    0.00388653
63    0.00388684
64    0.00389535
65    0.00389555
66    0.00388793
67    0.00389644
68    0.00391714
69    0.00391625
70    0.00388514
71    0.00392206
72    0.00388725
73    0.00388531
74    0.00392413
75    0.00392152
76    0.00390318
77    0.00392678
78    0.00387533
79    0.00390448
80    0.00390866
81    0.00388717
82    0.00389549
83    0.00391222
84    0.0039207
85    0.00391184
86    0.00389792
87    0.00390064
88    0.00388736
89    0.00388413
90    0.00390274
91    0.00390592
92    0.00389259
93    0.00391375
94    0.003861
95    0.00390961
96    0.00390331
97    0.00393108
98    0.00388724
99    0.00391231
100    0.00390003
101    0.0038967
102    0.0039328
103    0.0038897
104    0.00390192
105    0.00391853
106    0.0039269
107    0.00390847
108    0.00387333
109    0.00390173
110    0.00387804
111    0.00392165
112    0.0039094
113    0.00391659
114    0.00391236
115    0.00391893
116    0.00388111
117    0.00393421
118    0.00390993
119    0.00391442
120    0.00392348
121    0.00390874
122    0.0039417
123    0.00393136
124    0.00392656
125    0.00388829
126    0.0038903
127    0.00391706
128    0.00392892
129    0.00391497
130    0.00390605
131    0.00390161
132    0.00389719
133    0.00388729
134    0.00389501
135    0.00391674
136    0.00390935
137    0.00391757
138    0.00392381
139    0.00392878
140    0.00388593
141    0.0039156
142    0.00389917
143    0.00391307
144    0.00391913
145    0.00391581
146    0.00391389
147    0.00391483
148    0.00389104
149    0.0039032
150    0.00391741
151    0.00389343
152    0.00392121
153    0.00388634
154    0.00390178
155    0.00392466
156    0.00390549
157    0.00389725
158    0.00391097
159    0.00391048
160    0.00389506
161    0.00392206
162    0.00390765
163    0.00389965
164    0.00387511
165    0.00393003
166    0.00391464
167    0.00390078
168    0.00394105
169    0.00393037
170    0.00389609
171    0.0039231
172    0.00388553
173    0.00393101
174    0.00389478
175    0.00391871
176    0.00390292
177    0.00392381
178    0.00389233
179    0.00390048
180    0.00389727
181    0.00390503
182    0.00390896
183    0.00392415
184    0.00389591
185    0.00392217
186    0.00390775
187    0.00389946
188    0.00391371
189    0.00385393
190    0.00388201
191    0.00390552
192    0.00389824
193    0.00391442
194    0.00392296
195    0.00388854
196    0.00389088
197    0.00389048
198    0.00391283
199    0.0038853
200    0.003921
201    0.00391874
202    0.00392565
203    0.00388962
204    0.00388322
205    0.00388786
206    0.00391908
207    0.00392948
208    0.00386848
209    0.00393797
210    0.00389134
211    0.00391083
212    0.00389205
213    0.00390644
214    0.00390068
215    0.00393014
216    0.00391381
217    0.00391825
218    0.00393578
219    0.00391555
220    0.00393138
221    0.00389473
222    0.00387604
223    0.00389242
224    0.00391542
225    0.00391267
226    0.00391187
227    0.00390051
228    0.00391026
229    0.00389787
230    0.00390792
231    0.0039109
232    0.00392405
233    0.00391722
234    0.00392142
235    0.00390604
236    0.003907
237    0.00392291
238    0.00393085
239    0.00389836
240    0.00394439
241    0.00392271
242    0.00393456
243    0.00391147
244    0.00389335
245    0.00390053
246    0.00392177
247    0.00388228
248    0.00390125
249    0.00392672
250    0.00393025
251    0.00389127
252    0.00390032
253    0.00392891
254    0.00392594
255    0.0038968
