0    0.00391471
1    0.00390926
2    0.0039088
3    0.00392375
4    0.00391831
5    0.003915
6    0.00388433
7    0.00391919
8    0.00390025
9    0.00391126
10    0.00391792
11    0.00389569
12    0.00388596
13    0.00390449
14    0.00393027
15    0.0039135
16    0.00390739
17    0.00391168
18    0.00389517
19    0.00392982
20    0.00388687
21    0.00388237
22    0.00389444
23    0.00390814
24    0.00390666
25    0.00388177
26    0.00391493
27    0.00390865
28    0.00389205
29    0.00391419
30    0.00391141
31    0.00393694
32    0.00388725
33    0.00391058
34    0.00392732
35    0.00391002
36    0.00389918
37    0.00388598
38    0.00391561
39    0.00389812
40    0.0039081
41    0.00390659
42    0.00388943
43    0.00390339
44    0.00390755
45    0.00391649
46    0.00389886
47    0.00392781
48    0.00391689
49    0.00392092
50    0.00389239
51    0.00391208
52    0.00389734
53    0.0038967
54    0.00390748
55    0.00390032
56    0.00391889
57    0.00388516
58    0.00391672
59    0.00388477
60    0.00388117
61    0.00393182
62    0.00387906
63    0.00390763
64    0.00392089
65    0.00389194
66    0.00392454
67    0.00389831
68    0.00393026
69    0.00391529
70    0.00388462
71    0.00390832
72    0.00389952
73    0.00391203
74    0.00390445
75    0.00392408
76    0.00390107
77    0.00391646
78    0.0039166
79    0.00389655
80    0.00391754
81    0.00390433
82    0.0038981
83    0.00389164
84    0.0039095
85    0.00390401
86    0.00390907
87    0.00390812
88    0.00389714
89    0.00392478
90    0.00390723
91    0.00392738
92    0.00391567
93    0.00391567
94    0.00392194
95    0.00392528
96    0.00389009
97    0.00391689
98    0.00391562
99    0.00389412
100    0.00392125
101    0.00390561
102    0.00390763
103    0.00392938
104    0.00389679
105    0.00388206
106    0.00394712
107    0.00391258
108    0.00389497
109    0.0038973
110    0.00390741
111    0.00392756
112    0.00390397
113    0.00392475
114    0.00389823
115    0.00388445
116    0.00389516
117    0.00391468
118    0.00389632
119    0.0039126
120    0.00388596
121    0.00389336
122    0.00391361
123    0.00390003
124    0.00389284
125    0.00390412
126    0.0039022
127    0.00386738
128    0.00391514
129    0.00389891
130    0.00389872
131    0.00387502
132    0.00390201
133    0.00391357
134    0.00390147
135    0.00389168
136    0.0038806
137    0.00390809
138    0.00388298
139    0.00390479
140    0.00391331
141    0.00388406
142    0.0038934
143    0.00392666
144    0.00394014
145    0.00390152
146    0.00390787
147    0.00390591
148    0.00392221
149    0.00391096
150    0.00390074
151    0.00391019
152    0.00388017
153    0.00389293
154    0.00392186
155    0.00390734
156    0.00392424
157    0.00390786
158    0.00390802
159    0.00390357
160    0.00391136
161    0.00389364
162    0.00391679
163    0.00390694
164    0.00390481
165    0.00392263
166    0.00389551
167    0.00389305
168    0.0039141
169    0.00392011
170    0.00387998
171    0.00388877
172    0.00388928
173    0.00393378
174    0.00391186
175    0.00386171
176    0.00393204
177    0.00391102
178    0.00392145
179    0.00391213
180    0.00389858
181    0.00390945
182    0.00391883
183    0.00390204
184    0.00391947
185    0.00389586
186    0.00390712
187    0.00391662
188    0.0039007
189    0.0039034
190    0.003892
191    0.00387217
192    0.00390502
193    0.00390141
194    0.00392479
195    0.00391906
196    0.00390153
197    0.00390356
198    0.00392053
199    0.00390943
200    0.0039377
201    0.0039026
202    0.00390944
203    0.00388244
204    0.00392405
205    0.00391153
206    0.003907
207    0.00391114
208    0.00391691
209    0.00391681
210    0.0039419
211    0.00390417
212    0.0038866
213    0.00389721
214    0.00388426
215    0.00389239
216    0.00391161
217    0.00389388
218    0.00390096
219    0.00390949
220    0.00392775
221    0.0039115
222    0.00391715
223    0.00391134
224    0.00391395
225    0.0039087
226    0.00388597
227    0.00391039
228    0.00388168
229    0.00390184
230    0.00390727
231    0.00388818
232    0.00389878
233    0.00391473
234    0.00389285
235    0.00392693
236    0.00391576
237    0.00391562
238    0.00389835
239    0.00391984
240    0.00389798
241    0.00391048
242    0.00390573
243    0.00389025
244    0.00388923
245    0.00393525
246    0.00390719
247    0.00391928
248    0.00391919
249    0.00388967
250    0.00389915
251    0.0038962
252    0.00388186
253    0.00392227
254    0.00391682
255    0.00391517
