0    0.00393962
1    0.00391672
2    0.00389662
3    0.00392811
4    0.00389231
5    0.00392421
6    0.00390011
7    0.00389353
8    0.00389026
9    0.0038623
10    0.00391342
11    0.00390595
12    0.00388746
13    0.00389208
14    0.00392081
15    0.00388194
16    0.00389539
17    0.00390007
18    0.00392908
19    0.00389165
20    0.00390614
21    0.00392071
22    0.00388948
23    0.00390143
24    0.00392109
25    0.00392119
26    0.00387196
27    0.00390472
28    0.003899
29    0.00392727
30    0.00386862
31    0.00386566
32    0.00391096
33    0.00391198
34    0.0039032
35    0.00390009
36    0.00391353
37    0.0039006
38    0.00390803
39    0.00390995
40    0.00392145
41    0.00391072
42    0.00390819
43    0.00390815
44    0.00390286
45    0.00390885
46    0.00390249
47    0.00389784
48    0.00391037
49    0.00389796
50    0.00392314
51    0.00391863
52    0.00391486
53    0.00390603
54    0.003878
55    0.0038888
56    0.00387753
57    0.00386882
58    0.00388535
59    0.003907
60    0.00389084
61    0.00390114
62    0.00387152
63    0.00392394
64    0.0039016
65    0.00391233
66    0.00390346
67    0.00390575
68    0.00390411
69    0.00391644
70    0.00389116
71    0.00390032
72    0.00388616
73    0.00391199
74    0.00389497
75    0.00389643
76    0.00390057
77    0.00388369
78    0.00390101
79    0.00392457
80    0.00391493
81    0.00387823
82    0.00389314
83    0.00391141
84    0.00388427
85    0.00388022
86    0.00390974
87    0.00390793
88    0.00391326
89    0.00391209
90    0.00388366
91    0.00390873
92    0.00391814
93    0.00392999
94    0.00389387
95    0.00388726
96    0.00390185
97    0.00390773
98    0.00387654
99    0.0039069
100    0.00389843
101    0.00388044
102    0.00389734
103    0.00388278
104    0.00389399
105    0.0039051
106    0.00391451
107    0.00391594
108    0.00391049
109    0.00390216
110    0.00391321
111    0.00390417
112    0.00390181
113    0.0039012
114    0.00390784
115    0.00390967
116    0.00390712
117    0.0039235
118    0.00391494
119    0.00392158
120    0.00390649
121    0.00390169
122    0.00390108
123    0.00391866
124    0.00392441
125    0.0039054
126    0.0039227
127    0.00388641
128    0.00388003
129    0.00392174
130    0.00388493
131    0.00394928
132    0.00389473
133    0.00388449
134    0.00386907
135    0.00388054
136    0.00393091
137    0.00387611
138    0.00388418
139    0.00391554
140    0.0038868
141    0.00390743
142    0.00389728
143    0.00393341
144    0.00392085
145    0.00390879
146    0.00391891
147    0.0039051
148    0.00391318
149    0.00390113
150    0.00391852
151    0.00393565
152    0.00389299
153    0.00390605
154    0.00388584
155    0.00390155
156    0.00391274
157    0.00390719
158    0.00390964
159    0.00391418
160    0.00388905
161    0.00391349
162    0.00390072
163    0.00388905
164    0.00391195
165    0.00392107
166    0.00391027
167    0.00390458
168    0.00391783
169    0.00389792
170    0.00393778
171    0.0039063
172    0.0038873
173    0.00391894
174    0.00389042
175    0.00390099
176    0.00388796
177    0.00391654
178    0.0039203
179    0.00391315
180    0.00390763
181    0.00389527
182    0.00389243
183    0.00390892
184    0.00389749
185    0.00392472
186    0.00389849
187    0.0039211
188    0.00390058
189    0.00392053
190    0.0038961
191    0.00394366
192    0.00387614
193    0.00390944
194    0.00390778
195    0.00389213
196    0.00393574
197    0.00391151
198    0.00392945
199    0.00392435
200    0.0039471
201    0.00391165
202    0.00391619
203    0.00392886
204    0.00391567
205    0.0039004
206    0.00392522
207    0.00393004
208    0.00394735
209    0.00389978
210    0.00390305
211    0.00391454
212    0.00391769
213    0.00390226
214    0.00390328
215    0.00392456
216    0.00392037
217    0.00389872
218    0.00391443
219    0.00389225
220    0.00389728
221    0.00393365
222    0.00390652
223    0.0038894
224    0.0039234
225    0.00389026
226    0.00389759
227    0.00390864
228    0.00391619
229    0.00391149
230    0.00390853
231    0.00392777
232    0.00392105
233    0.00390923
234    0.00389522
235    0.0039195
236    0.00390046
237    0.0039004
238    0.00391416
239    0.00392557
240    0.00388694
241    0.00390651
242    0.0038918
243    0.00391258
244    0.0039424
245    0.00389812
246    0.00392924
247    0.0039177
248    0.00390819
249    0.00391818
250    0.00393553
251    0.00392185
252    0.0038852
253    0.00394428
254    0.00392687
255    0.00391768
