0    0.00392497
1    0.0039126
2    0.00392401
3    0.00391754
4    0.00388903
5    0.00392899
6    0.00390031
7    0.00390809
8    0.00392162
9    0.0039014
10    0.00390068
11    0.00390055
12    0.00391597
13    0.00389053
14    0.003897
15    0.00390194
16    0.0038922
17    0.00391814
18    0.00390824
19    0.0039202
20    0.00394344
21    0.00392061
22    0.00392943
23    0.00390736
24    0.00389851
25    0.00388868
26    0.00388752
27    0.00390614
28    0.00389362
29    0.00391616
30    0.00389721
31    0.00392059
32    0.00392479
33    0.00392694
34    0.00390374
35    0.00388664
36    0.00389875
37    0.00390542
38    0.00388323
39    0.00387924
40    0.00386715
41    0.00389601
42    0.00390132
43    0.0039034
44    0.00391507
45    0.00390851
46    0.00388132
47    0.00389298
48    0.00389013
49    0.00388431
50    0.00393371
51    0.00389001
52    0.00391027
53    0.00387962
54    0.00389709
55    0.00389499
56    0.00391897
57    0.00387578
58    0.00390393
59    0.00391769
60    0.0038886
61    0.00390199
62    0.00389473
63    0.00389017
64    0.00390866
65    0.00390661
66    0.00389599
67    0.00388021
68    0.0039339
69    0.0039145
70    0.00391496
71    0.00390478
72    0.003905
73    0.00390572
74    0.0038957
75    0.00386827
76    0.00390666
77    0.00388647
78    0.00388206
79    0.00389486
80    0.00390591
81    0.00391314
82    0.00389877
83    0.00388491
84    0.00390285
85    0.00390852
86    0.00389146
87    0.0039067
88    0.00391487
89    0.00391359
90    0.00390265
91    0.00390438
92    0.0039276
93    0.00389981
94    0.00387936
95    0.00391847
96    0.00389144
97    0.00392075
98    0.00390512
99    0.00389631
100    0.00388567
101    0.00391868
102    0.00390534
103    0.00392494
104    0.00392371
105    0.00389696
106    0.00388104
107    0.00390078
108    0.00391555
109    0.00391693
110    0.00389536
111    0.00390089
112    0.00389418
113    0.00389095
114    0.00390896
115    0.00388062
116    0.00390345
117    0.00387116
118    0.00391851
119    0.00389601
120    0.00390157
121    0.00390975
122    0.00390772
123    0.00389082
124    0.00394031
125    0.00389113
126    0.00389345
127    0.00390897
128    0.00392482
129    0.00389752
130    0.0038898
131    0.00388475
132    0.0039208
133    0.0039128
134    0.00391577
135    0.00389423
136    0.00390096
137    0.00390842
138    0.00391276
139    0.00391211
140    0.00390745
141    0.0039298
142    0.00390999
143    0.00388921
144    0.00392973
145    0.00390045
146    0.00392756
147    0.00392465
148    0.0039183
149    0.00392324
150    0.00393667
151    0.00390461
152    0.00389508
153    0.00390634
154    0.00388151
155    0.00390547
156    0.00390935
157    0.00390707
158    0.0038981
159    0.0039032
160    0.0039029
161    0.00389011
162    0.00390435
163    0.00390101
164    0.00390027
165    0.00392217
166    0.0038859
167    0.00387421
168    0.0039413
169    0.00389156
170    0.00393682
171    0.00392266
172    0.00392177
173    0.00391237
174    0.00388005
175    0.00390637
176    0.00392369
177    0.00388182
178    0.00388751
179    0.00390505
180    0.00390306
181    0.00390544
182    0.00389371
183    0.00394497
184    0.00392035
185    0.00393068
186    0.0039208
187    0.00387412
188    0.0039037
189    0.0039224
190    0.00390414
191    0.00393068
192    0.00392013
193    0.00391597
194    0.00391171
195    0.00390915
196    0.00390562
197    0.00391876
198    0.00393638
199    0.00393878
200    0.00392165
201    0.00389718
202    0.00394071
203    0.00393411
204    0.00389137
205    0.00389382
206    0.0039058
207    0.00390507
208    0.00391001
209    0.00390429
210    0.00393277
211    0.00387906
212    0.00392025
213    0.00392577
214    0.00390599
215    0.00391938
216    0.00391179
217    0.00391324
218    0.00391126
219    0.00391442
220    0.00388405
221    0.00391473
222    0.00393192
223    0.00388808
224    0.0039151
225    0.00389945
226    0.00392756
227    0.00388599
228    0.00391471
229    0.00389313
230    0.00388017
231    0.00389488
232    0.00391614
233    0.00390957
234    0.00389743
235    0.00393059
236    0.00390048
237    0.00390281
238    0.003924
239    0.00390433
240    0.00391101
241    0.00393594
242    0.00392189
243    0.00389595
244    0.00391991
245    0.00390173
246    0.0038846
247    0.00388027
248    0.00392782
249    0.0039448
250    0.00390901
251    0.00390754
252    0.00389034
253    0.00389721
254    0.00393059
255    0.00390909
