0    0.00394067
1    0.00392396
2    0.00388831
3    0.0039162
4    0.00392465
5    0.00389647
6    0.00392328
7    0.0039091
8    0.00391478
9    0.00391647
10    0.00390156
11    0.00389403
12    0.00388303
13    0.00393067
14    0.00389378
15    0.00391882
16    0.00392103
17    0.00389969
18    0.00391573
19    0.00390019
20    0.00391154
21    0.00390169
22    0.00391674
23    0.00390579
24    0.00389085
25    0.00392941
26    0.00390326
27    0.00388453
28    0.00388959
29    0.00390291
30    0.00390707
31    0.00388578
32    0.0039071
33    0.00390309
34    0.00390001
35    0.00388182
36    0.0039153
37    0.00389449
38    0.00388871
39    0.00389147
40    0.0039109
41    0.00387878
42    0.00391682
43    0.00389633
44    0.00392038
45    0.00387728
46    0.00389058
47    0.0039013
48    0.0038917
49    0.00392901
50    0.00390831
51    0.0038991
52    0.00390221
53    0.0038831
54    0.00393337
55    0.00391142
56    0.00392682
57    0.00393779
58    0.00390776
59    0.00388263
60    0.00388261
61    0.00389975
62    0.00389186
63    0.00387195
64    0.00390001
65    0.00386079
66    0.00393813
67    0.00389813
68    0.00390777
69    0.00391104
70    0.00390295
71    0.00390928
72    0.00390299
73    0.0039024
74    0.00389985
75    0.00389829
76    0.00392289
77    0.00389085
78    0.00388178
79    0.00392316
80    0.00389919
81    0.00389728
82    0.00391299
83    0.00390259
84    0.00393056
85    0.00388827
86    0.00391245
87    0.00391021
88    0.00390592
89    0.00388277
90    0.00389286
91    0.00390733
92    0.00390754
93    0.00389413
94    0.00391299
95    0.00389187
96    0.00388054
97    0.00388985
98    0.003929
99    0.0039215
100    0.00389989
101    0.00390818
102    0.00389757
103    0.003908
104    0.00392854
105    0.00392544
106    0.00389253
107    0.00389177
108    0.00390343
109    0.00389078
110    0.00393959
111    0.00388562
112    0.0039165
113    0.0038807
114    0.00387866
115    0.00390694
116    0.00390312
117    0.00389935
118    0.00390109
119    0.00391063
120    0.00390422
121    0.00388088
122    0.00392069
123    0.00391911
124    0.00391309
125    0.00390506
126    0.00392121
127    0.00389046
128    0.0039358
129    0.00391448
130    0.00391501
131    0.0039159
132    0.00387521
133    0.00388196
134    0.00390224
135    0.00390706
136    0.00390675
137    0.00390056
138    0.00388106
139    0.00390952
140    0.00390994
141    0.00390055
142    0.0039048
143    0.00393641
144    0.00390489
145    0.00392711
146    0.00390243
147    0.00391927
148    0.00390405
149    0.00391162
150    0.0039267
151    0.00389199
152    0.00392125
153    0.00388443
154    0.00390969
155    0.0039275
156    0.00389512
157    0.00391657
158    0.0039241
159    0.00391362
160    0.00393138
161    0.00390913
162    0.00389676
163    0.00391174
164    0.00390327
165    0.00393358
166    0.00391917
167    0.00393069
168    0.00391611
169    0.0039129
170    0.00392068
171    0.0039021
172    0.00390045
173    0.00392046
174    0.00390028
175    0.00390364
176    0.0038976
177    0.00390936
178    0.00392362
179    0.00387419
180    0.00392172
181    0.00393681
182    0.00387744
183    0.00393773
184    0.00394175
185    0.00391732
186    0.00388869
187    0.00390883
188    0.00390565
189    0.00388758
190    0.00390593
191    0.00388665
192    0.0038908
193    0.00388184
194    0.0038986
195    0.00388686
196    0.00393469
197    0.00391072
198    0.00392633
199    0.00392056
200    0.00390554
201    0.00389868
202    0.00388423
203    0.00390445
204    0.00394753
205    0.00390363
206    0.00389976
207    0.00387956
208    0.00388112
209    0.00389605
210    0.00388636
211    0.00391137
212    0.00389124
213    0.00392003
214    0.00393495
215    0.0038902
216    0.00390671
217    0.00392578
218    0.00388386
219    0.00392121
220    0.00390837
221    0.00390837
222    0.00391578
223    0.00392539
224    0.00389394
225    0.00392154
226    0.00392979
227    0.00388879
228    0.00390263
229    0.00391992
230    0.00387289
231    0.00391856
232    0.00390651
233    0.00392467
234    0.00389473
235    0.00388487
236    0.00392093
237    0.00391066
238    0.00392555
239    0.00389755
240    0.00394966
241    0.00390397
242    0.00392027
243    0.00387425
244    0.00390829
245    0.00391994
246    0.00389105
247    0.00392068
248    0.00394605
249    0.00391629
250    0.00391198
251    0.00388566
252    0.00389027
253    0.00391866
254    0.00390725
255    0.00391229
