0    0.00393428
1    0.00391232
2    0.00389046
3    0.0039143
4    0.00389418
5    0.0038557
6    0.00389742
7    0.00388385
8    0.00391622
9    0.00390194
10    0.00388482
11    0.0039331
12    0.00391
13    0.00392945
14    0.00391079
15    0.00391775
16    0.00391827
17    0.00389577
18    0.0039017
19    0.00392037
20    0.00390829
21    0.00388591
22    0.00389894
23    0.00390825
24    0.00389896
25    0.00389152
26    0.00391344
27    0.00389809
28    0.00391887
29    0.00387082
30    0.00390084
31    0.00390406
32    0.00389654
33    0.0038983
34    0.00392077
35    0.00390494
36    0.00394096
37    0.00391027
38    0.00392055
39    0.00390262
40    0.00391296
41    0.0039132
42    0.00390222
43    0.00389343
44    0.0038892
45    0.00390186
46    0.00389727
47    0.00391803
48    0.00390388
49    0.00390683
50    0.00393171
51    0.0038957
52    0.00388386
53    0.00390069
54    0.0038838
55    0.0039438
56    0.00387471
57    0.00390036
58    0.0039164
59    0.00388952
60    0.00390415
61    0.00394749
62    0.0038955
63    0.00391005
64    0.0039244
65    0.00389181
66    0.00392512
67    0.00389771
68    0.0039018
69    0.00392008
70    0.00389961
71    0.00390957
72    0.00390726
73    0.00392934
74    0.00390461
75    0.00389629
76    0.00389677
77    0.00390799
78    0.0039037
79    0.00389712
80    0.00390672
81    0.00391323
82    0.00387165
83    0.00391992
84    0.00394009
85    0.00390485
86    0.00389345
87    0.00390704
88    0.00390837
89    0.00389663
90    0.0039126
91    0.00390173
92    0.00387825
93    0.0039048
94    0.00388999
95    0.00389432
96    0.00389832
97    0.00389439
98    0.00393092
99    0.00389325
100    0.00389777
101    0.0039246
102    0.0039264
103    0.00389588
104    0.00390238
105    0.00391179
106    0.00391468
107    0.00391487
108    0.00388609
109    0.00388635
110    0.00389998
111    0.00391038
112    0.00391211
113    0.00390416
114    0.00387859
115    0.00391854
116    0.00388894
117    0.00388824
118    0.00391296
119    0.00392439
120    0.00392593
121    0.00392056
122    0.00390751
123    0.00391289
124    0.00387045
125    0.00390389
126    0.00389143
127    0.00391565
128    0.00392258
129    0.00389783
130    0.00392158
131    0.00392377
132    0.00389787
133    0.00391158
134    0.00393337
135    0.00393544
136    0.00389529
137    0.00389673
138    0.00389316
139    0.00391189
140    0.00389096
141    0.00387514
142    0.0038729
143    0.00391675
144    0.00388356
145    0.00391718
146    0.00389482
147    0.00391277
148    0.00389247
149    0.00389077
150    0.00389985
151    0.00390888
152    0.00390705
153    0.00388896
154    0.00391165
155    0.00392545
156    0.00389888
157    0.00390059
158    0.00390802
159    0.0039047
160    0.00392546
161    0.00389786
162    0.00391256
163    0.00389108
164    0.00392249
165    0.00389852
166    0.00392998
167    0.0039237
168    0.0038838
169    0.00389988
170    0.00392005
171    0.00389834
172    0.00388577
173    0.00390415
174    0.00390036
175    0.00392133
176    0.00387908
177    0.00387741
178    0.00390265
179    0.00391992
180    0.00391341
181    0.00392244
182    0.00391708
183    0.00391005
184    0.00391332
185    0.00392011
186    0.00392353
187    0.00394271
188    0.00389467
189    0.00389574
190    0.00391607
191    0.0039043
192    0.00389802
193    0.00392928
194    0.00392752
195    0.00390898
196    0.00390571
197    0.00391419
198    0.00393252
199    0.00390097
200    0.00389853
201    0.00392711
202    0.00392326
203    0.00393341
204    0.00391315
205    0.00391562
206    0.00391145
207    0.00389154
208    0.00391083
209    0.00389032
210    0.00387493
211    0.00391517
212    0.00391709
213    0.00392484
214    0.00389848
215    0.00389063
216    0.00390034
217    0.00386858
218    0.00387711
219    0.00389507
220    0.00389998
221    0.0039182
222    0.00392294
223    0.00388967
224    0.00389765
225    0.00392019
226    0.00390441
227    0.00390937
228    0.00391739
229    0.00393247
230    0.00391939
231    0.00389778
232    0.00390278
233    0.00390399
234    0.00391008
235    0.00389834
236    0.00389288
237    0.0039401
238    0.00392993
239    0.00388799
240    0.00390652
241    0.00391792
242    0.00392246
243    0.00391875
244    0.00391399
245    0.00391121
246    0.00391382
247    0.00389153
248    0.00390317
249    0.003906
250    0.00391077
251    0.00391994
252    0.00390517
253    0.00388992
254    0.00390894
255    0.00390609
