0    0.00392067
1    0.00392917
2    0.00389764
3    0.00390009
4    0.00390651
5    0.00389476
6    0.00391164
7    0.00388484
8    0.00391129
9    0.00390541
10    0.00388831
11    0.00388574
12    0.00389958
13    0.00388147
14    0.00389884
15    0.00391079
16    0.00393775
17    0.00388112
18    0.00387926
19    0.00390521
20    0.00391285
21    0.0038924
22    0.00391501
23    0.00388496
24    0.00389441
25    0.00387848
26    0.00391372
27    0.00389721
28    0.00390843
29    0.00392142
30    0.0039001
31    0.0039217
32    0.00392577
33    0.00389234
34    0.00390161
35    0.00392675
36    0.00390112
37    0.00387699
38    0.00387823
39    0.00389413
40    0.00393702
41    0.00391846
42    0.00387718
43    0.00390512
44    0.00391826
45    0.00389223
46    0.00391656
47    0.00393812
48    0.00391383
49    0.00391486
50    0.00390505
51    0.00388176
52    0.00391084
53    0.00391609
54    0.003914
55    0.00391601
56    0.00392084
57    0.00391306
58    0.00392732
59    0.00393127
60    0.0039112
61    0.00391855
62    0.00391089
63    0.00389789
64    0.0039278
65    0.00389982
66    0.00391005
67    0.00389872
68    0.00390507
69    0.00391451
70    0.00390093
71    0.00390569
72    0.00389221
73    0.003916
74    0.00388927
75    0.00391794
76    0.00390569
77    0.00391695
78    0.00390489
79    0.00389597
80    0.00391421
81    0.00392302
82    0.00388473
83    0.0039215
84    0.00393017
85    0.00393965
86    0.00388358
87    0.00388782
88    0.00389533
89    0.00388138
90    0.00385803
91    0.00388285
92    0.00387247
93    0.00391883
94    0.00391843
95    0.00389633
96    0.00390567
97    0.00391558
98    0.00390492
99    0.0038872
100    0.00393143
101    0.00390761
102    0.0039084
103    0.00390016
104    0.00390242
105    0.00390295
106    0.00391526
107    0.00391158
108    0.00390818
109    0.00388461
110    0.00391771
111    0.00391019
112    0.00392117
113    0.00388267
114    0.0039351
115    0.00390415
116    0.00389875
117    0.00389418
118    0.00386449
119    0.00391223
120    0.00393599
121    0.00386771
122    0.0038891
123    0.00388534
124    0.00388764
125    0.0039004
126    0.00386922
127    0.00391104
128    0.00393426
129    0.00391602
130    0.00390637
131    0.00393009
132    0.00389665
133    0.00391132
134    0.00389616
135    0.00389446
136    0.00392162
137    0.0038943
138    0.00393859
139    0.00390029
140    0.00390634
141    0.00388313
142    0.00390574
143    0.00390301
144    0.00390607
145    0.00391704
146    0.00390907
147    0.0039304
148    0.00393411
149    0.00392654
150    0.003907
151    0.00389885
152    0.00391295
153    0.00392013
154    0.00389225
155    0.00390525
156    0.00392619
157    0.00389672
158    0.00387624
159    0.00389473
160    0.00386444
161    0.0039257
162    0.00391495
163    0.00389492
164    0.00391867
165    0.00390535
166    0.00391627
167    0.00390127
168    0.00392294
169    0.00389852
170    0.00390589
171    0.00391318
172    0.00390953
173    0.00387134
174    0.00391947
175    0.00389392
176    0.00391123
177    0.00392374
178    0.00392296
179    0.00389588
180    0.00389886
181    0.00390861
182    0.00391767
183    0.00389488
184    0.00391271
185    0.00389672
186    0.00391948
187    0.00389998
188    0.00391899
189    0.0039059
190    0.00390268
191    0.00388564
192    0.00396008
193    0.00390718
194    0.00387697
195    0.00392522
196    0.00389287
197    0.00390854
198    0.00392006
199    0.00389548
200    0.00389213
201    0.00391128
202    0.00393455
203    0.00391225
204    0.00391148
205    0.00390494
206    0.00389524
207    0.00391602
208    0.00391133
209    0.00389233
210    0.0038869
211    0.00390412
212    0.00391009
213    0.00393784
214    0.00387842
215    0.00389284
216    0.00389054
217    0.00388918
218    0.00392088
219    0.0038897
220    0.00392485
221    0.00394906
222    0.00389235
223    0.00388237
224    0.00392133
225    0.00390555
226    0.00390304
227    0.00390607
228    0.0038889
229    0.00393131
230    0.00388852
231    0.00391117
232    0.00389163
233    0.00393274
234    0.00392302
235    0.00391783
236    0.00388838
237    0.0039013
238    0.00392017
239    0.0039313
240    0.00392319
241    0.00390813
242    0.00393821
243    0.00391296
244    0.00391009
245    0.00391056
246    0.00391287
247    0.00390641
248    0.00389476
249    0.00391454
250    0.0039126
251    0.00389801
252    0.0038881
253    0.00390127
254    0.00392407
255    0.00392368
