0    0.00390118
1    0.00387227
2    0.00391692
3    0.00387741
4    0.00390361
5    0.00391557
6    0.00389463
7    0.00389643
8    0.00390466
9    0.00388565
10    0.0039008
11    0.00392167
12    0.00387587
13    0.00391739
14    0.00391062
15    0.00391489
16    0.00390095
17    0.00391968
18    0.00392898
19    0.00389302
20    0.00388762
21    0.00388879
22    0.00391097
23    0.00389334
24    0.0039165
25    0.00391678
26    0.00387044
27    0.0038892
28    0.00391232
29    0.00393567
30    0.0038771
31    0.00391747
32    0.00390272
33    0.0039082
34    0.00388984
35    0.00388166
36    0.00388309
37    0.003891
38    0.00386951
39    0.00392373
40    0.00387955
41    0.00392148
42    0.00386147
43    0.00389294
44    0.00393282
45    0.00390845
46    0.00391565
47    0.00393092
48    0.00390959
49    0.00390314
50    0.00388447
51    0.0039017
52    0.00392696
53    0.00390869
54    0.00390744
55    0.00391043
56    0.00389118
57    0.00389493
58    0.00390123
59    0.00389364
60    0.00389454
61    0.00388412
62    0.00389051
63    0.00391125
64    0.00392511
65    0.00390265
66    0.00390547
67    0.00388839
68    0.00393449
69    0.00390652
70    0.00391975
71    0.00390726
72    0.0039243
73    0.00389439
74    0.00391299
75    0.00391681
76    0.00389265
77    0.00390469
78    0.00395953
79    0.00389776
80    0.00388995
81    0.00391466
82    0.00389119
83    0.00391081
84    0.00389677
85    0.0038811
86    0.00389212
87    0.00392149
88    0.00392188
89    0.00390923
90    0.00392334
91    0.00390149
92    0.00386579
93    0.00389225
94    0.0039035
95    0.00391637
96    0.00389447
97    0.00391371
98    0.0039069
99    0.00389017
100    0.00389994
101    0.0039002
102    0.00392315
103    0.00389224
104    0.00390744
105    0.00391112
106    0.0038991
107    0.00391167
108    0.00391023
109    0.00389906
110    0.0038764
111    0.00389616
112    0.00390429
113    0.00389836
114    0.00389995
115    0.00390898
116    0.00392116
117    0.0038871
118    0.00390566
119    0.00391524
120    0.00391478
121    0.00391124
122    0.00390305
123    0.00391057
124    0.00390698
125    0.00389793
126    0.00393408
127    0.00389661
128    0.00391948
129    0.00389555
130    0.0039101
131    0.003908
132    0.00392152
133    0.00390611
134    0.00390843
135    0.00388459
136    0.00389887
137    0.00392857
138    0.00390659
139    0.00391172
140    0.00388336
141    0.00389252
142    0.00392392
143    0.00391093
144    0.00390067
145    0.00390188
146    0.00387101
147    0.00391272
148    0.00392641
149    0.00388525
150    0.00391738
151    0.00389769
152    0.00388994
153    0.00389697
154    0.00390602
155    0.00393678
156    0.00390393
157    0.00391775
158    0.00390269
159    0.00391321
160    0.00390549
161    0.003899
162    0.00390285
163    0.00391511
164    0.00388789
165    0.00391157
166    0.00390521
167    0.00388294
168    0.00390066
169    0.00391607
170    0.00390931
171    0.00391461
172    0.00390205
173    0.0039238
174    0.00392939
175    0.00391534
176    0.00391937
177    0.00391146
178    0.00394809
179    0.00389035
180    0.00391481
181    0.00390914
182    0.00390428
183    0.00391426
184    0.00388553
185    0.00390387
186    0.00391004
187    0.00392011
188    0.00389187
189    0.00392308
190    0.00389592
191    0.00389045
192    0.00390359
193    0.00389355
194    0.00388728
195    0.00391014
196    0.00391586
197    0.003888
198    0.00392237
199    0.00392555
200    0.0039112
201    0.00390812
202    0.00389065
203    0.00391359
204    0.00390799
205    0.00391014
206    0.00390662
207    0.00389562
208    0.00391198
209    0.0039468
210    0.00391979
211    0.00390517
212    0.00393448
213    0.00389722
214    0.00391245
215    0.00392837
216    0.00392028
217    0.00388577
218    0.00390372
219    0.00388762
220    0.00389134
221    0.00390004
222    0.00389882
223    0.00389001
224    0.00392369
225    0.00393093
226    0.00387988
227    0.00391531
228    0.00389867
229    0.00391255
230    0.00393759
231    0.00392491
232    0.00389324
233    0.00391374
234    0.00392668
235    0.00391797
236    0.00392665
237    0.00389458
238    0.0039138
239    0.00394274
240    0.00391707
241    0.00390362
242    0.00390838
243    0.003924
244    0.00390288
245    0.00395113
246    0.003883
247    0.00391947
248    0.00390685
249    0.00391965
250    0.00391147
251    0.00393936
252    0.00389102
253    0.00390444
254    0.00393339
255    0.00391489
