0    0.00392691
1    0.003897
2    0.00391508
3    0.00389088
4    0.00391833
5    0.00391015
6    0.00389963
7    0.00389169
8    0.0039051
9    0.00389751
10    0.00391129
11    0.00389788
12    0.00389342
13    0.00390473
14    0.00389792
15    0.00391391
16    0.00392473
17    0.00389255
18    0.00389742
19    0.00390122
20    0.0038957
21    0.00392431
22    0.00391606
23    0.00391997
24    0.00395277
25    0.00389404
26    0.00389628
27    0.00393405
28    0.0039026
29    0.00389826
30    0.00388484
31    0.00391327
32    0.00389559
33    0.00393131
34    0.00391356
35    0.00390837
36    0.0039153
37    0.00389961
38    0.00387349
39    0.00391244
40    0.00388134
41    0.00390837
42    0.0039183
43    0.00389156
44    0.00392598
45    0.00391664
46    0.00389958
47    0.00390922
48    0.00391186
49    0.00390633
50    0.00392801
51    0.00390493
52    0.00388482
53    0.00391201
54    0.00390022
55    0.00390627
56    0.00389569
57    0.00392677
58    0.00392016
59    0.00388915
60    0.00390855
61    0.00393224
62    0.00391064
63    0.00390458
64    0.00393294
65    0.00390562
66    0.00390957
67    0.00391069
68    0.00388023
69    0.00392297
70    0.00391381
71    0.00391192
72    0.00391072
73    0.00387778
74    0.00391161
75    0.00387909
76    0.00391235
77    0.0039307
78    0.00390179
79    0.00391106
80    0.00390131
81    0.00392417
82    0.00388807
83    0.00391576
84    0.00394463
85    0.00390171
86    0.00392871
87    0.00391096
88    0.00388854
89    0.00391819
90    0.00391771
91    0.00388866
92    0.00388916
93    0.00390543
94    0.00389607
95    0.0039218
96    0.0039167
97    0.0039245
98    0.0038993
99    0.00390865
100    0.00388542
101    0.00391082
102    0.00387661
103    0.00390765
104    0.00392564
105    0.00389004
106    0.0039031
107    0.00387465
108    0.00391107
109    0.00390994
110    0.00391102
111    0.00389661
112    0.00392459
113    0.00389583
114    0.00389007
115    0.00389936
116    0.00390267
117    0.00391251
118    0.00393661
119    0.0038961
120    0.00392064
121    0.00391636
122    0.00389941
123    0.00389137
124    0.00388841
125    0.00389794
126    0.0039075
127    0.00389634
128    0.00388644
129    0.00391865
130    0.00392315
131    0.00392833
132    0.00390723
133    0.0039195
134    0.00388914
135    0.0039174
136    0.00389392
137    0.00389029
138    0.00390206
139    0.00392113
140    0.00390704
141    0.00388242
142    0.00390539
143    0.00389545
144    0.00388851
145    0.00391484
146    0.00387792
147    0.00389537
148    0.00391226
149    0.00387548
150    0.00390456
151    0.00390248
152    0.0038884
153    0.00391967
154    0.00388606
155    0.00390456
156    0.00388628
157    0.00391519
158    0.00388426
159    0.00391832
160    0.00388819
161    0.00388294
162    0.00385575
163    0.00389786
164    0.00389903
165    0.00391572
166    0.00389284
167    0.00389314
168    0.00389558
169    0.00389453
170    0.00392712
171    0.00390212
172    0.00390021
173    0.00392247
174    0.00390377
175    0.00389768
176    0.00393076
177    0.00389543
178    0.00390478
179    0.00391797
180    0.00388464
181    0.00387852
182    0.00391265
183    0.00392872
184    0.00393499
185    0.00390354
186    0.00390591
187    0.00391334
188    0.00389656
189    0.00389066
190    0.00390729
191    0.00390361
192    0.00390379
193    0.00389553
194    0.0039142
195    0.00389983
196    0.00391657
197    0.00390655
198    0.00391964
199    0.00388899
200    0.00387975
201    0.00391195
202    0.0039182
203    0.00389217
204    0.00390408
205    0.00391724
206    0.00390474
207    0.0039246
208    0.00389065
209    0.00392131
210    0.00388992
211    0.0039129
212    0.00390706
213    0.00389815
214    0.00391707
215    0.00392134
216    0.00392445
217    0.00390361
218    0.00391164
219    0.00390628
220    0.00391001
221    0.00389158
222    0.00391095
223    0.00391337
224    0.00389559
225    0.00389054
226    0.00391287
227    0.00391353
228    0.00392552
229    0.00389252
230    0.00390966
231    0.00393013
232    0.00392352
233    0.00393177
234    0.00393196
235    0.00390105
236    0.00393139
237    0.00387536
238    0.00392571
239    0.00390472
240    0.00391096
241    0.00392123
242    0.00394027
243    0.00389639
244    0.00392208
245    0.00389859
246    0.00390112
247    0.00393826
248    0.00391429
249    0.00390141
250    0.00391306
251    0.00391737
252    0.00392022
253    0.00389158
254    0.00390534
255    0.00389029
