0    0.00391515
1    0.00391901
2    0.00388494
3    0.00389661
4    0.00393645
5    0.00391534
6    0.00390525
7    0.0038884
8    0.00392466
9    0.00392874
10    0.00390203
11    0.00390706
12    0.00388096
13    0.00391849
14    0.00388169
15    0.00388476
16    0.00388229
17    0.00389243
18    0.00391332
19    0.00392342
20    0.00392271
21    0.00389926
22    0.00389971
23    0.00390898
24    0.00392638
25    0.00392948
26    0.00389498
27    0.00391126
28    0.0039028
29    0.00392372
30    0.00390846
31    0.00391432
32    0.00392103
33    0.00389825
34    0.00390085
35    0.00390737
36    0.0038855
37    0.00391727
38    0.00389946
39    0.00388751
40    0.00390083
41    0.00386962
42    0.00388586
43    0.00390663
44    0.00391123
45    0.0038959
46    0.00388452
47    0.0039014
48    0.00390586
49    0.00388856
50    0.00392813
51    0.00389073
52    0.00389648
53    0.00389422
54    0.00390419
55    0.00387567
56    0.00390535
57    0.00389655
58    0.00391805
59    0.00390081
60    0.0038873
61    0.00392035
62    0.00392054
63    0.00389166
64    0.0038928
65    0.00391605
66    0.00392572
67    0.00390255
68    0.00384724
69    0.00391321
70    0.00389816
71    0.00388983
72    0.00390595
73    0.00390628
74    0.00392313
75    0.00391245
76    0.00391538
77    0.00389584
78    0.00389775
79    0.00390621
80    0.00387428
81    0.00390497
82    0.00390263
83    0.00393246
84    0.00388388
85    0.00388928
86    0.00391529
87    0.00388961
88    0.00393368
89    0.00391375
90    0.00392524
91    0.00391098
92    0.00390254
93    0.00392048
94    0.00388009
95    0.00391099
96    0.00391978
97    0.00391127
98    0.00388717
99    0.00391456
100    0.00390508
101    0.00390804
102    0.00387866
103    0.0039054
104    0.00392425
105    0.00389986
106    0.0038925
107    0.00392064
108    0.0038936
109    0.00388405
110    0.00392515
111    0.00390385
112    0.00390333
113    0.00391402
114    0.00391838
115    0.00390231
116    0.0038783
117    0.00389759
118    0.00391386
119    0.00388742
120    0.00390981
121    0.00391996
122    0.00391515
123    0.00393617
124    0.00392501
125    0.00390416
126    0.00388076
127    0.00390004
128    0.00389005
129    0.00389674
130    0.00390081
131    0.00391443
132    0.00389898
133    0.00389201
134    0.00391051
135    0.00390361
136    0.0039341
137    0.00392687
138    0.00389691
139    0.00390859
140    0.00391785
141    0.00388784
142    0.00390615
143    0.00387114
144    0.00390952
145    0.00388727
146    0.00390169
147    0.00389537
148    0.00388519
149    0.00391898
150    0.00389521
151    0.00391309
152    0.00392169
153    0.00391628
154    0.00391033
155    0.00390287
156    0.00390598
157    0.00389822
158    0.00392486
159    0.00389101
160    0.00390101
161    0.00391758
162    0.00392167
163    0.00392678
164    0.00391704
165    0.00390822
166    0.00390691
167    0.00392541
168    0.00390706
169    0.0039004
170    0.00392615
171    0.00389443
172    0.00391475
173    0.00391062
174    0.00391912
175    0.00391269
176    0.00390117
177    0.00392158
178    0.00391411
179    0.00391235
180    0.00389778
181    0.00389449
182    0.00389008
183    0.00390754
184    0.00393567
185    0.00392305
186    0.00391741
187    0.0039373
188    0.00391109
189    0.00391297
190    0.00391994
191    0.00389905
192    0.00391666
193    0.00391142
194    0.00392379
195    0.00390531
196    0.00392422
197    0.0039018
198    0.00388031
199    0.00390636
200    0.00391692
201    0.00389229
202    0.00388607
203    0.00392222
204    0.00389748
205    0.00392058
206    0.00389748
207    0.00389186
208    0.0039345
209    0.00389518
210    0.00390513
211    0.0039197
212    0.00390415
213    0.00390589
214    0.00390134
215    0.00389501
216    0.00389272
217    0.00388542
218    0.00392037
219    0.0038924
220    0.00391549
221    0.00390575
222    0.00390884
223    0.0039127
224    0.0038849
225    0.00388761
226    0.00392309
227    0.00391077
228    0.00388864
229    0.00388511
230    0.00389047
231    0.00390833
232    0.00388717
233    0.00392252
234    0.00391159
235    0.00390913
236    0.00394475
237    0.00389985
238    0.00392105
239    0.00390944
240    0.00391074
241    0.00390683
242    0.00391952
243    0.00392777
244    0.00391034
245    0.00392915
246    0.00390558
247    0.00392231
248    0.00392548
249    0.00392647
250    0.00391564
251    0.00391155
252    0.00389366
253    0.00388703
254    0.00392138
255    0.0039137
