0    0.00391385
1    0.00389524
2    0.00390651
3    0.00390979
4    0.00387452
5    0.0038982
6    0.00389591
7    0.00390992
8    0.0038801
9    0.0038858
10    0.00392827
11    0.00389064
12    0.00391381
13    0.00390852
14    0.00389362
15    0.00390995
16    0.003894
17    0.0039234
18    0.00389458
19    0.0039107
20    0.00390328
21    0.00390983
22    0.00391502
23    0.00389282
24    0.00391974
25    0.00389608
26    0.0039064
27    0.00387928
28    0.00390616
29    0.00391967
30    0.00391529
31    0.00391012
32    0.00392308
33    0.00391755
34    0.00390003
35    0.0039169
36    0.00389343
37    0.00388438
38    0.00392093
39    0.00393562
40    0.00389924
41    0.00389527
42    0.00389656
43    0.00391404
44    0.00391806
45    0.0039185
46    0.00388873
47    0.00390956
48    0.00389366
49    0.00391293
50    0.00390997
51    0.00388172
52    0.00388992
53    0.00391231
54    0.00393629
55    0.00391366
56    0.00391147
57    0.00392738
58    0.00390437
59    0.00390732
60    0.00390482
61    0.00389776
62    0.00389227
63    0.00391611
64    0.00388033
65    0.00388902
66    0.00392931
67    0.00392585
68    0.00388362
69    0.00390526
70    0.00390682
71    0.00388172
72    0.00389584
73    0.00393005
74    0.00387549
75    0.00390713
76    0.00391687
77    0.00391062
78    0.0039339
79    0.00391801
80    0.00393222
81    0.00389711
82    0.00390763
83    0.00391021
84    0.00387664
85    0.00389528
86    0.00387941
87    0.00390906
88    0.00391172
89    0.00389625
90    0.00389803
91    0.00392103
92    0.00389584
93    0.00390957
94    0.00391306
95    0.0038955
96    0.00390109
97    0.00391456
98    0.0038933
99    0.00387497
100    0.00390344
101    0.00390937
102    0.00392674
103    0.00389054
104    0.00391115
105    0.00390893
106    0.00389856
107    0.00392532
108    0.00388895
109    0.003901
110    0.00388231
111    0.0039397
112    0.0039199
113    0.00391299
114    0.00389479
115    0.00391804
116    0.00390171
117    0.00389965
118    0.00391642
119    0.00392553
120    0.00387153
121    0.00392651
122    0.00390442
123    0.00390793
124    0.00394487
125    0.00389392
126    0.00387772
127    0.00390854
128    0.00392328
129    0.00391687
130    0.00392758
131    0.00390291
132    0.00393064
133    0.00389202
134    0.0039172
135    0.00390516
136    0.00392077
137    0.00391152
138    0.00391873
139    0.00388253
140    0.00392239
141    0.00393022
142    0.00388968
143    0.00387935
144    0.00393201
145    0.00389279
146    0.00392375
147    0.00390402
148    0.00391035
149    0.00389903
150    0.00388506
151    0.00392244
152    0.00391921
153    0.00392033
154    0.00390211
155    0.00387242
156    0.00390932
157    0.00391062
158    0.00391691
159    0.00392628
160    0.00390269
161    0.00391509
162    0.00391223
163    0.00390148
164    0.00389131
165    0.00390699
166    0.00391011
167    0.003936
168    0.00388165
169    0.00390362
170    0.00389905
171    0.00389156
172    0.00390082
173    0.00390447
174    0.00389457
175    0.00392418
176    0.00390588
177    0.00389551
178    0.00389123
179    0.0039135
180    0.00392303
181    0.00389213
182    0.00390307
183    0.0039015
184    0.00391482
185    0.00390083
186    0.00392867
187    0.00389437
188    0.00389096
189    0.00390931
190    0.00390093
191    0.00389737
192    0.00389167
193    0.00391712
194    0.00388715
195    0.00391091
196    0.00392302
197    0.00391848
198    0.00388995
199    0.00389237
200    0.00389103
201    0.00389003
202    0.00390351
203    0.00387479
204    0.0038807
205    0.00391794
206    0.00390617
207    0.0039166
208    0.00390884
209    0.00387791
210    0.00390388
211    0.00389545
212    0.00391935
213    0.0038985
214    0.00389195
215    0.00389575
216    0.00390281
217    0.00389364
218    0.00389506
219    0.00391584
220    0.00392673
221    0.00391321
222    0.00390341
223    0.0039389
224    0.00389557
225    0.00390414
226    0.00394184
227    0.00392353
228    0.00392671
229    0.00389944
230    0.00389626
231    0.00388933
232    0.00392399
233    0.00392223
234    0.00392421
235    0.00386962
236    0.00391077
237    0.00390561
238    0.00393556
239    0.00389445
240    0.00391458
241    0.00389662
242    0.00390277
243    0.00390146
244    0.00391464
245    0.00391258
246    0.00391205
247    0.00391196
248    0.00389769
249    0.00390812
250    0.00391023
251    0.00390836
252    0.00393264
253    0.00390389
254    0.00390923
255    0.0039631
