0    0.00391675
1    0.00390844
2    0.00391911
3    0.00389251
4    0.00389648
5    0.00388706
6    0.00388039
7    0.00391944
8    0.00389558
9    0.00389697
10    0.00391208
11    0.00393526
12    0.00391108
13    0.00391381
14    0.00391564
15    0.00393264
16    0.0039183
17    0.0039022
18    0.00391207
19    0.00389869
20    0.00388607
21    0.00390565
22    0.00392968
23    0.00388619
24    0.00391049
25    0.00390476
26    0.0039117
27    0.00391883
28    0.00390888
29    0.00391366
30    0.00391618
31    0.00390824
32    0.00390162
33    0.00387422
34    0.00387888
35    0.00392004
36    0.00391342
37    0.00393266
38    0.00390112
39    0.00391992
40    0.00390076
41    0.00388655
42    0.00391228
43    0.00390784
44    0.00389961
45    0.00388838
46    0.00391776
47    0.00390692
48    0.00391862
49    0.00391164
50    0.00391916
51    0.00390019
52    0.00390004
53    0.00391631
54    0.00391408
55    0.0039169
56    0.00390245
57    0.0039092
58    0.00390456
59    0.00392512
60    0.00387819
61    0.00393889
62    0.00392231
63    0.00393128
64    0.00390628
65    0.00392329
66    0.00391647
67    0.00389085
68    0.00391262
69    0.00391549
70    0.00390949
71    0.0038998
72    0.00392337
73    0.00389828
74    0.00391651
75    0.00391419
76    0.00392358
77    0.00390935
78    0.00392025
79    0.00391234
80    0.00393819
81    0.0038882
82    0.00390201
83    0.0039092
84    0.00392176
85    0.00391296
86    0.00392515
87    0.0038855
88    0.00389409
89    0.00389045
90    0.00389314
91    0.00386972
92    0.00390909
93    0.00389642
94    0.00389754
95    0.00392176
96    0.00387099
97    0.00387665
98    0.00387181
99    0.00388914
100    0.00389668
101    0.00389582
102    0.00387991
103    0.00392982
104    0.0039259
105    0.00391694
106    0.00388322
107    0.00390329
108    0.00392724
109    0.00390547
110    0.00391099
111    0.00392124
112    0.00389977
113    0.00392018
114    0.00393066
115    0.00389342
116    0.00390065
117    0.00391334
118    0.00388188
119    0.00390876
120    0.00390915
121    0.00388675
122    0.00388626
123    0.00392416
124    0.00393411
125    0.00391559
126    0.00391119
127    0.00390519
128    0.00392438
129    0.00388752
130    0.00390734
131    0.00390394
132    0.00388899
133    0.00391699
134    0.00390247
135    0.00392393
136    0.00390893
137    0.00389682
138    0.00390501
139    0.00392618
140    0.00389649
141    0.00390184
142    0.00389082
143    0.00392628
144    0.00391017
145    0.00391595
146    0.0039186
147    0.00389954
148    0.0038951
149    0.00389731
150    0.00390725
151    0.00388449
152    0.00391312
153    0.00388604
154    0.00392355
155    0.00391704
156    0.00389638
157    0.00389441
158    0.00390166
159    0.00389272
160    0.00389971
161    0.00389264
162    0.00387693
163    0.00391479
164    0.00390871
165    0.00387211
166    0.00391174
167    0.00389534
168    0.00388238
169    0.00389669
170    0.0039186
171    0.00390187
172    0.00390976
173    0.00389995
174    0.00389806
175    0.00388751
176    0.00389086
177    0.00392397
178    0.00393497
179    0.00391692
180    0.00390562
181    0.00390499
182    0.00390618
183    0.00391733
184    0.00391258
185    0.00388718
186    0.00390742
187    0.00391526
188    0.00390461
189    0.00390765
190    0.00391939
191    0.0039109
192    0.00391885
193    0.00388807
194    0.00390386
195    0.00391591
196    0.00392712
197    0.00391105
198    0.00386999
199    0.0039117
200    0.00390412
201    0.00389134
202    0.00391828
203    0.00389171
204    0.00390173
205    0.00391999
206    0.00388754
207    0.00387505
208    0.00390551
209    0.00389705
210    0.00390516
211    0.00390135
212    0.00390473
213    0.00390607
214    0.00391017
215    0.00391616
216    0.00390332
217    0.00394993
218    0.00388214
219    0.00389956
220    0.0038961
221    0.00389425
222    0.00392582
223    0.00391999
224    0.00390006
225    0.00390789
226    0.00387803
227    0.00389793
228    0.00391461
229    0.00390411
230    0.00389781
231    0.00391157
232    0.00389128
233    0.00391739
234    0.00391851
235    0.00391877
236    0.00390776
237    0.00390543
238    0.00394597
239    0.00392618
240    0.00392469
241    0.00388755
242    0.003924
243    0.00388749
244    0.00390129
245    0.00390274
246    0.00390023
247    0.00387904
248    0.00393279
249    0.00390964
250    0.00389761
251    0.00390828
252    0.00394955
253    0.00389944
254    0.00389795
255    0.00389771
