0    0.00390849
1    0.00389422
2    0.00392075
3    0.00387837
4    0.00389888
5    0.00391409
6    0.00391339
7    0.0039067
8    0.0038786
9    0.00390793
10    0.0039059
11    0.00391314
12    0.00393368
13    0.0038891
14    0.00387214
15    0.00389989
16    0.00390087
17    0.0039223
18    0.00388093
19    0.0038863
20    0.00389262
21    0.00390756
22    0.00387218
23    0.00389956
24    0.00387264
25    0.00392894
26    0.00391649
27    0.00387756
28    0.00390865
29    0.00391567
30    0.00391621
31    0.00390881
32    0.00389257
33    0.00391526
34    0.00394334
35    0.00389147
36    0.00387894
37    0.00392496
38    0.00390906
39    0.00387377
40    0.00387552
41    0.00391036
42    0.00389905
43    0.00390775
44    0.00392503
45    0.00392602
46    0.00390109
47    0.0039289
48    0.00391416
49    0.0039238
50    0.00389556
51    0.00389299
52    0.00388285
53    0.00390216
54    0.00388859
55    0.0038811
56    0.00388455
57    0.00388278
58    0.00392928
59    0.00390623
60    0.0039088
61    0.00392154
62    0.00393368
63    0.00388557
64    0.00389855
65    0.00392302
66    0.00390966
67    0.00393161
68    0.00389825
69    0.00392966
70    0.00390974
71    0.00388371
72    0.00389351
73    0.00390533
74    0.00390306
75    0.00389429
76    0.00393207
77    0.00388496
78    0.00390365
79    0.00389984
80    0.00392545
81    0.00391107
82    0.00388104
83    0.003911
84    0.00392642
85    0.00390415
86    0.00390546
87    0.00389759
88    0.00390227
89    0.00390301
90    0.00389615
91    0.00389467
92    0.00391368
93    0.00388114
94    0.00389729
95    0.00389439
96    0.00389467
97    0.00388941
98    0.00389095
99    0.00390157
100    0.00390286
101    0.0039082
102    0.00388619
103    0.003893
104    0.00391936
105    0.00393363
106    0.00392596
107    0.00391112
108    0.00391135
109    0.00389809
110    0.00391724
111    0.00391957
112    0.00388406
113    0.00388891
114    0.00389352
115    0.00386281
116    0.00387461
117    0.00394812
118    0.00389911
119    0.00391696
120    0.00390316
121    0.003927
122    0.0039232
123    0.00391656
124    0.00388958
125    0.00390202
126    0.0038987
127    0.00392291
128    0.00390183
129    0.00392445
130    0.00394147
131    0.00388678
132    0.00392937
133    0.00389545
134    0.00389589
135    0.00390143
136    0.00393346
137    0.00393276
138    0.00388524
139    0.0038882
140    0.00390125
141    0.0038978
142    0.00386371
143    0.00390811
144    0.00389081
145    0.00393443
146    0.00388107
147    0.00389202
148    0.00391253
149    0.00393219
150    0.00388465
151    0.00389407
152    0.00392289
153    0.00392506
154    0.00386889
155    0.00387895
156    0.00392193
157    0.00392365
158    0.0038981
159    0.00392745
160    0.00390568
161    0.0039269
162    0.00392087
163    0.00389681
164    0.00393347
165    0.00389014
166    0.00389515
167    0.00391454
168    0.0038905
169    0.00390662
170    0.00391183
171    0.0038998
172    0.00388586
173    0.00390355
174    0.00392453
175    0.00391582
176    0.00387496
177    0.00388176
178    0.00393451
179    0.00387762
180    0.0039042
181    0.00390992
182    0.00391701
183    0.0039235
184    0.00389409
185    0.00390091
186    0.00390146
187    0.00391839
188    0.00391058
189    0.00391203
190    0.0039093
191    0.00390926
192    0.00391565
193    0.0039262
194    0.00390057
195    0.00392392
196    0.00388749
197    0.00392277
198    0.00391885
199    0.00388705
200    0.00391442
201    0.00391082
202    0.0039196
203    0.00392891
204    0.00393071
205    0.00389979
206    0.00390143
207    0.00390081
208    0.00389865
209    0.00388317
210    0.00389946
211    0.00391088
212    0.00393171
213    0.00391339
214    0.00391884
215    0.00392003
216    0.00390048
217    0.00389956
218    0.00391827
219    0.00389251
220    0.00392641
221    0.00388587
222    0.00392378
223    0.00391678
224    0.0038993
225    0.00394044
226    0.00390274
227    0.00390311
228    0.0038969
229    0.00391812
230    0.0038943
231    0.00389146
232    0.0038907
233    0.00387743
234    0.00393532
235    0.00392001
236    0.00388377
237    0.00389812
238    0.00392624
239    0.00389798
240    0.00391534
241    0.00392165
242    0.00391834
243    0.00390542
244    0.00389998
245    0.00389952
246    0.0039316
247    0.00391852
248    0.00391904
249    0.0039281
250    0.00391977
251    0.00393983
252    0.00389618
253    0.00391615
254    0.00396172
255    0.00394728
