0    0.00387843
1    0.0039065
2    0.00389516
3    0.00390135
4    0.00391446
5    0.00388098
6    0.00389948
7    0.00391269
8    0.00390983
9    0.00390577
10    0.00392131
11    0.00391933
12    0.0039069
13    0.00391793
14    0.00388842
15    0.00388736
16    0.0038858
17    0.00392275
18    0.00393317
19    0.00388153
20    0.0039027
21    0.00390439
22    0.00388448
23    0.00388373
24    0.00393631
25    0.00389814
26    0.00391397
27    0.00388253
28    0.00389606
29    0.0038832
30    0.00393251
31    0.00389751
32    0.00389201
33    0.00390261
34    0.00388562
35    0.00389394
36    0.00390226
37    0.00390033
38    0.00388008
39    0.00390776
40    0.00391678
41    0.00391928
42    0.00388068
43    0.00390567
44    0.00391082
45    0.00389989
46    0.00389329
47    0.00390781
48    0.00389783
49    0.0039
50    0.00387408
51    0.0039317
52    0.0038954
53    0.00390466
54    0.00389092
55    0.00390511
56    0.0039154
57    0.00390909
58    0.00389766
59    0.00388429
60    0.0039104
61    0.00390218
62    0.00389841
63    0.00390588
64    0.00389303
65    0.00390277
66    0.00391137
67    0.00392105
68    0.00391394
69    0.0039047
70    0.00389433
71    0.00390323
72    0.00390347
73    0.00388574
74    0.00389595
75    0.00390453
76    0.00389222
77    0.0039113
78    0.00390308
79    0.00391782
80    0.00391206
81    0.00392503
82    0.00393447
83    0.0038994
84    0.00391204
85    0.00392191
86    0.00390609
87    0.00390736
88    0.00391155
89    0.00392428
90    0.00389207
91    0.00389838
92    0.00393382
93    0.00390079
94    0.0039343
95    0.00392734
96    0.00389841
97    0.00389188
98    0.00390863
99    0.00391757
100    0.00388074
101    0.00392672
102    0.00390209
103    0.00391904
104    0.0039228
105    0.00389636
106    0.00391601
107    0.00391238
108    0.00388605
109    0.00389567
110    0.00389427
111    0.00391786
112    0.00391644
113    0.00392332
114    0.00388634
115    0.00390287
116    0.0038734
117    0.00391661
118    0.00388794
119    0.00391063
120    0.00389035
121    0.00390828
122    0.0039227
123    0.00387417
124    0.00390549
125    0.00391864
126    0.00392106
127    0.00390274
128    0.0038902
129    0.00389636
130    0.00388704
131    0.00391076
132    0.00391051
133    0.00392056
134    0.00392774
135    0.00389948
136    0.00390417
137    0.00391275
138    0.00392745
139    0.00392362
140    0.0038907
141    0.00390901
142    0.0038944
143    0.00391216
144    0.00388278
145    0.00391995
146    0.00388882
147    0.00390644
148    0.00389009
149    0.00390249
150    0.00394418
151    0.00389354
152    0.00391451
153    0.00392191
154    0.00391781
155    0.00393276
156    0.0038893
157    0.0039005
158    0.00389014
159    0.0038991
160    0.00392102
161    0.00388547
162    0.00389279
163    0.00390131
164    0.00389546
165    0.00391459
166    0.00390521
167    0.00388437
168    0.00389558
169    0.00390129
170    0.00389075
171    0.00388783
172    0.00389317
173    0.00388409
174    0.00390605
175    0.00388433
176    0.00391632
177    0.00390917
178    0.00390203
179    0.00390692
180    0.0039198
181    0.00387282
182    0.00391276
183    0.00392453
184    0.003916
185    0.00391697
186    0.00387621
187    0.00390594
188    0.00390072
189    0.00390356
190    0.00391743
191    0.00389425
192    0.00393017
193    0.00388954
194    0.00393088
195    0.00389492
196    0.00390857
197    0.00392048
198    0.00391205
199    0.00390716
200    0.00389451
201    0.00391293
202    0.00391011
203    0.00392606
204    0.00390919
205    0.00392511
206    0.00390805
207    0.00391301
208    0.003907
209    0.00391409
210    0.0039133
211    0.00389833
212    0.00393434
213    0.00390938
214    0.00391497
215    0.00388879
216    0.00391376
217    0.00391749
218    0.00389214
219    0.00390436
220    0.00389184
221    0.00392408
222    0.00391261
223    0.00388962
224    0.00392464
225    0.00390335
226    0.00390383
227    0.00392853
228    0.00392795
229    0.00393028
230    0.00388256
231    0.00395145
232    0.00390227
233    0.00389897
234    0.00393669
235    0.00392676
236    0.0039266
237    0.00392538
238    0.0039157
239    0.00391962
240    0.00388875
241    0.00389284
242    0.00390934
243    0.00390827
244    0.00393707
245    0.0039024
246    0.00392937
247    0.00392559
248    0.00390187
249    0.00392861
250    0.00392496
251    0.00389754
252    0.00391406
253    0.00391511
254    0.00389749
255    0.00389996
