0    0.00390598
1    0.00390382
2    0.00392457
3    0.00390307
4    0.0039067
5    0.0038957
6    0.00388709
7    0.00388624
8    0.0039076
9    0.00391839
10    0.00390564
11    0.0039306
12    0.0039197
13    0.003918
14    0.00390824
15    0.00388736
16    0.0039408
17    0.0039207
18    0.00393021
19    0.00388218
20    0.0038899
21    0.00387152
22    0.00391407
23    0.00394515
24    0.00390795
25    0.00390681
26    0.00389793
27    0.00391856
28    0.00388467
29    0.00390509
30    0.00389928
31    0.00388712
32    0.00389516
33    0.00391183
34    0.00392122
35    0.00388839
36    0.00393367
37    0.00389352
38    0.00390645
39    0.00390024
40    0.00392281
41    0.00389803
42    0.00391079
43    0.00389564
44    0.00389766
45    0.00389092
46    0.00388697
47    0.00391855
48    0.00391104
49    0.00388008
50    0.00391497
51    0.00388959
52    0.00391013
53    0.00390806
54    0.00390992
55    0.00390893
56    0.00392888
57    0.00390316
58    0.00393575
59    0.00390592
60    0.00392217
61    0.00393193
62    0.00388676
63    0.00393189
64    0.00391812
65    0.00391122
66    0.00391727
67    0.00390822
68    0.00387464
69    0.00389259
70    0.00389709
71    0.00392677
72    0.00390303
73    0.00389628
74    0.00391947
75    0.00386734
76    0.00388637
77    0.00391487
78    0.00391039
79    0.00391646
80    0.00391036
81    0.00390098
82    0.00390691
83    0.00392757
84    0.00390267
85    0.00391032
86    0.00389822
87    0.00389658
88    0.0039086
89    0.00388709
90    0.00391291
91    0.00391046
92    0.00387928
93    0.00392517
94    0.00387395
95    0.00393635
96    0.00390082
97    0.00391277
98    0.00388907
99    0.00391386
100    0.00390054
101    0.00390335
102    0.00387331
103    0.00389413
104    0.00387817
105    0.00389022
106    0.00390708
107    0.00389068
108    0.00390458
109    0.00389101
110    0.00390729
111    0.00392796
112    0.0039244
113    0.00390327
114    0.00389814
115    0.00389285
116    0.00389526
117    0.00389221
118    0.00390508
119    0.00391228
120    0.00392273
121    0.00392596
122    0.00391558
123    0.00389374
124    0.00392593
125    0.00389817
126    0.00386677
127    0.00391272
128    0.00391027
129    0.00389065
130    0.00390691
131    0.00392124
132    0.00391457
133    0.00394671
134    0.00391177
135    0.00391314
136    0.00391512
137    0.00388916
138    0.00393095
139    0.0038848
140    0.00389689
141    0.00389697
142    0.00392898
143    0.00393209
144    0.0039023
145    0.0038742
146    0.00391186
147    0.00388825
148    0.00389891
149    0.00386624
150    0.00390153
151    0.00392474
152    0.00388408
153    0.00389327
154    0.00390497
155    0.00390719
156    0.00391172
157    0.00389225
158    0.00393298
159    0.00389866
160    0.00391967
161    0.00389908
162    0.00391714
163    0.00390863
164    0.00389409
165    0.00385707
166    0.0039017
167    0.00389472
168    0.0039137
169    0.0039203
170    0.00390994
171    0.00390602
172    0.00392218
173    0.00389773
174    0.00390276
175    0.00391102
176    0.00391035
177    0.00392874
178    0.00388642
179    0.00387404
180    0.00387782
181    0.00393353
182    0.00389659
183    0.00392745
184    0.00390968
185    0.00391036
186    0.00389752
187    0.00393338
188    0.00390155
189    0.0039073
190    0.00388798
191    0.00393615
192    0.00390095
193    0.00389349
194    0.00393309
195    0.0038991
196    0.00391265
197    0.00392326
198    0.00392442
199    0.00389725
200    0.00393137
201    0.00392726
202    0.00389851
203    0.00390507
204    0.00390125
205    0.00393058
206    0.00390512
207    0.00390065
208    0.00389043
209    0.00390305
210    0.00390168
211    0.00390551
212    0.0039076
213    0.00391528
214    0.00388653
215    0.00387748
216    0.00391653
217    0.00392911
218    0.00393475
219    0.00388772
220    0.00391721
221    0.00389872
222    0.00390351
223    0.00389433
224    0.00388964
225    0.00391583
226    0.00390308
227    0.00392667
228    0.00391291
229    0.00391422
230    0.00389266
231    0.00392363
232    0.00392221
233    0.00390732
234    0.00388955
235    0.00390597
236    0.00391983
237    0.00390773
238    0.00390496
239    0.00389624
240    0.00390618
241    0.00390512
242    0.00389275
243    0.00390465
244    0.00394473
245    0.00392825
246    0.00389561
247    0.00393663
248    0.00387204
249    0.00392226
250    0.00391341
251    0.00390538
252    0.00390548
253    0.00390949
254    0.00391334
255    0.00390158
