0    0.00389588
1    0.0039028
2    0.00391706
3    0.00391551
4    0.00391188
5    0.00393856
6    0.00389913
7    0.00390249
8    0.00389544
9    0.00391186
10    0.00388989
11    0.0038989
12    0.00389357
13    0.00388189
14    0.00388671
15    0.0039178
16    0.00391669
17    0.00388147
18    0.00389938
19    0.00392093
20    0.00392078
21    0.00391026
22    0.00390098
23    0.00390765
24    0.0039134
25    0.00392271
26    0.00388142
27    0.00387963
28    0.00391343
29    0.0038895
30    0.00389838
31    0.00390684
32    0.00390244
33    0.00388384
34    0.00391339
35    0.00391163
36    0.00392313
37    0.0039256
38    0.00390053
39    0.00391065
40    0.00389578
41    0.00389689
42    0.00387928
43    0.0038919
44    0.00390688
45    0.00392308
46    0.00393968
47    0.00393427
48    0.00390467
49    0.00388929
50    0.00390064
51    0.00389252
52    0.00391561
53    0.0038925
54    0.00389723
55    0.00391567
56    0.0039176
57    0.00388711
58    0.00389768
59    0.00388738
60    0.00387996
61    0.00387893
62    0.00391039
63    0.00388355
64    0.00394393
65    0.0039432
66    0.00390156
67    0.00390749
68    0.00391785
69    0.00389211
70    0.00393579
71    0.00386887
72    0.00391786
73    0.00387014
74    0.00388535
75    0.00391012
76    0.00391143
77    0.00390856
78    0.0039
79    0.00391339
80    0.00389454
81    0.0038768
82    0.0039179
83    0.00389438
84    0.00392371
85    0.00390353
86    0.00390081
87    0.00390851
88    0.00389441
89    0.00390646
90    0.00392327
91    0.00391901
92    0.00388462
93    0.00389641
94    0.00387562
95    0.00390609
96    0.00386452
97    0.00389565
98    0.00389469
99    0.00391014
100    0.00390367
101    0.00392453
102    0.00389747
103    0.00390768
104    0.00390287
105    0.00388709
106    0.00388735
107    0.003914
108    0.00393593
109    0.00389415
110    0.00390131
111    0.00389196
112    0.00392441
113    0.0039155
114    0.00387763
115    0.00390211
116    0.00388386
117    0.0039119
118    0.00389758
119    0.00390668
120    0.00389571
121    0.00389342
122    0.00391434
123    0.00392156
124    0.00387072
125    0.00392429
126    0.00392044
127    0.0039009
128    0.00390265
129    0.00393813
130    0.00389029
131    0.0039235
132    0.00390896
133    0.00393904
134    0.00391152
135    0.00389349
136    0.00389666
137    0.00389103
138    0.00389415
139    0.0039339
140    0.003926
141    0.00389337
142    0.00386434
143    0.00392223
144    0.00393612
145    0.00390421
146    0.00393488
147    0.00388807
148    0.00391055
149    0.00389976
150    0.00390062
151    0.00391665
152    0.00391748
153    0.00390761
154    0.00389027
155    0.00391165
156    0.0038926
157    0.00393908
158    0.00391006
159    0.00390418
160    0.00392672
161    0.00389401
162    0.00389042
163    0.00390316
164    0.00390089
165    0.00391859
166    0.00389637
167    0.003894
168    0.00392379
169    0.00390908
170    0.00393116
171    0.00389334
172    0.00389343
173    0.00390499
174    0.00392032
175    0.00392394
176    0.00390013
177    0.00390139
178    0.00389429
179    0.00390077
180    0.00392677
181    0.00391163
182    0.00389879
183    0.00391288
184    0.00391615
185    0.00391379
186    0.00392926
187    0.00391464
188    0.00391326
189    0.00391784
190    0.00389346
191    0.00393735
192    0.00390272
193    0.00391034
194    0.00392928
195    0.00390803
196    0.00391058
197    0.00393963
198    0.00392106
199    0.00391599
200    0.00389417
201    0.00391893
202    0.00390846
203    0.00388553
204    0.00392107
205    0.00389111
206    0.00390054
207    0.00390533
208    0.00392024
209    0.0039152
210    0.00390001
211    0.00393078
212    0.0038779
213    0.00391439
214    0.00391772
215    0.00392827
216    0.00390908
217    0.00386858
218    0.00389942
219    0.00389017
220    0.00390659
221    0.0039027
222    0.00392144
223    0.00387884
224    0.00393212
225    0.00390023
226    0.0039143
227    0.00393021
228    0.00389742
229    0.00394377
230    0.0039005
231    0.00392034
232    0.00388784
233    0.00392866
234    0.00391098
235    0.0039198
236    0.00390693
237    0.00387608
238    0.00390666
239    0.0039077
240    0.00389468
241    0.00389161
242    0.00392504
243    0.00389801
244    0.00389316
245    0.00392642
246    0.00390755
247    0.00388925
248    0.0039156
249    0.00391333
250    0.00390501
251    0.00392978
252    0.00392181
253    0.00390067
254    0.00390594
255    0.00391452
