0    0.00391854
1    0.00388049
2    0.00388284
3    0.00392667
4    0.00390702
5    0.00392763
6    0.00390153
7    0.00390805
8    0.0039116
9    0.00389904
10    0.00390668
11    0.00390686
12    0.00389417
13    0.00387783
14    0.00389455
15    0.00388931
16    0.00391521
17    0.00391853
18    0.00390724
19    0.00389707
20    0.00389428
21    0.00391813
22    0.0038956
23    0.00389037
24    0.00390473
25    0.00392423
26    0.00392479
27    0.00390325
28    0.00388147
29    0.00390741
30    0.00391269
31    0.00391624
32    0.00390502
33    0.00389371
34    0.00386365
35    0.0038877
36    0.00390627
37    0.00389564
38    0.00389121
39    0.00395123
40    0.0038972
41    0.00391388
42    0.00391316
43    0.0039009
44    0.00387976
45    0.0038973
46    0.00389119
47    0.00388076
48    0.00395017
49    0.00390443
50    0.00392743
51    0.00391692
52    0.003888
53    0.00389177
54    0.00390448
55    0.00389999
56    0.00389688
57    0.00388923
58    0.00391142
59    0.00390514
60    0.00391523
61    0.0039199
62    0.00392115
63    0.00391558
64    0.00390201
65    0.00389814
66    0.00388675
67    0.00392903
68    0.00388129
69    0.00389031
70    0.00392164
71    0.00389053
72    0.003899
73    0.00392798
74    0.00389419
75    0.00392043
76    0.00391844
77    0.00389643
78    0.00388924
79    0.00391519
80    0.00392109
81    0.00391185
82    0.00390316
83    0.00391877
84    0.00388255
85    0.0039107
86    0.00392915
87    0.00390215
88    0.00388457
89    0.00391936
90    0.00388672
91    0.0038936
92    0.0039169
93    0.00390936
94    0.00388445
95    0.0038952
96    0.00388415
97    0.00388186
98    0.00389324
99    0.00389421
100    0.00391194
101    0.00391247
102    0.0038954
103    0.00390584
104    0.00392006
105    0.00390426
106    0.00390995
107    0.00391934
108    0.00390366
109    0.00389491
110    0.00390951
111    0.00392174
112    0.00391812
113    0.00389506
114    0.00393547
115    0.00390076
116    0.00390938
117    0.00392621
118    0.00392273
119    0.00392318
120    0.00390339
121    0.00389266
122    0.00389566
123    0.00390037
124    0.00393779
125    0.00392125
126    0.00390485
127    0.00387893
128    0.00387953
129    0.00393041
130    0.00388745
131    0.00390464
132    0.00389475
133    0.0039178
134    0.00389558
135    0.00391864
136    0.00391084
137    0.00390344
138    0.00391609
139    0.00388647
140    0.0039124
141    0.00392712
142    0.00388435
143    0.00390791
144    0.00393216
145    0.00390886
146    0.00391905
147    0.00392933
148    0.00388647
149    0.00390775
150    0.00389701
151    0.00391267
152    0.00389923
153    0.00389764
154    0.00389481
155    0.00390395
156    0.00390734
157    0.00390964
158    0.00391538
159    0.00389328
160    0.00392612
161    0.00392927
162    0.00390908
163    0.00389702
164    0.00390346
165    0.003906
166    0.00387882
167    0.00392533
168    0.0039234
169    0.00390896
170    0.00389523
171    0.00389681
172    0.00393188
173    0.00389707
174    0.00390283
175    0.00390673
176    0.00388168
177    0.00387562
178    0.00392025
179    0.00392014
180    0.00390909
181    0.00390296
182    0.00389645
183    0.00392462
184    0.00388736
185    0.00393078
186    0.003914
187    0.00390762
188    0.00389328
189    0.00392252
190    0.00392613
191    0.00389669
192    0.00391169
193    0.00392194
194    0.00390322
195    0.00387782
196    0.00389174
197    0.00392161
198    0.00391936
199    0.00389417
200    0.00390426
201    0.00391608
202    0.00391351
203    0.00389959
204    0.0039151
205    0.00390659
206    0.00389407
207    0.00388614
208    0.00390154
209    0.00392094
210    0.00390861
211    0.00393225
212    0.00388613
213    0.0039328
214    0.00391518
215    0.00390381
216    0.00389761
217    0.00391421
218    0.00393714
219    0.00391673
220    0.00390958
221    0.00390284
222    0.00389235
223    0.00393663
224    0.00393478
225    0.0039303
226    0.00389619
227    0.00389771
228    0.00392049
229    0.0039019
230    0.00388295
231    0.00387985
232    0.00390239
233    0.00391755
234    0.00394375
235    0.00388798
236    0.00388908
237    0.00389372
238    0.00389118
239    0.00391864
240    0.00387635
241    0.00390186
242    0.00387354
243    0.00389248
244    0.00392244
245    0.00393353
246    0.00393509
247    0.00390949
248    0.00389762
249    0.00390368
250    0.00388157
251    0.00392934
252    0.00390636
253    0.00392246
254    0.00395641
255    0.00391597
