0    0.00391399
1    0.003911
2    0.00393615
3    0.00390067
4    0.00388562
5    0.0038837
6    0.00390941
7    0.00392233
8    0.00390586
9    0.00389068
10    0.00391017
11    0.00391263
12    0.00391592
13    0.0038897
14    0.00387433
15    0.00390094
16    0.00391476
17    0.00389779
18    0.00392002
19    0.00391787
20    0.0038876
21    0.00387623
22    0.00390226
23    0.00390637
24    0.00389887
25    0.00389352
26    0.00390619
27    0.00393292
28    0.00390892
29    0.00390393
30    0.00387738
31    0.00390961
32    0.003895
33    0.00387426
34    0.00390453
35    0.00388408
36    0.00388294
37    0.00391725
38    0.00391779
39    0.0039232
40    0.00391836
41    0.00389083
42    0.00390509
43    0.00389424
44    0.00389094
45    0.00390737
46    0.00391055
47    0.00390895
48    0.00389271
49    0.00390693
50    0.00388269
51    0.00390079
52    0.00392205
53    0.00391196
54    0.00393266
55    0.00389331
56    0.00392697
57    0.00391817
58    0.00387014
59    0.00390896
60    0.00392542
61    0.00392104
62    0.00393091
63    0.00389833
64    0.00390773
65    0.00390115
66    0.0038741
67    0.00392314
68    0.00390654
69    0.00390536
70    0.00390685
71    0.00393292
72    0.00390489
73    0.00392042
74    0.00387665
75    0.00388454
76    0.00390463
77    0.00390879
78    0.00391146
79    0.00388657
80    0.00388887
81    0.00389515
82    0.00388472
83    0.00390962
84    0.00388175
85    0.00389988
86    0.00390929
87    0.00391473
88    0.00390654
89    0.00390354
90    0.00391803
91    0.00389029
92    0.0039127
93    0.0038836
94    0.00389787
95    0.0038807
96    0.00392864
97    0.00388378
98    0.00390533
99    0.00395167
100    0.0038803
101    0.00393032
102    0.0038975
103    0.00392147
104    0.0039317
105    0.00390403
106    0.0039194
107    0.00392507
108    0.00389982
109    0.00390293
110    0.00392553
111    0.00391003
112    0.00388666
113    0.00392586
114    0.00391744
115    0.00391847
116    0.00388629
117    0.00390401
118    0.00391275
119    0.00392609
120    0.00389348
121    0.00388614
122    0.00392738
123    0.00390944
124    0.00391965
125    0.00391566
126    0.00393787
127    0.00391112
128    0.00390496
129    0.00388872
130    0.00392476
131    0.00388621
132    0.00390453
133    0.00391697
134    0.00392846
135    0.00395144
136    0.00388234
137    0.0039152
138    0.003902
139    0.00389558
140    0.0039089
141    0.00391518
142    0.00388582
143    0.00392306
144    0.00389613
145    0.0039078
146    0.00391708
147    0.00390975
148    0.00390104
149    0.00391452
150    0.00390657
151    0.00392762
152    0.00389794
153    0.00391888
154    0.00390334
155    0.00391812
156    0.00390719
157    0.0039107
158    0.00390436
159    0.00390999
160    0.00390475
161    0.0038995
162    0.00390655
163    0.00390447
164    0.00392187
165    0.00390219
166    0.00390534
167    0.00391294
168    0.00390388
169    0.0039018
170    0.00389254
171    0.0039081
172    0.0039187
173    0.00391375
174    0.0039097
175    0.00388949
176    0.00390727
177    0.00388676
178    0.0039195
179    0.00387105
180    0.00392945
181    0.00392894
182    0.00390567
183    0.00388817
184    0.00391241
185    0.00388992
186    0.00389632
187    0.00390725
188    0.00391457
189    0.00392174
190    0.00391606
191    0.00393103
192    0.00390593
193    0.0039162
194    0.00392013
195    0.00388598
196    0.00389403
197    0.00389496
198    0.00388936
199    0.00388551
200    0.00389922
201    0.00392733
202    0.00391674
203    0.00390612
204    0.00389465
205    0.00390526
206    0.00388371
207    0.00389891
208    0.00390002
209    0.0039267
210    0.00393382
211    0.0039084
212    0.00393193
213    0.00389221
214    0.00390464
215    0.00389371
216    0.00389441
217    0.00390365
218    0.00391618
219    0.00389092
220    0.0038945
221    0.00391324
222    0.00388462
223    0.00392167
224    0.00388663
225    0.00390882
226    0.0039169
227    0.00392562
228    0.00390016
229    0.00388868
230    0.00392371
231    0.00388435
232    0.00388484
233    0.00390979
234    0.0039468
235    0.00390922
236    0.00389276
237    0.00389575
238    0.00389865
239    0.00392855
240    0.00387352
241    0.00392994
242    0.00391416
243    0.00391662
244    0.00389874
245    0.00390418
246    0.00390047
247    0.00390734
248    0.00394209
249    0.00392091
250    0.00388893
251    0.00391758
252    0.00388878
253    0.0039099
254    0.00391992
255    0.00390963
