0    0.00389814
1    0.00388426
2    0.00387607
3    0.003915
4    0.00393039
5    0.00390798
6    0.00392299
7    0.00389363
8    0.00391866
9    0.00387762
10    0.00391346
11    0.00391114
12    0.00390931
13    0.00387974
14    0.00391394
15    0.00388328
16    0.00390966
17    0.0039044
18    0.00392924
19    0.00386428
20    0.00393424
21    0.00393853
22    0.00388885
23    0.00392135
24    0.00390442
25    0.00392809
26    0.00390475
27    0.00391201
28    0.00390163
29    0.0038742
30    0.00391733
31    0.00393945
32    0.00392485
33    0.00390486
34    0.00391351
35    0.00392573
36    0.00388688
37    0.00390165
38    0.00390683
39    0.00392278
40    0.0038958
41    0.00391747
42    0.00391312
43    0.00392393
44    0.00391546
45    0.00391485
46    0.00388686
47    0.00391157
48    0.00389497
49    0.00389386
50    0.00391894
51    0.00391754
52    0.00390142
53    0.00389765
54    0.00392007
55    0.00390222
56    0.00393543
57    0.00389787
58    0.00391345
59    0.00391581
60    0.00389017
61    0.0039236
62    0.00389283
63    0.00389108
64    0.00388281
65    0.0038757
66    0.00391397
67    0.00391576
68    0.00388693
69    0.0038865
70    0.00390355
71    0.00390017
72    0.00392159
73    0.00389248
74    0.00390198
75    0.00389902
76    0.00391397
77    0.0038911
78    0.00392905
79    0.00391611
80    0.00387622
81    0.00390205
82    0.00393265
83    0.00392171
84    0.00390916
85    0.00390251
86    0.00389597
87    0.00391996
88    0.00390502
89    0.00391203
90    0.00391798
91    0.00389979
92    0.00390131
93    0.00390206
94    0.00390984
95    0.00388543
96    0.00393222
97    0.00390284
98    0.00391982
99    0.00388207
100    0.00389419
101    0.00390851
102    0.00393253
103    0.00389103
104    0.00388742
105    0.00388744
106    0.00391835
107    0.00390454
108    0.00390838
109    0.00388466
110    0.00393356
111    0.0039302
112    0.00392053
113    0.00392297
114    0.0038949
115    0.00388483
116    0.00390789
117    0.00388802
118    0.00392933
119    0.00388742
120    0.00390894
121    0.00392427
122    0.00390161
123    0.0039171
124    0.00390973
125    0.00387557
126    0.00391716
127    0.00389402
128    0.0039267
129    0.00392089
130    0.00387562
131    0.00393079
132    0.00393417
133    0.00390554
134    0.0038962
135    0.00387168
136    0.00392953
137    0.00390869
138    0.0039156
139    0.00391789
140    0.0039052
141    0.00390419
142    0.00386993
143    0.00389395
144    0.00388692
145    0.00392287
146    0.00391058
147    0.00391134
148    0.00388518
149    0.00390282
150    0.00390093
151    0.00390814
152    0.00391429
153    0.00388734
154    0.00391519
155    0.003909
156    0.00390729
157    0.00391387
158    0.00390056
159    0.00391235
160    0.00389648
161    0.00388923
162    0.00390918
163    0.00393277
164    0.00391761
165    0.00393449
166    0.00387718
167    0.00390727
168    0.00391135
169    0.0039092
170    0.00393075
171    0.00391808
172    0.00389894
173    0.00390559
174    0.00388547
175    0.00390719
176    0.0038998
177    0.00391281
178    0.0038912
179    0.00391622
180    0.00391843
181    0.00392842
182    0.00390652
183    0.0039271
184    0.00388406
185    0.00392796
186    0.00390125
187    0.00390636
188    0.00392319
189    0.00389648
190    0.00387954
191    0.00389703
192    0.00390843
193    0.00391119
194    0.00391456
195    0.00392484
196    0.00389941
197    0.00391672
198    0.00392492
199    0.00389398
200    0.00390595
201    0.00391588
202    0.00389372
203    0.0039113
204    0.00389119
205    0.00390486
206    0.00387374
207    0.00388393
208    0.00389655
209    0.00392249
210    0.00392008
211    0.00390228
212    0.00389397
213    0.00391046
214    0.00390033
215    0.00390891
216    0.0038921
217    0.00391114
218    0.00392278
219    0.00391674
220    0.0039152
221    0.00392219
222    0.00387845
223    0.00392502
224    0.00389505
225    0.00393106
226    0.00390143
227    0.00388891
228    0.00390319
229    0.00390747
230    0.00389495
231    0.00391936
232    0.00389746
233    0.00393371
234    0.00386694
235    0.00389567
236    0.00392957
237    0.00389961
238    0.00390854
239    0.00392458
240    0.00389276
241    0.0039166
242    0.00390484
243    0.00387006
244    0.00390727
245    0.00389746
246    0.00389371
247    0.00392659
248    0.00392056
249    0.0038762
250    0.00390455
251    0.00390327
252    0.00390836
253    0.00389182
254    0.0038991
255    0.00392608
