0    0.0039389
1    0.00392275
2    0.00392251
3    0.00390837
4    0.00393168
5    0.00389021
6    0.0039004
7    0.00393679
8    0.00391787
9    0.00391654
10    0.00390036
11    0.00387672
12    0.00390112
13    0.00387043
14    0.00390316
15    0.00392736
16    0.00389456
17    0.00389129
18    0.00390642
19    0.00390911
20    0.00391265
21    0.00389602
22    0.0039108
23    0.00389636
24    0.00391618
25    0.00391826
26    0.00390453
27    0.00391367
28    0.00393092
29    0.00390301
30    0.00393183
31    0.00391305
32    0.00391173
33    0.0039003
34    0.00389588
35    0.00391435
36    0.00391776
37    0.00390473
38    0.00388908
39    0.00391098
40    0.00390165
41    0.00388687
42    0.0039104
43    0.0039181
44    0.00391067
45    0.00391095
46    0.00388901
47    0.00392497
48    0.00390879
49    0.0038906
50    0.00391597
51    0.0039173
52    0.00390736
53    0.00390015
54    0.00392706
55    0.00390023
56    0.00389354
57    0.00389327
58    0.00387568
59    0.00389316
60    0.00389113
61    0.00390008
62    0.00388817
63    0.00390642
64    0.00389637
65    0.00387888
66    0.00390266
67    0.00389024
68    0.00388555
69    0.00390619
70    0.00388653
71    0.00391171
72    0.0038944
73    0.00392467
74    0.00391613
75    0.00390163
76    0.00389018
77    0.00389596
78    0.00390909
79    0.00389293
80    0.00389922
81    0.00387953
82    0.0039235
83    0.00390811
84    0.00390684
85    0.00391475
86    0.00390785
87    0.00392153
88    0.00389013
89    0.00392803
90    0.00388731
91    0.00389177
92    0.00391467
93    0.00391564
94    0.0039149
95    0.00392498
96    0.00389586
97    0.00391147
98    0.00392792
99    0.00387126
100    0.00391619
101    0.00394114
102    0.00391315
103    0.00391045
104    0.0039161
105    0.00390862
106    0.00388456
107    0.00390313
108    0.00392109
109    0.00389658
110    0.00389809
111    0.00390405
112    0.00390111
113    0.00391128
114    0.00392038
115    0.00388964
116    0.00390608
117    0.00389565
118    0.00390143
119    0.00390282
120    0.00392594
121    0.0039195
122    0.00389546
123    0.00389549
124    0.00392227
125    0.00391208
126    0.00390216
127    0.00389496
128    0.00390551
129    0.00389828
130    0.00391658
131    0.00390425
132    0.00388503
133    0.00391838
134    0.00389327
135    0.00392158
136    0.00387446
137    0.00390591
138    0.00389882
139    0.00392541
140    0.00392093
141    0.00389992
142    0.00386842
143    0.00390745
144    0.00390177
145    0.00392479
146    0.00388607
147    0.00391354
148    0.0039108
149    0.00390664
150    0.00392864
151    0.00391622
152    0.00390164
153    0.0039285
154    0.00390156
155    0.00389169
156    0.00391455
157    0.00388239
158    0.00390836
159    0.00393114
160    0.00390352
161    0.00390373
162    0.00389933
163    0.00389405
164    0.00390786
165    0.00392096
166    0.003903
167    0.00391765
168    0.00390016
169    0.00389629
170    0.00392139
171    0.00389317
172    0.00392237
173    0.00390305
174    0.00391189
175    0.00388882
176    0.00389344
177    0.00390284
178    0.00390779
179    0.00390769
180    0.00391347
181    0.0039036
182    0.00391211
183    0.0039141
184    0.00390397
185    0.00390557
186    0.00389386
187    0.00391952
188    0.00389322
189    0.00390551
190    0.0038953
191    0.00391231
192    0.00389727
193    0.00388538
194    0.00392289
195    0.00391533
196    0.00389187
197    0.00390563
198    0.00393161
199    0.00391568
200    0.00391114
201    0.00390097
202    0.00391478
203    0.00388533
204    0.00388101
205    0.00388494
206    0.00393384
207    0.00388942
208    0.00391845
209    0.00394304
210    0.00393084
211    0.00388656
212    0.0039019
213    0.0038881
214    0.00390339
215    0.00393471
216    0.0039356
217    0.00390561
218    0.00389607
219    0.00392634
220    0.00392841
221    0.00390154
222    0.00391318
223    0.00391539
224    0.0038867
225    0.00386462
226    0.0038909
227    0.00388446
228    0.00390825
229    0.00387705
230    0.00391865
231    0.00390819
232    0.00390604
233    0.00393255
234    0.00393878
235    0.00389683
236    0.00390242
237    0.00390742
238    0.00390879
239    0.0039187
240    0.00392954
241    0.00389519
242    0.00389464
243    0.00393433
244    0.00390072
245    0.00391191
246    0.00388249
247    0.00391595
248    0.00391625
249    0.00390624
250    0.00388297
251    0.00391258
252    0.00390078
253    0.00388232
254    0.003933
255    0.00394252
