0    0.00391447
1    0.00388814
2    0.00391009
3    0.00390572
4    0.00389664
5    0.00390204
6    0.00390171
7    0.00388284
8    0.00387803
9    0.00394065
10    0.00391362
11    0.00390499
12    0.0039107
13    0.0039022
14    0.0039216
15    0.00390926
16    0.00391481
17    0.00390745
18    0.00389905
19    0.00392245
20    0.00391399
21    0.00391055
22    0.00390259
23    0.00390114
24    0.00391083
25    0.00391005
26    0.00390445
27    0.00390642
28    0.00388736
29    0.00391966
30    0.00390178
31    0.00389602
32    0.00387215
33    0.00387002
34    0.0039217
35    0.00391345
36    0.00390725
37    0.00391779
38    0.00390297
39    0.00389536
40    0.00391985
41    0.00391572
42    0.00388415
43    0.00388869
44    0.00388629
45    0.00389463
46    0.00391643
47    0.00394166
48    0.00391516
49    0.00390621
50    0.00390564
51    0.00392159
52    0.00390271
53    0.00390616
54    0.003913
55    0.00389157
56    0.0038853
57    0.00390785
58    0.00393167
59    0.00389843
60    0.00390044
61    0.00390604
62    0.00389886
63    0.00390719
64    0.00388967
65    0.00393243
66    0.00390401
67    0.00389457
68    0.00389952
69    0.00389834
70    0.00393361
71    0.00390959
72    0.00390277
73    0.00389224
74    0.00391797
75    0.00389952
76    0.00389592
77    0.00392385
78    0.00389845
79    0.00390911
80    0.00388519
81    0.00390835
82    0.00392404
83    0.00392398
84    0.00387983
85    0.00390105
86    0.00391815
87    0.00389726
88    0.00391094
89    0.00389788
90    0.00395169
91    0.00389262
92    0.00390524
93    0.00389157
94    0.00392531
95    0.00390596
96    0.00389449
97    0.00393524
98    0.00388489
99    0.00389763
100    0.00391687
101    0.00389788
102    0.00393289
103    0.00391291
104    0.0039148
105    0.00388903
106    0.00388801
107    0.00388318
108    0.00389437
109    0.00389931
110    0.0039193
111    0.00391944
112    0.00392518
113    0.00388456
114    0.00391017
115    0.00390123
116    0.00387485
117    0.00390634
118    0.00391387
119    0.00389525
120    0.00390792
121    0.00392433
122    0.00389759
123    0.0038849
124    0.00388486
125    0.00391431
126    0.00391762
127    0.00389183
128    0.00391431
129    0.0039004
130    0.0039177
131    0.0039209
132    0.0038806
133    0.0039037
134    0.00391885
135    0.00391207
136    0.00393341
137    0.00390625
138    0.00389329
139    0.00389049
140    0.00393292
141    0.00391671
142    0.00390927
143    0.00389424
144    0.00391877
145    0.00392311
146    0.00390045
147    0.00389498
148    0.00389634
149    0.00393069
150    0.00391457
151    0.0039125
152    0.00391733
153    0.00386631
154    0.00390246
155    0.00390425
156    0.00391626
157    0.00390428
158    0.0039271
159    0.00387093
160    0.00393851
161    0.00391388
162    0.00390827
163    0.00392118
164    0.00387282
165    0.00390105
166    0.00391868
167    0.00390748
168    0.00390053
169    0.00388178
170    0.00388755
171    0.00390764
172    0.00391364
173    0.00391506
174    0.00387762
175    0.00389462
176    0.00391633
177    0.00392246
178    0.00388826
179    0.00390333
180    0.00389883
181    0.00391003
182    0.0038933
183    0.003899
184    0.00391364
185    0.00389272
186    0.00390639
187    0.00388158
188    0.00389488
189    0.00392129
190    0.0038985
191    0.0039141
192    0.00391047
193    0.00390198
194    0.00391114
195    0.00391545
196    0.0039
197    0.00389766
198    0.00388189
199    0.00391484
200    0.00392723
201    0.00393242
202    0.00391474
203    0.00393944
204    0.00391713
205    0.00389922
206    0.00389801
207    0.00390981
208    0.00390058
209    0.00389341
210    0.00391714
211    0.00389737
212    0.00390736
213    0.00390247
214    0.00389187
215    0.00391244
216    0.00389357
217    0.00388722
218    0.0038905
219    0.00391988
220    0.00391067
221    0.00390659
222    0.00390043
223    0.00395471
224    0.00388707
225    0.00388488
226    0.00389576
227    0.00391362
228    0.0039094
229    0.00393359
230    0.0039242
231    0.00392019
232    0.00392527
233    0.00390157
234    0.00389328
235    0.00390807
236    0.00390324
237    0.00389532
238    0.0039138
239    0.00391284
240    0.00388723
241    0.00393065
242    0.00391665
243    0.00389914
244    0.00390361
245    0.00392543
246    0.00391383
247    0.00393091
248    0.00391392
249    0.00390444
250    0.00388611
251    0.00392909
252    0.00390777
253    0.00391841
254    0.00391564
255    0.00390414
