0    0.00391802
1    0.00393004
2    0.00392038
3    0.00387822
4    0.00389282
5    0.00390521
6    0.00388306
7    0.00389738
8    0.00387672
9    0.00387482
10    0.00390982
11    0.00390407
12    0.00386595
13    0.00390891
14    0.00391136
15    0.00387796
16    0.00389904
17    0.00391004
18    0.00391343
19    0.00389548
20    0.00389035
21    0.00393048
22    0.00391819
23    0.00390125
24    0.00392501
25    0.00390089
26    0.00391239
27    0.00390208
28    0.00389352
29    0.00390693
30    0.00390508
31    0.00390782
32    0.0038773
33    0.00392216
34    0.00390138
35    0.0039006
36    0.00387963
37    0.00390786
38    0.0039223
39    0.00390837
40    0.00387219
41    0.0038842
42    0.00391489
43    0.00389746
44    0.00393871
45    0.00388933
46    0.0039338
47    0.00387719
48    0.00389537
49    0.0038868
50    0.00394501
51    0.00393228
52    0.00389106
53    0.00390013
54    0.00392677
55    0.00388682
56    0.00392472
57    0.00389521
58    0.00389317
59    0.0038952
60    0.0039166
61    0.00389847
62    0.00391417
63    0.00392832
64    0.00390703
65    0.00391652
66    0.00391641
67    0.00388918
68    0.00391196
69    0.00391813
70    0.00391943
71    0.00389503
72    0.00393942
73    0.00389043
74    0.00388091
75    0.00391169
76    0.0038718
77    0.0038852
78    0.00389632
79    0.00391419
80    0.00391131
81    0.00391935
82    0.00389064
83    0.00388291
84    0.0038948
85    0.00390356
86    0.00391377
87    0.0039099
88    0.00390698
89    0.00388884
90    0.00389338
91    0.0039094
92    0.00393405
93    0.00390664
94    0.00388221
95    0.00395944
96    0.00389277
97    0.00389665
98    0.0039154
99    0.00390954
100    0.00391053
101    0.00392959
102    0.00393593
103    0.00393188
104    0.00391627
105    0.00390616
106    0.00390326
107    0.00391034
108    0.00393043
109    0.00389259
110    0.00392105
111    0.00391252
112    0.00392556
113    0.00390796
114    0.00392332
115    0.00390519
116    0.00391442
117    0.00391735
118    0.00389943
119    0.00388915
120    0.00392895
121    0.00390414
122    0.00390553
123    0.00389591
124    0.00393259
125    0.0038861
126    0.00389602
127    0.00389844
128    0.00389139
129    0.00390214
130    0.00389985
131    0.00389452
132    0.00392832
133    0.00391658
134    0.00390078
135    0.00391887
136    0.00391309
137    0.00387695
138    0.00395075
139    0.00391296
140    0.00388608
141    0.00390908
142    0.00391093
143    0.00388747
144    0.00389845
145    0.00392703
146    0.00392059
147    0.00394574
148    0.00391579
149    0.0038821
150    0.00390765
151    0.00392369
152    0.00391793
153    0.00391103
154    0.00389956
155    0.00390071
156    0.00387185
157    0.00392865
158    0.0038959
159    0.00389577
160    0.00388975
161    0.00392172
162    0.00389566
163    0.00389858
164    0.003902
165    0.00389845
166    0.00390038
167    0.00390375
168    0.00389761
169    0.0038991
170    0.0039297
171    0.00390043
172    0.00388842
173    0.00390304
174    0.00389328
175    0.003899
176    0.00389856
177    0.00391915
178    0.00390853
179    0.00388013
180    0.00387225
181    0.00390125
182    0.0038873
183    0.00390823
184    0.00390805
185    0.00389576
186    0.00391889
187    0.00391195
188    0.00390472
189    0.00392902
190    0.0039247
191    0.00391641
192    0.00388054
193    0.00390195
194    0.00391074
195    0.0039152
196    0.00391432
197    0.00392439
198    0.00391664
199    0.00391737
200    0.00392802
201    0.00389878
202    0.00390379
203    0.0038959
204    0.00390699
205    0.00390318
206    0.003877
207    0.00389513
208    0.00392262
209    0.00390736
210    0.00390381
211    0.00394591
212    0.00392545
213    0.0038948
214    0.00390811
215    0.0039005
216    0.00391388
217    0.00390305
218    0.00389344
219    0.00391
220    0.00391485
221    0.00388094
222    0.00390438
223    0.0039288
224    0.00390651
225    0.00390279
226    0.0039136
227    0.00392365
228    0.00392146
229    0.0038997
230    0.00391443
231    0.00388589
232    0.00386893
233    0.00391526
234    0.00389417
235    0.00388866
236    0.00388563
237    0.00391147
238    0.00388988
239    0.00391085
240    0.00391317
241    0.0039223
242    0.00391812
243    0.00392177
244    0.00394352
245    0.00391726
246    0.0038754
247    0.00391665
248    0.00391155
249    0.00393879
250    0.00391497
251    0.00389598
252    0.0039078
253    0.00391412
254    0.00391315
255    0.00390682
