0    0.00391892
1    0.00386868
2    0.00388753
3    0.00389447
4    0.00389642
5    0.00388422
6    0.00390394
7    0.00389491
8    0.00391161
9    0.00391072
10    0.00389132
11    0.0039114
12    0.00390114
13    0.00390793
14    0.00389781
15    0.00391708
16    0.00392055
17    0.0038856
18    0.00391113
19    0.0039063
20    0.00393035
21    0.00388755
22    0.00389314
23    0.00390223
24    0.00391117
25    0.00391197
26    0.00390783
27    0.00387843
28    0.00392004
29    0.00392426
30    0.00390432
31    0.00387135
32    0.00388886
33    0.0039251
34    0.0039126
35    0.00390922
36    0.00388573
37    0.00390664
38    0.00389642
39    0.00390732
40    0.00389372
41    0.00388847
42    0.00390822
43    0.00392146
44    0.00390599
45    0.00392346
46    0.00390332
47    0.00388845
48    0.00388595
49    0.0038999
50    0.00392972
51    0.00390974
52    0.00390513
53    0.00389239
54    0.00390384
55    0.0039295
56    0.00391015
57    0.00391138
58    0.00390312
59    0.00388706
60    0.0039057
61    0.00392426
62    0.00392964
63    0.0038948
64    0.00390195
65    0.00391356
66    0.00388233
67    0.00387817
68    0.00387951
69    0.00389686
70    0.00391836
71    0.00389867
72    0.00393488
73    0.00389812
74    0.00390008
75    0.00389886
76    0.0039235
77    0.0039256
78    0.00390508
79    0.00391708
80    0.00390484
81    0.00389515
82    0.00390112
83    0.00391514
84    0.00389919
85    0.00389297
86    0.0038719
87    0.00390543
88    0.00391364
89    0.00391969
90    0.00391601
91    0.00391015
92    0.00390815
93    0.00391573
94    0.00391364
95    0.00390855
96    0.00390265
97    0.00390146
98    0.00387186
99    0.00391114
100    0.00387841
101    0.0039012
102    0.00388512
103    0.00390797
104    0.00393286
105    0.00388998
106    0.003917
107    0.00392947
108    0.00390663
109    0.00388294
110    0.00388961
111    0.00390987
112    0.00392439
113    0.00391282
114    0.00391029
115    0.00391328
116    0.00390033
117    0.00389259
118    0.00389774
119    0.0039295
120    0.00389444
121    0.00389551
122    0.00389897
123    0.00391585
124    0.00388311
125    0.00387608
126    0.003898
127    0.00392455
128    0.00391477
129    0.00390828
130    0.00389922
131    0.00389416
132    0.00390408
133    0.00390666
134    0.00391632
135    0.00392687
136    0.00390953
137    0.00390728
138    0.0039145
139    0.00391427
140    0.00389974
141    0.00388049
142    0.00391289
143    0.00389191
144    0.00391364
145    0.00392361
146    0.00390436
147    0.00391729
148    0.00389668
149    0.00388321
150    0.00390258
151    0.00390636
152    0.00390213
153    0.00388828
154    0.0038981
155    0.00391884
156    0.00390037
157    0.00392398
158    0.00391624
159    0.00389074
160    0.00392391
161    0.00388401
162    0.0039069
163    0.00393437
164    0.00389409
165    0.00387137
166    0.00393054
167    0.00392801
168    0.00390771
169    0.00391845
170    0.0039392
171    0.00387979
172    0.00390638
173    0.00388741
174    0.00391597
175    0.00392494
176    0.00390721
177    0.00391171
178    0.00394037
179    0.00390927
180    0.0038839
181    0.00391197
182    0.00393329
183    0.00391326
184    0.00390298
185    0.00388948
186    0.00391468
187    0.00391258
188    0.00392109
189    0.00392161
190    0.00389435
191    0.00391176
192    0.00392753
193    0.00390457
194    0.00389698
195    0.00390109
196    0.00391244
197    0.00390522
198    0.00387742
199    0.00392243
200    0.00392354
201    0.00392352
202    0.00391503
203    0.00390818
204    0.00390883
205    0.00388335
206    0.00390429
207    0.00393573
208    0.0038793
209    0.00391116
210    0.00390042
211    0.00392225
212    0.00390128
213    0.00391518
214    0.00392498
215    0.00388138
216    0.00390428
217    0.00396013
218    0.00389978
219    0.00390553
220    0.0039095
221    0.00390609
222    0.00390881
223    0.00390657
224    0.00390867
225    0.00387943
226    0.00388724
227    0.0038996
228    0.00392076
229    0.00393706
230    0.00392295
231    0.00388531
232    0.00389853
233    0.00393937
234    0.00391129
235    0.00391644
236    0.00392036
237    0.00391791
238    0.00391906
239    0.00390207
240    0.0039269
241    0.00391892
242    0.00389266
243    0.00388671
244    0.0039025
245    0.00391584
246    0.00393717
247    0.00391248
248    0.00387424
249    0.00387912
250    0.00389779
251    0.00392999
252    0.00392387
253    0.00389589
254    0.00392761
255    0.00390438
