0    0.00392916
1    0.0038704
2    0.00390727
3    0.00389298
4    0.00393683
5    0.00389172
6    0.00388999
7    0.00390238
8    0.00391865
9    0.00389949
10    0.00391417
11    0.0039325
12    0.00392034
13    0.00386309
14    0.00389628
15    0.00389856
16    0.00390866
17    0.00390247
18    0.00386772
19    0.00390618
20    0.00391587
21    0.00391341
22    0.00389066
23    0.00388292
24    0.00385614
25    0.00392575
26    0.00388131
27    0.00386665
28    0.00388217
29    0.00393427
30    0.00391102
31    0.00390702
32    0.00389669
33    0.00390176
34    0.00390718
35    0.0038968
36    0.00387377
37    0.0039069
38    0.00390995
39    0.00392161
40    0.00389735
41    0.00391073
42    0.00390475
43    0.00391154
44    0.00389458
45    0.00389137
46    0.00390067
47    0.00391405
48    0.00390183
49    0.00391049
50    0.00389397
51    0.00392233
52    0.00388064
53    0.00387606
54    0.00389702
55    0.00390566
56    0.00388674
57    0.0039067
58    0.00387445
59    0.00392961
60    0.00389756
61    0.00390617
62    0.00389521
63    0.00388639
64    0.00389881
65    0.0039011
66    0.0039044
67    0.00390572
68    0.00392416
69    0.00390752
70    0.00388172
71    0.00390975
72    0.0038874
73    0.00389997
74    0.00391702
75    0.00389954
76    0.00389616
77    0.00391925
78    0.00388985
79    0.00392694
80    0.00391086
81    0.00388884
82    0.00391261
83    0.00390958
84    0.00388475
85    0.00390846
86    0.00389698
87    0.00392146
88    0.00388096
89    0.00393624
90    0.0039066
91    0.00390266
92    0.00390724
93    0.0039174
94    0.00391116
95    0.00391056
96    0.00389376
97    0.00391372
98    0.00389174
99    0.00392748
100    0.0039035
101    0.00390751
102    0.00389231
103    0.00390593
104    0.00389262
105    0.00389032
106    0.00389917
107    0.00388574
108    0.00393743
109    0.00392444
110    0.00389114
111    0.00388012
112    0.00390281
113    0.00391045
114    0.0039091
115    0.00394484
116    0.00388324
117    0.00393071
118    0.00389497
119    0.00393872
120    0.00388722
121    0.00390568
122    0.00388712
123    0.00391413
124    0.00389662
125    0.00391601
126    0.00389418
127    0.00391125
128    0.00390719
129    0.00390824
130    0.00390898
131    0.00393101
132    0.00391834
133    0.0038908
134    0.00390981
135    0.00389816
136    0.00389785
137    0.00390878
138    0.00390786
139    0.0039083
140    0.00387416
141    0.00393564
142    0.00388557
143    0.00388415
144    0.00389633
145    0.00392716
146    0.00389949
147    0.00389214
148    0.0039021
149    0.00390461
150    0.00391343
151    0.00391565
152    0.00392368
153    0.00391384
154    0.0038943
155    0.00390225
156    0.00391228
157    0.00388077
158    0.003896
159    0.00390508
160    0.00390058
161    0.00391913
162    0.00391823
163    0.00390602
164    0.00390683
165    0.00390458
166    0.00390555
167    0.00391687
168    0.00390784
169    0.00389916
170    0.0039309
171    0.00391023
172    0.00391021
173    0.00391749
174    0.00389129
175    0.00391349
176    0.00389777
177    0.00390266
178    0.00389472
179    0.00393911
180    0.00390623
181    0.00392463
182    0.00389034
183    0.00393336
184    0.00386899
185    0.00394154
186    0.00391256
187    0.00391845
188    0.0039166
189    0.00393805
190    0.0039184
191    0.00389229
192    0.00390747
193    0.00393276
194    0.00392224
195    0.00389168
196    0.00389636
197    0.00389426
198    0.00391877
199    0.00391422
200    0.00390043
201    0.00391242
202    0.00390298
203    0.00388002
204    0.00391387
205    0.00390605
206    0.00390341
207    0.00391197
208    0.00389833
209    0.00391977
210    0.00391496
211    0.00389384
212    0.00385848
213    0.00394134
214    0.00394968
215    0.00388589
216    0.0039338
217    0.00394582
218    0.00392143
219    0.00392461
220    0.00392292
221    0.00392411
222    0.00390995
223    0.00392877
224    0.00391732
225    0.00391908
226    0.00389374
227    0.00390128
228    0.00392414
229    0.00389611
230    0.00391774
231    0.00386844
232    0.00389464
233    0.00393597
234    0.00390477
235    0.00391717
236    0.00390758
237    0.00392528
238    0.00390242
239    0.00392798
240    0.00390003
241    0.00393317
242    0.00390915
243    0.00393938
244    0.003919
245    0.0039117
246    0.00387431
247    0.00389361
248    0.00388531
249    0.00392633
250    0.00389288
251    0.00393439
252    0.00392086
253    0.00390437
254    0.00389828
255    0.00394671
