0    0.00391926
1    0.00387025
2    0.00391683
3    0.00393368
4    0.00389034
5    0.00389858
6    0.00390612
7    0.00388868
8    0.0039118
9    0.00390599
10    0.00391373
11    0.0039083
12    0.00390661
13    0.00389814
14    0.00390875
15    0.00391858
16    0.00392259
17    0.00388234
18    0.0038992
19    0.00388586
20    0.00388354
21    0.00389783
22    0.00390265
23    0.00390533
24    0.00391555
25    0.00388502
26    0.00390893
27    0.00392792
28    0.00387766
29    0.00391926
30    0.00389431
31    0.00389013
32    0.00391951
33    0.003902
34    0.00391361
35    0.00389013
36    0.00390024
37    0.00390777
38    0.00389242
39    0.00388574
40    0.0038965
41    0.00391022
42    0.00388044
43    0.00391414
44    0.00388137
45    0.00391076
46    0.00388648
47    0.00390144
48    0.00392133
49    0.00391755
50    0.00391943
51    0.00389745
52    0.00389162
53    0.00389171
54    0.00391918
55    0.00392453
56    0.00389459
57    0.00388984
58    0.0038836
59    0.00389151
60    0.00390511
61    0.00389902
62    0.00391223
63    0.00387486
64    0.00387982
65    0.0038982
66    0.00390726
67    0.0039117
68    0.00390994
69    0.00393935
70    0.00390171
71    0.00392489
72    0.00389287
73    0.00389916
74    0.00390207
75    0.00389865
76    0.00390752
77    0.00390978
78    0.00390313
79    0.00391485
80    0.00388197
81    0.00388235
82    0.0038932
83    0.0039027
84    0.0039063
85    0.00390571
86    0.00389897
87    0.00389929
88    0.00389155
89    0.00391302
90    0.00392575
91    0.00391161
92    0.00389151
93    0.00391449
94    0.00387828
95    0.00390965
96    0.0038992
97    0.00389875
98    0.00392207
99    0.00389831
100    0.00388274
101    0.00390544
102    0.00390198
103    0.00390064
104    0.0039021
105    0.00388598
106    0.0038973
107    0.00391383
108    0.00391187
109    0.00391657
110    0.00390342
111    0.00390701
112    0.00394706
113    0.00390506
114    0.00389731
115    0.0038987
116    0.0039452
117    0.00391099
118    0.00388424
119    0.00391567
120    0.00392389
121    0.00391174
122    0.00390341
123    0.00389732
124    0.00389329
125    0.00388947
126    0.00396174
127    0.00393416
128    0.00390103
129    0.00390095
130    0.00391387
131    0.00391562
132    0.00387922
133    0.00392087
134    0.00393872
135    0.00389632
136    0.00388789
137    0.00391239
138    0.00389016
139    0.00388316
140    0.00388314
141    0.00388526
142    0.00392888
143    0.00393123
144    0.00389356
145    0.00390339
146    0.00391478
147    0.00391951
148    0.00393256
149    0.00393255
150    0.00391047
151    0.00389701
152    0.00390036
153    0.00392357
154    0.00392531
155    0.00386235
156    0.00389183
157    0.00390026
158    0.00393234
159    0.00389593
160    0.00389814
161    0.00390867
162    0.00388953
163    0.00391093
164    0.00392068
165    0.00390203
166    0.00389594
167    0.00386425
168    0.00391582
169    0.00390293
170    0.00388926
171    0.00388007
172    0.0039111
173    0.00393093
174    0.00392249
175    0.00389601
176    0.00390553
177    0.00391884
178    0.00389496
179    0.00392675
180    0.00392692
181    0.00391709
182    0.00389584
183    0.00391122
184    0.00390722
185    0.00390422
186    0.0039091
187    0.00390424
188    0.00390447
189    0.00390812
190    0.00390767
191    0.00391834
192    0.00390995
193    0.00389227
194    0.00395082
195    0.00391343
196    0.0039151
197    0.00389985
198    0.00388208
199    0.00392899
200    0.00391546
201    0.00388864
202    0.00395754
203    0.00391537
204    0.00390025
205    0.00393211
206    0.00389968
207    0.00389774
208    0.00391227
209    0.00389916
210    0.00388985
211    0.00392328
212    0.00389787
213    0.00394075
214    0.00389716
215    0.00391855
216    0.00390637
217    0.00391877
218    0.00391955
219    0.00390877
220    0.00390829
221    0.00395283
222    0.00389433
223    0.0039208
224    0.00393101
225    0.0039072
226    0.00392675
227    0.00390129
228    0.0039061
229    0.0039196
230    0.00390772
231    0.00391311
232    0.00392838
233    0.00392075
234    0.00391363
235    0.0039034
236    0.00390447
237    0.00391482
238    0.00389786
239    0.00390073
240    0.00390979
241    0.00390249
242    0.0039015
243    0.00391246
244    0.00390618
245    0.00389528
246    0.00392483
247    0.00388811
248    0.00391659
249    0.00389781
250    0.00389531
251    0.00388588
252    0.00390147
253    0.00391676
254    0.00393067
255    0.0039126
