0    0.00388467
1    0.0039087
2    0.00391751
3    0.00390776
4    0.00390231
5    0.00389486
6    0.00388924
7    0.00388357
8    0.00390464
9    0.0038845
10    0.00390385
11    0.0039163
12    0.00389244
13    0.00389418
14    0.0039173
15    0.00391554
16    0.00386967
17    0.00390138
18    0.00391412
19    0.00390469
20    0.00393663
21    0.00391614
22    0.00391372
23    0.003923
24    0.00389257
25    0.00390962
26    0.00389981
27    0.00391753
28    0.00390591
29    0.00389102
30    0.00390732
31    0.00389552
32    0.00391818
33    0.00391006
34    0.00392743
35    0.00389808
36    0.00390503
37    0.00391084
38    0.00389748
39    0.0038901
40    0.0039007
41    0.00389464
42    0.00393263
43    0.00392895
44    0.00391392
45    0.00388443
46    0.00389274
47    0.00390502
48    0.00389673
49    0.00391117
50    0.00387911
51    0.00391676
52    0.00389647
53    0.00392091
54    0.00390312
55    0.00389797
56    0.003938
57    0.00392938
58    0.00389262
59    0.00391947
60    0.00391721
61    0.00388541
62    0.00390953
63    0.00391556
64    0.00387759
65    0.00388234
66    0.00392207
67    0.00392508
68    0.00390632
69    0.00392906
70    0.00392052
71    0.00390097
72    0.003903
73    0.00391842
74    0.00389121
75    0.00393844
76    0.00391742
77    0.00390971
78    0.00389433
79    0.00389637
80    0.00387981
81    0.00389443
82    0.00391071
83    0.00388019
84    0.00390338
85    0.00389884
86    0.00391112
87    0.00391292
88    0.0039042
89    0.00387054
90    0.00392516
91    0.00390953
92    0.00390273
93    0.00391174
94    0.00391706
95    0.00392606
96    0.00392369
97    0.00388522
98    0.00389109
99    0.00391548
100    0.00390623
101    0.00392148
102    0.00391104
103    0.00393326
104    0.00392973
105    0.00390094
106    0.00388812
107    0.00388733
108    0.0039281
109    0.00389965
110    0.00388401
111    0.00392175
112    0.00388276
113    0.00391488
114    0.00388498
115    0.00391595
116    0.00389405
117    0.00389584
118    0.0039004
119    0.0038886
120    0.00389786
121    0.00395299
122    0.00389168
123    0.00387778
124    0.0039163
125    0.00388456
126    0.00388293
127    0.00393114
128    0.00390404
129    0.00390582
130    0.00388684
131    0.00393266
132    0.00387662
133    0.00392538
134    0.00389251
135    0.0039212
136    0.00395395
137    0.00389314
138    0.00391169
139    0.003903
140    0.0039643
141    0.00391966
142    0.00389093
143    0.00390812
144    0.00390549
145    0.00391816
146    0.00393007
147    0.00390396
148    0.00392918
149    0.00387759
150    0.00391531
151    0.00388768
152    0.00389152
153    0.00391132
154    0.00389625
155    0.00391411
156    0.00387016
157    0.00394225
158    0.00393708
159    0.00389469
160    0.00389614
161    0.00390025
162    0.00390544
163    0.00390642
164    0.00387951
165    0.00387472
166    0.00391192
167    0.00390315
168    0.00389708
169    0.00388629
170    0.00389931
171    0.00391333
172    0.00392099
173    0.0039085
174    0.00390937
175    0.00389735
176    0.00390534
177    0.003915
178    0.00392218
179    0.00390644
180    0.00390011
181    0.00389019
182    0.003926
183    0.00389458
184    0.00390464
185    0.0038948
186    0.00391021
187    0.00391064
188    0.00390362
189    0.00393223
190    0.00391457
191    0.00388285
192    0.00391115
193    0.00390506
194    0.00390308
195    0.00390727
196    0.00390414
197    0.00392735
198    0.00388704
199    0.0039333
200    0.00390618
201    0.00392225
202    0.00389402
203    0.00389153
204    0.00393602
205    0.00390256
206    0.00389806
207    0.00390509
208    0.00390646
209    0.00390578
210    0.0039113
211    0.00390026
212    0.00392658
213    0.00387808
214    0.00389441
215    0.00388062
216    0.00390231
217    0.00392141
218    0.00390239
219    0.00389914
220    0.00389454
221    0.00388591
222    0.00390209
223    0.00390299
224    0.00388781
225    0.00391865
226    0.00388826
227    0.0038769
228    0.00393384
229    0.0038991
230    0.00392821
231    0.00389181
232    0.00393767
233    0.0039381
234    0.00389941
235    0.00391451
236    0.00393929
237    0.00390361
238    0.00391508
239    0.0039138
240    0.00389772
241    0.00390698
242    0.00390966
243    0.00390497
244    0.00391188
245    0.00388408
246    0.00392313
247    0.00390092
248    0.00391441
249    0.00390173
250    0.00391157
251    0.00394653
252    0.00390594
253    0.00391128
254    0.0039002
255    0.00390995
