0    0.00391453
1    0.00389338
2    0.0039126
3    0.00389468
4    0.00391836
5    0.00389483
6    0.00389671
7    0.00391313
8    0.0039424
9    0.00391898
10    0.00390123
11    0.00390462
12    0.00389669
13    0.00392078
14    0.00389098
15    0.00391382
16    0.00390742
17    0.00391834
18    0.00390976
19    0.003925
20    0.00388255
21    0.00390205
22    0.00392283
23    0.00389737
24    0.00388733
25    0.00389693
26    0.00390478
27    0.00388635
28    0.00389594
29    0.00393229
30    0.00391245
31    0.00388713
32    0.00389029
33    0.00386516
34    0.00390893
35    0.00391328
36    0.0039047
37    0.00387711
38    0.00391373
39    0.00388568
40    0.00392288
41    0.0039089
42    0.00389465
43    0.00390449
44    0.00391431
45    0.00391123
46    0.00390657
47    0.00389356
48    0.00390295
49    0.00390952
50    0.0039249
51    0.00388419
52    0.00390175
53    0.00393087
54    0.0038987
55    0.0039096
56    0.00387834
57    0.00391757
58    0.00390301
59    0.00386878
60    0.00389338
61    0.00387348
62    0.00391112
63    0.00391434
64    0.00390472
65    0.00388652
66    0.00389882
67    0.00388803
68    0.00390067
69    0.00388514
70    0.00391645
71    0.00388662
72    0.00392618
73    0.00388821
74    0.00390027
75    0.00387529
76    0.0039118
77    0.00391014
78    0.00388759
79    0.00391835
80    0.0039085
81    0.00389921
82    0.00389958
83    0.00388825
84    0.00390271
85    0.0039179
86    0.00390759
87    0.0038951
88    0.00390963
89    0.00388934
90    0.00389371
91    0.003908
92    0.00389757
93    0.00391553
94    0.00388932
95    0.00391882
96    0.00392612
97    0.00390767
98    0.00391298
99    0.00390563
100    0.00391662
101    0.00391777
102    0.003891
103    0.00390595
104    0.00391399
105    0.00389094
106    0.0039024
107    0.00389493
108    0.00389322
109    0.00393507
110    0.00389381
111    0.00393491
112    0.00390931
113    0.00388009
114    0.0039095
115    0.00388612
116    0.00389017
117    0.00388569
118    0.00387885
119    0.00392014
120    0.00388723
121    0.00391404
122    0.00390769
123    0.00391551
124    0.00391032
125    0.00389111
126    0.00387799
127    0.00389241
128    0.00393114
129    0.00387975
130    0.00390881
131    0.003877
132    0.00392563
133    0.00393394
134    0.0038952
135    0.00390441
136    0.0039189
137    0.00390262
138    0.00391738
139    0.00388595
140    0.00388176
141    0.00391872
142    0.00391562
143    0.00391003
144    0.00388467
145    0.00390596
146    0.00387799
147    0.00390582
148    0.00390401
149    0.00389375
150    0.00391115
151    0.00389853
152    0.00388941
153    0.00388049
154    0.0039227
155    0.0039277
156    0.00392114
157    0.00390756
158    0.00394628
159    0.00391231
160    0.00393566
161    0.00391919
162    0.00390087
163    0.0039295
164    0.0038696
165    0.00391509
166    0.00391862
167    0.00391291
168    0.00388559
169    0.00390499
170    0.00388962
171    0.00392471
172    0.00389772
173    0.00391286
174    0.00391013
175    0.00389139
176    0.00389917
177    0.00391626
178    0.00391481
179    0.0038714
180    0.00389037
181    0.0038734
182    0.00390101
183    0.0038881
184    0.00390928
185    0.00392946
186    0.00390777
187    0.00390141
188    0.00387993
189    0.00391639
190    0.00392863
191    0.00390478
192    0.00395803
193    0.00389799
194    0.00393829
195    0.00392846
196    0.00390733
197    0.00391926
198    0.00391332
199    0.00392536
200    0.00391421
201    0.00391853
202    0.00392856
203    0.00390972
204    0.00390882
205    0.00390786
206    0.00389927
207    0.00390096
208    0.00392475
209    0.00391977
210    0.00391882
211    0.0039135
212    0.0039084
213    0.0039321
214    0.00391514
215    0.00388452
216    0.00392986
217    0.00392174
218    0.00391924
219    0.00393281
220    0.00392528
221    0.00388911
222    0.00391784
223    0.00393153
224    0.00389225
225    0.00392241
226    0.00391074
227    0.0039086
228    0.00392355
229    0.00392692
230    0.00390607
231    0.00388355
232    0.0039114
233    0.00392306
234    0.00389338
235    0.00391615
236    0.00388542
237    0.00391407
238    0.00390718
239    0.00388981
240    0.00391442
241    0.00392422
242    0.00393429
243    0.00391756
244    0.00391252
245    0.00388793
246    0.00391197
247    0.00391589
248    0.0039273
249    0.00388596
250    0.00390173
251    0.00391213
252    0.00393211
253    0.003918
254    0.00391541
255    0.00390772
