0    0.00393563
1    0.00388696
2    0.00388751
3    0.00389567
4    0.00388014
5    0.00392767
6    0.00389686
7    0.0038967
8    0.00389031
9    0.00388446
10    0.00389386
11    0.00390205
12    0.0038852
13    0.00391039
14    0.00389506
15    0.00391322
16    0.00390604
17    0.00387957
18    0.00392187
19    0.00388383
20    0.00388691
21    0.00388998
22    0.00390989
23    0.00392082
24    0.00394777
25    0.00390608
26    0.00390182
27    0.00388661
28    0.00390014
29    0.00390962
30    0.0039128
31    0.0038894
32    0.00394086
33    0.00388113
34    0.00391011
35    0.00391388
36    0.0038727
37    0.00389812
38    0.00389979
39    0.0039068
40    0.0038912
41    0.00391882
42    0.00388762
43    0.00392406
44    0.00390868
45    0.00388773
46    0.00389774
47    0.00391999
48    0.0038908
49    0.00389083
50    0.00391908
51    0.00387658
52    0.00389413
53    0.00389212
54    0.00389412
55    0.00393078
56    0.00390028
57    0.00390438
58    0.00390369
59    0.00390696
60    0.00390336
61    0.00388572
62    0.00389262
63    0.00391799
64    0.00393108
65    0.00390984
66    0.00392339
67    0.00391257
68    0.00388592
69    0.00392293
70    0.00388782
71    0.00390452
72    0.00391438
73    0.00390502
74    0.00390263
75    0.00393703
76    0.00390728
77    0.00392007
78    0.00390189
79    0.0039348
80    0.00389009
81    0.0038981
82    0.00390863
83    0.00391978
84    0.00392022
85    0.00392284
86    0.00390122
87    0.00390807
88    0.00392532
89    0.00390502
90    0.00389964
91    0.00390344
92    0.00390872
93    0.0039165
94    0.00389478
95    0.00390784
96    0.0039081
97    0.00392771
98    0.00390891
99    0.00390342
100    0.00393184
101    0.00389737
102    0.00389542
103    0.00390666
104    0.00390139
105    0.0038977
106    0.00390688
107    0.00388362
108    0.00389331
109    0.0039004
110    0.00392291
111    0.00388842
112    0.0039184
113    0.00392662
114    0.00390281
115    0.0039277
116    0.00386333
117    0.00389987
118    0.00390463
119    0.00389747
120    0.00389468
121    0.00386927
122    0.00389427
123    0.00389103
124    0.00389488
125    0.00389047
126    0.00391324
127    0.00388628
128    0.00390411
129    0.0039058
130    0.00391814
131    0.00390225
132    0.00390341
133    0.00388549
134    0.00390928
135    0.00386433
136    0.00390659
137    0.00389785
138    0.00391306
139    0.00388736
140    0.00388547
141    0.00389543
142    0.00391043
143    0.00390718
144    0.00390201
145    0.00389869
146    0.00391814
147    0.00391638
148    0.00392205
149    0.00391155
150    0.00388669
151    0.00389433
152    0.00389792
153    0.00387803
154    0.0039066
155    0.00391426
156    0.00388848
157    0.00391499
158    0.00392144
159    0.00389523
160    0.00392779
161    0.00391276
162    0.00390261
163    0.0039029
164    0.00388964
165    0.00392766
166    0.00392169
167    0.00391133
168    0.00394205
169    0.0039136
170    0.00388847
171    0.00391396
172    0.00390964
173    0.00392766
174    0.00392167
175    0.00393232
176    0.00390424
177    0.00392139
178    0.00391112
179    0.00392861
180    0.00389669
181    0.00391303
182    0.0038979
183    0.0038818
184    0.00393061
185    0.003905
186    0.00391178
187    0.0039073
188    0.00391456
189    0.00387873
190    0.00392269
191    0.00390581
192    0.00388449
193    0.00391318
194    0.00390602
195    0.00388949
196    0.00392954
197    0.00390228
198    0.00388052
199    0.00392382
200    0.00390024
201    0.00394104
202    0.0038802
203    0.00392098
204    0.00389856
205    0.0039234
206    0.00391644
207    0.00392368
208    0.00389224
209    0.00391456
210    0.00391964
211    0.0039087
212    0.0039042
213    0.00391809
214    0.00391475
215    0.00389557
216    0.00389922
217    0.0039278
218    0.00388658
219    0.003907
220    0.00392516
221    0.00385669
222    0.00391784
223    0.00391472
224    0.0039219
225    0.00391648
226    0.00392404
227    0.0039038
228    0.00392672
229    0.00392514
230    0.00389992
231    0.00392321
232    0.00392083
233    0.00391735
234    0.00390021
235    0.0039006
236    0.0039071
237    0.00393224
238    0.00390285
239    0.00390492
240    0.00389983
241    0.00389159
242    0.00390599
243    0.00394147
244    0.00393353
245    0.003915
246    0.00390302
247    0.00392073
248    0.00394075
249    0.00390114
250    0.00390956
251    0.00390698
252    0.00391162
253    0.00389029
254    0.00393924
255    0.00390741
