0    0.00392063
1    0.00388862
2    0.00388417
3    0.00388756
4    0.00390942
5    0.00391055
6    0.00389726
7    0.00391985
8    0.00393946
9    0.00387872
10    0.00389051
11    0.00388949
12    0.003888
13    0.00391841
14    0.00392238
15    0.0039004
16    0.00392285
17    0.00391217
18    0.00387688
19    0.00392796
20    0.00392273
21    0.00388299
22    0.00394205
23    0.00389355
24    0.00389984
25    0.00391389
26    0.0039001
27    0.00390652
28    0.00390671
29    0.00393834
30    0.00390547
31    0.00391649
32    0.00391349
33    0.00388515
34    0.00392585
35    0.0039241
36    0.00391882
37    0.00389044
38    0.00390284
39    0.00388812
40    0.00390286
41    0.00391346
42    0.00389314
43    0.00390579
44    0.0038969
45    0.00392114
46    0.00391984
47    0.00392425
48    0.00391395
49    0.00393342
50    0.00394419
51    0.00393244
52    0.00389519
53    0.00392051
54    0.00388854
55    0.00389884
56    0.003889
57    0.00389466
58    0.00387471
59    0.00389306
60    0.00391091
61    0.00390806
62    0.00388833
63    0.00393712
64    0.00393265
65    0.00391287
66    0.00389624
67    0.00391408
68    0.00389111
69    0.00388104
70    0.00389607
71    0.00393838
72    0.00391612
73    0.0038939
74    0.00390245
75    0.00392445
76    0.00393556
77    0.00386302
78    0.00390566
79    0.00386053
80    0.00390489
81    0.00389076
82    0.00388853
83    0.00388801
84    0.00390735
85    0.00389619
86    0.0039046
87    0.00387225
88    0.00389527
89    0.00390857
90    0.00393231
91    0.00389484
92    0.00386998
93    0.00391023
94    0.00390092
95    0.00387548
96    0.00391184
97    0.00391506
98    0.00389404
99    0.00390903
100    0.00392087
101    0.0039143
102    0.00392199
103    0.00388294
104    0.00387934
105    0.00392169
106    0.0039006
107    0.00392086
108    0.00390217
109    0.00390347
110    0.00392923
111    0.00390621
112    0.00392936
113    0.00391354
114    0.00389323
115    0.00391255
116    0.00390834
117    0.00392484
118    0.00390338
119    0.00393742
120    0.00391859
121    0.00390351
122    0.00390861
123    0.0039174
124    0.00386451
125    0.00389106
126    0.00391719
127    0.00390226
128    0.00391244
129    0.00389675
130    0.00391276
131    0.00393739
132    0.00391648
133    0.00388063
134    0.00390925
135    0.00388164
136    0.00391058
137    0.00391608
138    0.00389539
139    0.00390519
140    0.00390411
141    0.00390168
142    0.00389859
143    0.0039065
144    0.00392083
145    0.00390371
146    0.00391878
147    0.00390217
148    0.00387326
149    0.00390415
150    0.00391832
151    0.00391011
152    0.00391354
153    0.00394236
154    0.00389649
155    0.00391278
156    0.00392517
157    0.00391756
158    0.00394553
159    0.00388802
160    0.00392423
161    0.00387792
162    0.00391241
163    0.00391993
164    0.00392203
165    0.00390397
166    0.00387959
167    0.00391967
168    0.00391566
169    0.00391509
170    0.0038799
171    0.00391304
172    0.00391735
173    0.00390602
174    0.0039191
175    0.00389997
176    0.00391461
177    0.00388664
178    0.00389511
179    0.00391046
180    0.00392258
181    0.00386461
182    0.00387757
183    0.00391247
184    0.00390659
185    0.0038787
186    0.00390509
187    0.0039006
188    0.00390856
189    0.00387215
190    0.00389633
191    0.00393988
192    0.00390773
193    0.00389262
194    0.00391294
195    0.00390326
196    0.00389179
197    0.00389145
198    0.0039011
199    0.00387546
200    0.00391171
201    0.00391269
202    0.00389929
203    0.00390497
204    0.00391055
205    0.00388599
206    0.00392353
207    0.00387968
208    0.00390133
209    0.0038989
210    0.0039246
211    0.00390904
212    0.0039055
213    0.00389262
214    0.00390119
215    0.00388327
216    0.00390293
217    0.00390087
218    0.00390821
219    0.003899
220    0.00388133
221    0.00390166
222    0.00392511
223    0.00389588
224    0.00394101
225    0.00392073
226    0.00388121
227    0.0039194
228    0.00391646
229    0.00390251
230    0.00392215
231    0.00392426
232    0.00391521
233    0.00389424
234    0.00391078
235    0.00389612
236    0.00392446
237    0.00394628
238    0.00392029
239    0.00393356
240    0.00391259
241    0.00392128
242    0.00391288
243    0.00389504
244    0.00390551
245    0.00388824
246    0.00391227
247    0.00389604
248    0.00391615
249    0.00390029
250    0.00390566
251    0.00390764
252    0.00392811
253    0.00391076
254    0.0039065
255    0.00393329
