0    0.00392956
1    0.00391577
2    0.00391634
3    0.0039073
4    0.00389013
5    0.00389078
6    0.00389232
7    0.00389867
8    0.00386993
9    0.00390965
10    0.00390563
11    0.00389724
12    0.00389953
13    0.00389513
14    0.00389833
15    0.00387612
16    0.0039081
17    0.00390779
18    0.00390396
19    0.0038968
20    0.00391288
21    0.00392204
22    0.00389008
23    0.00390133
24    0.00392686
25    0.00390659
26    0.00389271
27    0.00394683
28    0.00387911
29    0.00390232
30    0.00390367
31    0.00387739
32    0.00388923
33    0.00390546
34    0.00392604
35    0.00388992
36    0.00389428
37    0.00391326
38    0.00389807
39    0.00391727
40    0.00388977
41    0.00390905
42    0.00392696
43    0.00390097
44    0.00391994
45    0.00391477
46    0.00392249
47    0.00390457
48    0.00390748
49    0.00390246
50    0.00386176
51    0.00391108
52    0.00391957
53    0.00392331
54    0.0039155
55    0.00391798
56    0.0039111
57    0.0038993
58    0.00390931
59    0.00387481
60    0.00387703
61    0.00395756
62    0.00391446
63    0.00392243
64    0.00391406
65    0.00389221
66    0.00391782
67    0.00387937
68    0.00390686
69    0.00389669
70    0.003889
71    0.00390977
72    0.00390897
73    0.00389334
74    0.0039024
75    0.00391134
76    0.00387874
77    0.00389832
78    0.00390371
79    0.00392747
80    0.00387867
81    0.00387168
82    0.00389277
83    0.00389579
84    0.00392433
85    0.00391531
86    0.003948
87    0.00390023
88    0.00392225
89    0.00394284
90    0.00393469
91    0.00386902
92    0.00392048
93    0.00392322
94    0.00393138
95    0.00390188
96    0.00388812
97    0.00390476
98    0.00389573
99    0.0039084
100    0.00389671
101    0.00392637
102    0.00388885
103    0.00388316
104    0.00390208
105    0.00392373
106    0.00390478
107    0.00391366
108    0.00389782
109    0.00390496
110    0.00389635
111    0.00389575
112    0.00387817
113    0.00390409
114    0.00391575
115    0.00391093
116    0.0038961
117    0.00391188
118    0.00389555
119    0.00390878
120    0.00391971
121    0.00392599
122    0.00389429
123    0.00389515
124    0.0039135
125    0.0038964
126    0.0039169
127    0.00391162
128    0.00391459
129    0.00389352
130    0.0038885
131    0.00391337
132    0.00390351
133    0.00392195
134    0.00392495
135    0.003928
136    0.00391921
137    0.00392445
138    0.00390679
139    0.00389895
140    0.00392009
141    0.00389764
142    0.00389617
143    0.00391425
144    0.00388338
145    0.00390216
146    0.00390705
147    0.00391221
148    0.00393144
149    0.00390568
150    0.00389799
151    0.00392678
152    0.00390647
153    0.00389932
154    0.0038996
155    0.00390344
156    0.00391402
157    0.00391971
158    0.00389438
159    0.00389778
160    0.00390461
161    0.00388205
162    0.0038827
163    0.00391041
164    0.00392574
165    0.00391784
166    0.00389338
167    0.00392612
168    0.00392536
169    0.0038985
170    0.00393758
171    0.00390148
172    0.00389258
173    0.00388789
174    0.00389547
175    0.00390117
176    0.00388895
177    0.00389914
178    0.0039267
179    0.00391988
180    0.00389169
181    0.00392291
182    0.00391538
183    0.00389794
184    0.00388582
185    0.00387241
186    0.00391768
187    0.00391582
188    0.00389875
189    0.00389937
190    0.00392152
191    0.00391204
192    0.00390745
193    0.00390306
194    0.00390367
195    0.00389848
196    0.00391851
197    0.00392429
198    0.00393314
199    0.00391059
200    0.00391156
201    0.00391571
202    0.00390563
203    0.00392438
204    0.00390575
205    0.00391086
206    0.003889
207    0.00388324
208    0.00390443
209    0.00389321
210    0.00391619
211    0.0039322
212    0.00392689
213    0.00392787
214    0.0039044
215    0.00390648
216    0.00389369
217    0.00389204
218    0.00391453
219    0.0039158
220    0.00392856
221    0.0038931
222    0.00393416
223    0.00390526
224    0.00390386
225    0.0039075
226    0.00389411
227    0.00390065
228    0.00388646
229    0.00391582
230    0.00390841
231    0.00393032
232    0.0039034
233    0.00391495
234    0.00389869
235    0.00393071
236    0.00386812
237    0.00391426
238    0.00391141
239    0.00390225
240    0.00391584
241    0.00388953
242    0.00391614
243    0.00392446
244    0.00391305
245    0.00389889
246    0.00393597
247    0.00392014
248    0.00390017
249    0.0038825
250    0.00390236
251    0.0038874
252    0.00388652
253    0.00390481
254    0.00389562
255    0.00391857
