0    0.00393514
1    0.00391879
2    0.00391421
3    0.0039232
4    0.00386588
5    0.00394628
6    0.00390259
7    0.00393771
8    0.00391819
9    0.00392003
10    0.00391486
11    0.00387551
12    0.00387561
13    0.00392217
14    0.00389109
15    0.00388245
16    0.00392948
17    0.00393648
18    0.0038917
19    0.00388386
20    0.00389793
21    0.00391415
22    0.00388419
23    0.00387714
24    0.00388512
25    0.00392677
26    0.00392807
27    0.00389371
28    0.00389617
29    0.00389048
30    0.00390956
31    0.00390573
32    0.00389585
33    0.00391136
34    0.00391529
35    0.0039207
36    0.00388778
37    0.00392262
38    0.00389278
39    0.00391248
40    0.00388675
41    0.00388305
42    0.00389632
43    0.00391198
44    0.00390236
45    0.00387609
46    0.00390302
47    0.00392613
48    0.00389473
49    0.00392216
50    0.00388753
51    0.00391822
52    0.00388351
53    0.00390867
54    0.00388452
55    0.0039107
56    0.00389093
57    0.00388751
58    0.00391471
59    0.00391219
60    0.00390782
61    0.00391442
62    0.00390177
63    0.00389628
64    0.00391068
65    0.00392468
66    0.0038956
67    0.00391874
68    0.00392038
69    0.00388737
70    0.00391155
71    0.00390811
72    0.00391206
73    0.00389954
74    0.00392189
75    0.0039106
76    0.00385784
77    0.0039017
78    0.00389309
79    0.0038941
80    0.00390386
81    0.0038921
82    0.0039064
83    0.0039065
84    0.00388208
85    0.00385667
86    0.00392149
87    0.00389001
88    0.00391506
89    0.00391626
90    0.0038921
91    0.00392764
92    0.00389986
93    0.0038859
94    0.00390927
95    0.00394457
96    0.00391025
97    0.00390622
98    0.00387942
99    0.00389118
100    0.0038935
101    0.00391252
102    0.00392107
103    0.00391685
104    0.00391066
105    0.00392079
106    0.00390289
107    0.00391816
108    0.00390771
109    0.00391147
110    0.00393461
111    0.00391212
112    0.00389216
113    0.00389824
114    0.00392618
115    0.00387634
116    0.0039077
117    0.00391379
118    0.00389627
119    0.00391159
120    0.00392059
121    0.00388711
122    0.00388827
123    0.00387697
124    0.00391713
125    0.00392122
126    0.00391797
127    0.0039122
128    0.00392167
129    0.00393719
130    0.00390378
131    0.00391422
132    0.00392023
133    0.00392067
134    0.00390658
135    0.00392396
136    0.00392296
137    0.00391891
138    0.0038959
139    0.00393279
140    0.0039213
141    0.00391383
142    0.00391257
143    0.00388424
144    0.00390054
145    0.00390879
146    0.00390509
147    0.00387847
148    0.00391455
149    0.00393272
150    0.00391905
151    0.00390211
152    0.00389147
153    0.00388684
154    0.00390008
155    0.00390065
156    0.00391213
157    0.0039382
158    0.003903
159    0.00390777
160    0.00388824
161    0.00391172
162    0.00393835
163    0.00389007
164    0.00390992
165    0.00392877
166    0.00389851
167    0.00393114
168    0.00389835
169    0.00387426
170    0.00388306
171    0.00392631
172    0.00391742
173    0.00387781
174    0.003936
175    0.00387995
176    0.00389661
177    0.0038967
178    0.0039051
179    0.00388663
180    0.00391852
181    0.00390203
182    0.00392635
183    0.00390935
184    0.00391557
185    0.00390692
186    0.00388961
187    0.00390376
188    0.00389001
189    0.00392636
190    0.00390896
191    0.00389047
192    0.00390793
193    0.0039188
194    0.00389972
195    0.00388571
196    0.00392659
197    0.00392234
198    0.00392251
199    0.00394788
200    0.00389815
201    0.00391112
202    0.00390577
203    0.00390958
204    0.00390498
205    0.00390255
206    0.00391855
207    0.00392634
208    0.0038969
209    0.00388917
210    0.00390721
211    0.00389304
212    0.00389091
213    0.00389865
214    0.00391656
215    0.00389933
216    0.00389804
217    0.00388726
218    0.00393096
219    0.00388716
220    0.003897
221    0.00390272
222    0.00393478
223    0.00390811
224    0.00391936
225    0.0038888
226    0.00391019
227    0.00391657
228    0.00391188
229    0.00390114
230    0.00390237
231    0.00390595
232    0.00392127
233    0.00390204
234    0.00389704
235    0.00390845
236    0.00392439
237    0.00390636
238    0.00390821
239    0.00390394
240    0.0039051
241    0.00391931
242    0.00388211
243    0.00393262
244    0.00387883
245    0.00388132
246    0.00388914
247    0.00390165
248    0.00389691
249    0.00393094
250    0.00392268
251    0.0039334
252    0.00390792
253    0.003918
254    0.00391063
255    0.00389474
