0    0.00390239
1    0.00390378
2    0.00390439
3    0.00390561
4    0.003901
5    0.00392148
6    0.00392908
7    0.00390512
8    0.00389283
9    0.00387156
10    0.00389272
11    0.00391379
12    0.00391753
13    0.00390011
14    0.00387334
15    0.00390174
16    0.00388457
17    0.00390601
18    0.00392737
19    0.00391512
20    0.00386422
21    0.00391227
22    0.00391788
23    0.00390921
24    0.00388554
25    0.00389974
26    0.00390694
27    0.00390505
28    0.0039075
29    0.00391651
30    0.00389925
31    0.00390973
32    0.00386454
33    0.0039264
34    0.00389299
35    0.00392365
36    0.00390736
37    0.00392465
38    0.00390215
39    0.00388475
40    0.00394084
41    0.0039175
42    0.00388173
43    0.00389212
44    0.00390886
45    0.00387685
46    0.0038842
47    0.0038829
48    0.00390597
49    0.00389568
50    0.00393496
51    0.00391546
52    0.00389848
53    0.00391657
54    0.00389889
55    0.00391844
56    0.00390166
57    0.00388734
58    0.00388977
59    0.00393519
60    0.00392099
61    0.00391608
62    0.00390608
63    0.00393133
64    0.00389503
65    0.00390969
66    0.0039007
67    0.00389625
68    0.00388821
69    0.00390608
70    0.00390633
71    0.00391335
72    0.00390587
73    0.00391443
74    0.00390438
75    0.00390578
76    0.00391189
77    0.00389662
78    0.00389039
79    0.00390607
80    0.00389279
81    0.00391837
82    0.00389552
83    0.00390797
84    0.00393226
85    0.00389622
86    0.00387425
87    0.00389962
88    0.00388742
89    0.00387254
90    0.00390864
91    0.00389446
92    0.00389326
93    0.00388841
94    0.00390345
95    0.00393011
96    0.00389312
97    0.00388946
98    0.00389628
99    0.00391346
100    0.00393177
101    0.00390237
102    0.00390438
103    0.0039064
104    0.00388197
105    0.00389908
106    0.00389558
107    0.00391665
108    0.00389886
109    0.00392046
110    0.00389466
111    0.00390772
112    0.0039064
113    0.00390833
114    0.00393927
115    0.00386936
116    0.00391801
117    0.00390088
118    0.0038987
119    0.0039062
120    0.00389546
121    0.00389489
122    0.00391045
123    0.00391528
124    0.00390123
125    0.00390923
126    0.00393726
127    0.00391203
128    0.00391831
129    0.00391945
130    0.00392495
131    0.00389996
132    0.0039367
133    0.00390243
134    0.00390912
135    0.00390375
136    0.00391247
137    0.00388832
138    0.00392144
139    0.00389649
140    0.00390133
141    0.00391494
142    0.00391781
143    0.00388392
144    0.00391461
145    0.0039068
146    0.0039029
147    0.00388964
148    0.00389095
149    0.00391928
150    0.00390421
151    0.00390161
152    0.00390779
153    0.00390096
154    0.00390314
155    0.00393045
156    0.0039057
157    0.00389495
158    0.003911
159    0.00390941
160    0.00390493
161    0.00394155
162    0.0039174
163    0.00392295
164    0.00393663
165    0.00391279
166    0.00392013
167    0.00391189
168    0.00391302
169    0.00391127
170    0.0038929
171    0.00390923
172    0.00390362
173    0.00390884
174    0.0039037
175    0.00390204
176    0.0038853
177    0.00392563
178    0.00390824
179    0.00393417
180    0.00393988
181    0.00391912
182    0.00390913
183    0.003899
184    0.00390591
185    0.00391667
186    0.00387634
187    0.00390059
188    0.00391632
189    0.00392295
190    0.0038872
191    0.00387875
192    0.00393649
193    0.00390649
194    0.00390107
195    0.00392074
196    0.00389846
197    0.00391628
198    0.00390418
199    0.00389496
200    0.00392712
201    0.00390643
202    0.00390837
203    0.00390217
204    0.00391258
205    0.00389266
206    0.00394145
207    0.0039212
208    0.00389229
209    0.00387745
210    0.00388893
211    0.00390721
212    0.00391074
213    0.00390744
214    0.00392021
215    0.00390828
216    0.00392334
217    0.00390436
218    0.00391899
219    0.00390931
220    0.00390016
221    0.0039179
222    0.00390176
223    0.00390022
224    0.00392621
225    0.00389419
226    0.00389425
227    0.00390924
228    0.00389262
229    0.00390866
230    0.00391439
231    0.00392231
232    0.00392761
233    0.00388968
234    0.00391493
235    0.00389993
236    0.00392376
237    0.00389393
238    0.0039222
239    0.00390941
240    0.00388518
241    0.00390768
242    0.00393167
243    0.00389607
244    0.00391391
245    0.00390275
246    0.00390565
247    0.00392054
248    0.00389527
249    0.00390666
250    0.00389366
251    0.0038825
252    0.00389571
253    0.00389489
254    0.00393808
255    0.00391494
