0    0.00387357
1    0.0038959
2    0.0038834
3    0.0039014
4    0.0038727
5    0.0039086
6    0.00389509
7    0.00390734
8    0.00391245
9    0.00392253
10    0.00390953
11    0.00388176
12    0.00390488
13    0.00391624
14    0.00388479
15    0.00389192
16    0.00390311
17    0.00391803
18    0.00391521
19    0.003915
20    0.00390269
21    0.00387346
22    0.00391913
23    0.00390718
24    0.00392112
25    0.0039051
26    0.00391395
27    0.00390125
28    0.00388906
29    0.00391794
30    0.00390374
31    0.00392157
32    0.00391316
33    0.0039009
34    0.00392185
35    0.0038697
36    0.00389578
37    0.00389149
38    0.00391308
39    0.00391823
40    0.00389426
41    0.00390023
42    0.00391623
43    0.00393713
44    0.00390316
45    0.00390604
46    0.00389313
47    0.0039069
48    0.00390016
49    0.00393276
50    0.00390259
51    0.00391552
52    0.00390293
53    0.00389472
54    0.00390304
55    0.00391697
56    0.00391668
57    0.00390164
58    0.00391236
59    0.00389751
60    0.00393526
61    0.00390629
62    0.00389156
63    0.00392188
64    0.00388814
65    0.0039155
66    0.00391149
67    0.00393678
68    0.00390764
69    0.00387913
70    0.00389408
71    0.00388411
72    0.00391652
73    0.00388087
74    0.00390203
75    0.00388357
76    0.00392088
77    0.00392989
78    0.00390857
79    0.00389767
80    0.00388373
81    0.00389488
82    0.00388509
83    0.00390802
84    0.00392217
85    0.00388069
86    0.00389966
87    0.00391463
88    0.00390424
89    0.0039053
90    0.0039296
91    0.00390317
92    0.00390095
93    0.00390284
94    0.00390611
95    0.00390273
96    0.00389398
97    0.00388065
98    0.00392254
99    0.00390571
100    0.00390918
101    0.00390576
102    0.00387098
103    0.00389579
104    0.00394709
105    0.00390373
106    0.00390149
107    0.00390594
108    0.00389672
109    0.00391105
110    0.00389105
111    0.00391639
112    0.00388457
113    0.0038915
114    0.00391658
115    0.00389623
116    0.00391677
117    0.00391336
118    0.00387736
119    0.0038994
120    0.00388547
121    0.00390925
122    0.00392634
123    0.00392742
124    0.00393515
125    0.00390092
126    0.00387286
127    0.00392426
128    0.00391218
129    0.00392189
130    0.00390981
131    0.00392058
132    0.00390871
133    0.00391108
134    0.00391399
135    0.00391374
136    0.00389537
137    0.00391987
138    0.00389064
139    0.00392614
140    0.00393089
141    0.00392617
142    0.00391676
143    0.0039219
144    0.00388271
145    0.00388462
146    0.00392419
147    0.00389503
148    0.00389108
149    0.00389305
150    0.00389243
151    0.00390345
152    0.00391088
153    0.00392346
154    0.00390863
155    0.00389332
156    0.0039124
157    0.00392647
158    0.00390646
159    0.00393013
160    0.00389362
161    0.0038856
162    0.00391375
163    0.00390966
164    0.00393183
165    0.00389905
166    0.00390664
167    0.00390203
168    0.00388156
169    0.00389616
170    0.00389826
171    0.00388743
172    0.00388483
173    0.00392666
174    0.00390868
175    0.00391823
176    0.00393635
177    0.00390763
178    0.00390937
179    0.00390853
180    0.00388746
181    0.00391962
182    0.00388987
183    0.00391587
184    0.0039032
185    0.00390247
186    0.00394322
187    0.00392032
188    0.00392489
189    0.00390206
190    0.00391703
191    0.0038964
192    0.00391747
193    0.00390454
194    0.00389044
195    0.00389599
196    0.00392711
197    0.00393406
198    0.00391341
199    0.00391291
200    0.00389703
201    0.00394481
202    0.00391391
203    0.00390879
204    0.00388865
205    0.0038948
206    0.00390796
207    0.00390375
208    0.00387798
209    0.00389273
210    0.00392227
211    0.00389033
212    0.00391186
213    0.00388419
214    0.00389657
215    0.00390568
216    0.0039212
217    0.00389971
218    0.00391435
219    0.00389824
220    0.0039163
221    0.00390148
222    0.00389747
223    0.00392506
224    0.00391907
225    0.00391046
226    0.00391274
227    0.00390601
228    0.00391291
229    0.00391054
230    0.00389115
231    0.00392393
232    0.0039423
233    0.0039127
234    0.00390213
235    0.00389867
236    0.00390826
237    0.00390355
238    0.00390838
239    0.00389053
240    0.00391604
241    0.00392023
242    0.00390645
243    0.00390096
244    0.00389293
245    0.00388401
246    0.00393097
247    0.0039072
248    0.00389977
249    0.003911
250    0.00391009
251    0.00390838
252    0.00390167
253    0.00391755
254    0.00391253
255    0.00391054
