0    0.00393929
1    0.00387864
2    0.0038963
3    0.0038966
4    0.00390919
5    0.00389512
6    0.00389027
7    0.00392167
8    0.00389007
9    0.00392332
10    0.00393495
11    0.00390155
12    0.00387205
13    0.00389256
14    0.0039074
15    0.00388819
16    0.00388036
17    0.00391347
18    0.00390448
19    0.00390514
20    0.0039051
21    0.00391246
22    0.00389061
23    0.00390281
24    0.00390428
25    0.00391584
26    0.00391633
27    0.00391977
28    0.0039022
29    0.00390384
30    0.00393314
31    0.00390228
32    0.00390786
33    0.00390786
34    0.00390662
35    0.00390864
36    0.0039213
37    0.00390758
38    0.00392413
39    0.00390536
40    0.00391991
41    0.00390666
42    0.003892
43    0.0039024
44    0.00391085
45    0.00387863
46    0.00395486
47    0.00390209
48    0.00391614
49    0.0039311
50    0.00389283
51    0.00388735
52    0.003921
53    0.00390589
54    0.00391427
55    0.00393424
56    0.00389338
57    0.00391006
58    0.00391195
59    0.00390729
60    0.00391562
61    0.0038876
62    0.00389721
63    0.0039019
64    0.00392431
65    0.0039191
66    0.00390888
67    0.00388779
68    0.0038946
69    0.00391199
70    0.00387623
71    0.00387758
72    0.00389285
73    0.00387953
74    0.00387653
75    0.00389852
76    0.00390102
77    0.00391778
78    0.00392753
79    0.00392789
80    0.00391288
81    0.00388877
82    0.00390058
83    0.00386791
84    0.00392352
85    0.00392205
86    0.0039291
87    0.00392619
88    0.00391669
89    0.00390342
90    0.00390775
91    0.0039127
92    0.00389478
93    0.00389793
94    0.00389668
95    0.0039163
96    0.00387699
97    0.00391575
98    0.00391375
99    0.00389588
100    0.00392367
101    0.00393608
102    0.00388114
103    0.00389659
104    0.00389723
105    0.00392843
106    0.00388521
107    0.00389084
108    0.00390278
109    0.00390989
110    0.00391128
111    0.00392151
112    0.00389292
113    0.00388791
114    0.00389312
115    0.00393164
116    0.00391432
117    0.00393485
118    0.0038931
119    0.00391223
120    0.00392641
121    0.00389819
122    0.00391999
123    0.00389397
124    0.00390381
125    0.00393855
126    0.00391711
127    0.00388176
128    0.00391583
129    0.00389415
130    0.00390913
131    0.00392548
132    0.00392276
133    0.00390137
134    0.00390469
135    0.00389333
136    0.00391332
137    0.00391183
138    0.00389455
139    0.00390102
140    0.00388305
141    0.00390068
142    0.00389283
143    0.00391563
144    0.00389812
145    0.00388756
146    0.00390785
147    0.00390964
148    0.00389789
149    0.00390619
150    0.00386623
151    0.00390258
152    0.0039099
153    0.00390787
154    0.00389989
155    0.0039078
156    0.00391642
157    0.00391035
158    0.00392493
159    0.00388125
160    0.00389379
161    0.00391477
162    0.00389487
163    0.00390568
164    0.00388771
165    0.00387743
166    0.00389518
167    0.0039099
168    0.00387321
169    0.0038865
170    0.00393149
171    0.00387429
172    0.00389547
173    0.00391053
174    0.00390102
175    0.0038964
176    0.00390124
177    0.00392081
178    0.00389408
179    0.00389814
180    0.00389047
181    0.00389324
182    0.00391909
183    0.00393608
184    0.00392498
185    0.00389911
186    0.00391819
187    0.00389849
188    0.00392086
189    0.00389954
190    0.00389364
191    0.00389647
192    0.00390071
193    0.00393201
194    0.00391021
195    0.00391772
196    0.00390528
197    0.00389378
198    0.00391773
199    0.00388026
200    0.00393708
201    0.00390951
202    0.00391676
203    0.00389605
204    0.00387472
205    0.00390125
206    0.00391101
207    0.00391247
208    0.00390441
209    0.0039182
210    0.00389663
211    0.00393349
212    0.00392529
213    0.00389742
214    0.00392859
215    0.00392515
216    0.00390963
217    0.0039095
218    0.00390461
219    0.00390833
220    0.00390949
221    0.00390047
222    0.00391047
223    0.00390659
224    0.00387937
225    0.00388157
226    0.00389749
227    0.0039034
228    0.00389449
229    0.00390183
230    0.00393322
231    0.00389998
232    0.00391347
233    0.00388907
234    0.0038956
235    0.00393193
236    0.00392794
237    0.00392481
238    0.00389405
239    0.00391977
240    0.00391028
241    0.00390658
242    0.0039049
243    0.00391846
244    0.00393312
245    0.00391129
246    0.00391247
247    0.00392522
248    0.00391375
249    0.00390303
250    0.00392753
251    0.00390252
252    0.00389391
253    0.00394237
254    0.00391319
255    0.00392167
