0    0.0078296
1    0.00387904
2    0.00383986
3    0.0038759
4    0.00386444
5    0.00387849
6    0.00387983
7    0.00389204
8    0.00386756
9    0.00389468
10    0.00389208
11    0.00388603
12    0.00389359
13    0.00387977
14    0.0038505
15    0.00386992
16    0.00389332
17    0.00387551
18    0.00386706
19    0.00385915
20    0.00386032
21    0.00386594
22    0.00389035
23    0.00389154
24    0.00388371
25    0.00387958
26    0.00387587
27    0.00386146
28    0.00387399
29    0.0038934
30    0.00390414
31    0.00388583
32    0.00388418
33    0.00390872
34    0.00389812
35    0.00384364
36    0.00388858
37    0.0038744
38    0.00385756
39    0.00385832
40    0.00385816
41    0.0038928
42    0.00386298
43    0.00389092
44    0.00386616
45    0.00386466
46    0.00384237
47    0.00387914
48    0.00389076
49    0.00387107
50    0.00386976
51    0.00387059
52    0.00389772
53    0.00389734
54    0.00389854
55    0.00389248
56    0.00386646
57    0.00389864
58    0.00388535
59    0.00386911
60    0.00388496
61    0.0039084
62    0.00388224
63    0.00387166
64    0.00387833
65    0.00389732
66    0.00391224
67    0.00390285
68    0.00388075
69    0.00389648
70    0.0039149
71    0.0039045
72    0.00386933
73    0.00388367
74    0.00389265
75    0.00390594
76    0.00386574
77    0.00386518
78    0.00389514
79    0.00387184
80    0.00389873
81    0.00390312
82    0.00389617
83    0.00387768
84    0.00388531
85    0.00386564
86    0.00389577
87    0.00390328
88    0.00387995
89    0.00387046
90    0.00386557
91    0.00387229
92    0.00391666
93    0.00389892
94    0.00386319
95    0.0038951
96    0.0039209
97    0.00389394
98    0.00390928
99    0.00389482
100    0.00388655
101    0.00388973
102    0.00389446
103    0.00388245
104    0.00389257
105    0.00388933
106    0.00389514
107    0.00389103
108    0.00387735
109    0.00391707
110    0.0038959
111    0.00390268
112    0.00390426
113    0.00388092
114    0.00388207
115    0.00387197
116    0.00390906
117    0.00388264
118    0.00387971
119    0.00390305
120    0.00390518
121    0.0038882
122    0.00389505
123    0.00387518
124    0.00389086
125    0.00387787
126    0.00388869
127    0.00389948
128    0.00391078
129    0.00388984
130    0.00390873
131    0.00387647
132    0.00387774
133    0.00389052
134    0.00389393
135    0.00391026
136    0.0038694
137    0.00384179
138    0.00391433
139    0.00392552
140    0.00390056
141    0.00390846
142    0.00389374
143    0.00388514
144    0.00391172
145    0.00386261
146    0.00385082
147    0.00383255
148    0.00390884
149    0.00396733
150    0.0039037
151    0.00388044
152    0.00390668
153    0.0038952
154    0.00390569
155    0.00389111
156    0.00387567
157    0.00388753
158    0.00390011
159    0.00391036
160    0.00386959
161    0.0039069
162    0.00390922
163    0.00392066
164    0.00389463
165    0.00389739
166    0.00388279
167    0.00389742
168    0.00388751
169    0.00387384
170    0.00391745
171    0.00390033
172    0.00389524
173    0.00389666
174    0.00389134
175    0.00389393
176    0.00388441
177    0.00390633
178    0.00386775
179    0.00387496
180    0.00388925
181    0.00391769
182    0.00388361
183    0.00389666
184    0.00391652
185    0.00388853
186    0.00389162
187    0.00390821
188    0.00391682
189    0.00388857
190    0.00391733
191    0.003902
192    0.00388503
193    0.00391219
194    0.00390042
195    0.00390293
196    0.00391939
197    0.0039124
198    0.00386266
199    0.00387428
200    0.00391341
201    0.00390451
202    0.00389647
203    0.00388731
204    0.0039068
205    0.00389134
206    0.00390861
207    0.00389421
208    0.00389548
209    0.00387853
210    0.00389176
211    0.00389276
212    0.00392067
213    0.00390685
214    0.00385914
215    0.00391111
216    0.00387275
217    0.00391889
218    0.00389469
219    0.00390333
220    0.00388525
221    0.00389072
222    0.00393454
223    0.00390807
224    0.00388174
225    0.00391429
226    0.00389944
227    0.00390999
228    0.00388571
229    0.00391081
230    0.003934
231    0.00390005
232    0.00390716
233    0.00388716
234    0.00390368
235    0.00392402
236    0.00388892
237    0.00389836
238    0.0038977
239    0.00390524
240    0.00391008
241    0.00391118
242    0.00388118
243    0.00392507
244    0.00390858
245    0.003916
246    0.00391335
247    0.00391337
248    0.00389709
249    0.00389156
250    0.00386273
251    0.00389358
252    0.00387897
253    0.00389555
254    0.0039076
255    0.00388419
