0    0.00394308
1    0.00389485
2    0.00389286
3    0.00387804
4    0.00392709
5    0.0038977
6    0.00390974
7    0.00390983
8    0.00389273
9    0.00388685
10    0.00389443
11    0.0038962
12    0.00392455
13    0.00391495
14    0.00389436
15    0.0039095
16    0.00391823
17    0.00391229
18    0.00393749
19    0.00391669
20    0.00389291
21    0.00390405
22    0.0038754
23    0.00390555
24    0.00390387
25    0.00391674
26    0.0038945
27    0.00389377
28    0.00390736
29    0.00391272
30    0.00391632
31    0.0038856
32    0.00389759
33    0.0038955
34    0.00389295
35    0.00390089
36    0.00388562
37    0.00389754
38    0.00391047
39    0.00393265
40    0.0039012
41    0.00391769
42    0.0038757
43    0.00387698
44    0.00389867
45    0.00389908
46    0.00390285
47    0.00392156
48    0.00392054
49    0.00390616
50    0.00389181
51    0.00386541
52    0.00391115
53    0.00391742
54    0.00391184
55    0.003903
56    0.00391332
57    0.00387936
58    0.00391681
59    0.00393257
60    0.00389906
61    0.00389867
62    0.00391322
63    0.00390343
64    0.00388992
65    0.00391271
66    0.00391693
67    0.00392434
68    0.00393137
69    0.00386916
70    0.00391113
71    0.00389172
72    0.00390908
73    0.00389766
74    0.00390127
75    0.00390584
76    0.00391602
77    0.00390981
78    0.0038998
79    0.0038818
80    0.00391383
81    0.00391995
82    0.00390717
83    0.00390456
84    0.00388298
85    0.00389336
86    0.0039025
87    0.0039294
88    0.00391187
89    0.00392162
90    0.00387016
91    0.0039135
92    0.00391277
93    0.00388683
94    0.00389466
95    0.00390936
96    0.0039099
97    0.00391505
98    0.00393911
99    0.00390459
100    0.00389345
101    0.00390934
102    0.00391073
103    0.00389549
104    0.003895
105    0.00391336
106    0.00389457
107    0.00388526
108    0.00389394
109    0.00391041
110    0.00392261
111    0.00391418
112    0.0039057
113    0.00389205
114    0.00388713
115    0.00389976
116    0.00389726
117    0.0038977
118    0.00392014
119    0.00393874
120    0.00391538
121    0.00390569
122    0.00390222
123    0.00386696
124    0.00387722
125    0.00389579
126    0.00391362
127    0.00389319
128    0.00392291
129    0.00388578
130    0.00390306
131    0.00390563
132    0.00393834
133    0.00389022
134    0.00390692
135    0.00392964
136    0.00385732
137    0.00392978
138    0.0039111
139    0.00388652
140    0.00391523
141    0.00390133
142    0.00390375
143    0.00391164
144    0.00391386
145    0.00390306
146    0.00391718
147    0.00391478
148    0.00390143
149    0.00390863
150    0.00390244
151    0.00388066
152    0.00390908
153    0.0039086
154    0.00388469
155    0.00392091
156    0.0039058
157    0.00389803
158    0.00390153
159    0.00388812
160    0.00392102
161    0.0039476
162    0.00389949
163    0.00387659
164    0.00392677
165    0.00388743
166    0.00390958
167    0.00390646
168    0.00391037
169    0.00391877
170    0.00391743
171    0.00391266
172    0.00390571
173    0.0038949
174    0.00390543
175    0.00391977
176    0.00391534
177    0.00392734
178    0.003912
179    0.00390449
180    0.00390743
181    0.00390731
182    0.00393476
183    0.00394267
184    0.00391794
185    0.0038828
186    0.0039097
187    0.00394773
188    0.00392382
189    0.00388206
190    0.003911
191    0.00390916
192    0.0039005
193    0.00391507
194    0.00389277
195    0.00390116
196    0.00394365
197    0.00391013
198    0.00392069
199    0.00389214
200    0.00390664
201    0.00390916
202    0.00390348
203    0.00389602
204    0.00389847
205    0.00390338
206    0.00389978
207    0.00393526
208    0.0040042
209    0.00391173
210    0.00392998
211    0.00390048
212    0.003893
213    0.00390837
214    0.0038905
215    0.00391243
216    0.0038925
217    0.00390943
218    0.00391046
219    0.00391121
220    0.00389039
221    0.00391418
222    0.00392691
223    0.00388295
224    0.00392243
225    0.00391963
226    0.00391309
227    0.00389154
228    0.00391537
229    0.0039287
230    0.00391841
231    0.00387807
232    0.00388493
233    0.00389993
234    0.00389294
235    0.00390134
236    0.00390075
237    0.0039153
238    0.00392921
239    0.00391656
240    0.00388437
241    0.00388441
242    0.00393799
243    0.00391692
244    0.00388596
245    0.00391771
246    0.00388433
247    0.00392718
248    0.00390116
249    0.00390632
250    0.00390845
251    0.00392583
252    0.00391311
253    0.00388055
254    0.00390204
255    0.00391534
