0    0.00393834
1    0.00389384
2    0.0038898
3    0.00391564
4    0.00388937
5    0.00391674
6    0.00389615
7    0.00392876
8    0.00395367
9    0.0038813
10    0.00389269
11    0.00388771
12    0.00389489
13    0.00387335
14    0.0039185
15    0.00390857
16    0.00391896
17    0.00389013
18    0.00389743
19    0.00388744
20    0.00391106
21    0.00388423
22    0.0039001
23    0.00388034
24    0.00388885
25    0.00388796
26    0.00392247
27    0.00391126
28    0.00387407
29    0.00389424
30    0.00390267
31    0.00393286
32    0.00392062
33    0.00390637
34    0.00389952
35    0.00392598
36    0.00388998
37    0.00391613
38    0.00391583
39    0.00390495
40    0.00390819
41    0.00390304
42    0.00391067
43    0.00389314
44    0.00388655
45    0.0039011
46    0.00391877
47    0.0038784
48    0.00390187
49    0.00391936
50    0.0039047
51    0.00390537
52    0.00391206
53    0.00390675
54    0.0038869
55    0.00391292
56    0.00389927
57    0.00389698
58    0.00389512
59    0.00392976
60    0.00391168
61    0.00389517
62    0.00390956
63    0.00391161
64    0.00390896
65    0.00390806
66    0.00388159
67    0.00389063
68    0.00392362
69    0.0038848
70    0.00392844
71    0.00391277
72    0.00390031
73    0.00391859
74    0.00390478
75    0.00390587
76    0.00390782
77    0.00392383
78    0.00388404
79    0.00389486
80    0.00389074
81    0.00392171
82    0.00389825
83    0.003857
84    0.00391954
85    0.00392137
86    0.00387744
87    0.003881
88    0.00390232
89    0.00390045
90    0.00389393
91    0.00393745
92    0.00390927
93    0.00388085
94    0.00389646
95    0.00390161
96    0.00387192
97    0.00390852
98    0.00390998
99    0.00387786
100    0.00390243
101    0.00391272
102    0.00388976
103    0.00387828
104    0.00389246
105    0.00391572
106    0.00389905
107    0.00390445
108    0.0039093
109    0.00387695
110    0.00393889
111    0.00390272
112    0.0038929
113    0.00388638
114    0.00389623
115    0.00391941
116    0.00391112
117    0.00389351
118    0.00390304
119    0.00389054
120    0.00390679
121    0.00390315
122    0.00390865
123    0.00392745
124    0.00388736
125    0.00389656
126    0.00389269
127    0.00390507
128    0.00392725
129    0.00387692
130    0.00390239
131    0.00390693
132    0.00387516
133    0.00390619
134    0.00392215
135    0.0039231
136    0.00390171
137    0.0039194
138    0.00387577
139    0.00388578
140    0.00391423
141    0.00389948
142    0.00392037
143    0.00391092
144    0.00390137
145    0.00392486
146    0.0039083
147    0.00392006
148    0.00391365
149    0.00390041
150    0.00389058
151    0.00393112
152    0.00389328
153    0.00388105
154    0.00389613
155    0.00389677
156    0.00391557
157    0.00391112
158    0.00391776
159    0.00392865
160    0.00391036
161    0.0038898
162    0.00390105
163    0.00387749
164    0.00391952
165    0.0039081
166    0.00395265
167    0.00391916
168    0.00389343
169    0.00390618
170    0.00391465
171    0.00391193
172    0.00390333
173    0.00393809
174    0.00391305
175    0.00390085
176    0.00392484
177    0.0039034
178    0.00392199
179    0.00388762
180    0.00390533
181    0.00389111
182    0.00389241
183    0.0038891
184    0.00390673
185    0.00392528
186    0.00392204
187    0.00389872
188    0.00390891
189    0.00392363
190    0.00390826
191    0.00392858
192    0.00387701
193    0.00391221
194    0.00391373
195    0.00391556
196    0.0038849
197    0.00393483
198    0.00391905
199    0.00391175
200    0.00390246
201    0.00390187
202    0.00390916
203    0.00391574
204    0.00393537
205    0.00391651
206    0.00389931
207    0.00393367
208    0.00388736
209    0.00391847
210    0.00388463
211    0.00386589
212    0.00389718
213    0.00390405
214    0.00391324
215    0.00391538
216    0.00389936
217    0.00391322
218    0.00387941
219    0.00390509
220    0.00392373
221    0.00391797
222    0.00391776
223    0.00389169
224    0.00388783
225    0.0039035
226    0.00389463
227    0.00391437
228    0.00391358
229    0.00391769
230    0.00392064
231    0.00389244
232    0.00392482
233    0.00390865
234    0.00392514
235    0.00389127
236    0.00393171
237    0.00392058
238    0.00389619
239    0.00391364
240    0.00389081
241    0.00390282
242    0.00391313
243    0.00394037
244    0.00392851
245    0.00392365
246    0.00388169
247    0.00391987
248    0.00409394
249    0.00389372
250    0.00390439
251    0.0039247
252    0.00391886
253    0.00392472
254    0.00391683
255    0.0039298
