0    0.00389747
1    0.00389628
2    0.0038883
3    0.00390589
4    0.00389764
5    0.00390949
6    0.003906
7    0.00391275
8    0.00392463
9    0.00387939
10    0.00389081
11    0.00388974
12    0.00390342
13    0.00390828
14    0.00389835
15    0.00389875
16    0.0039051
17    0.00391704
18    0.00386628
19    0.00390188
20    0.00390216
21    0.00389449
22    0.00388926
23    0.00388449
24    0.00387616
25    0.00389441
26    0.00390731
27    0.00391614
28    0.00390634
29    0.00390697
30    0.00392679
31    0.00388859
32    0.00391627
33    0.00390872
34    0.00389841
35    0.00390485
36    0.00389142
37    0.0039244
38    0.00387803
39    0.00390783
40    0.00393483
41    0.00389878
42    0.00389936
43    0.00390221
44    0.0038797
45    0.00392637
46    0.00391918
47    0.00391179
48    0.00390891
49    0.0038989
50    0.00390413
51    0.00391217
52    0.0039133
53    0.00390267
54    0.00390662
55    0.00389801
56    0.00390175
57    0.0039238
58    0.00386383
59    0.00390798
60    0.00393702
61    0.00390551
62    0.00390702
63    0.00391712
64    0.00389605
65    0.00390101
66    0.00390143
67    0.00393127
68    0.00391523
69    0.00391462
70    0.00390517
71    0.00388745
72    0.00392381
73    0.0038982
74    0.00394145
75    0.00391442
76    0.00392928
77    0.00389118
78    0.00387664
79    0.00392312
80    0.00390333
81    0.0039217
82    0.00387799
83    0.00389878
84    0.00392127
85    0.00390289
86    0.0038984
87    0.00391432
88    0.00388907
89    0.00388071
90    0.00388715
91    0.00391979
92    0.00389629
93    0.00389952
94    0.00391003
95    0.00393169
96    0.00392708
97    0.00388963
98    0.00390219
99    0.00390661
100    0.00390166
101    0.00391211
102    0.00388182
103    0.00389335
104    0.00390418
105    0.00391678
106    0.00388945
107    0.00389666
108    0.00392008
109    0.00390213
110    0.0039223
111    0.00390874
112    0.00388523
113    0.00388954
114    0.00390278
115    0.00390888
116    0.00392303
117    0.00391367
118    0.00389241
119    0.00390762
120    0.0039291
121    0.00392996
122    0.00390968
123    0.00390344
124    0.00392547
125    0.00388251
126    0.00389574
127    0.00391452
128    0.00388673
129    0.00388953
130    0.00389607
131    0.00389155
132    0.00392453
133    0.0039152
134    0.00390523
135    0.00392174
136    0.00391564
137    0.00390061
138    0.00388609
139    0.00388882
140    0.00389684
141    0.00389784
142    0.00386547
143    0.00389818
144    0.00391124
145    0.00390214
146    0.00393026
147    0.00390218
148    0.00389704
149    0.003904
150    0.00390908
151    0.00390836
152    0.00389941
153    0.00388869
154    0.00389946
155    0.00389619
156    0.00391595
157    0.00393092
158    0.00390213
159    0.00389578
160    0.00390232
161    0.00392365
162    0.00390164
163    0.00388353
164    0.00390795
165    0.00389898
166    0.00392034
167    0.00389258
168    0.00391473
169    0.00392208
170    0.00390391
171    0.00391551
172    0.00390951
173    0.00392554
174    0.00393278
175    0.00393422
176    0.00389035
177    0.00391963
178    0.00391734
179    0.00392114
180    0.00390996
181    0.00391242
182    0.00390204
183    0.00390293
184    0.00389621
185    0.00390384
186    0.0039154
187    0.00389889
188    0.00389591
189    0.00392412
190    0.0039028
191    0.0039241
192    0.00390955
193    0.00391307
194    0.00389904
195    0.00391459
196    0.00392045
197    0.0039034
198    0.00388428
199    0.00392759
200    0.00391998
201    0.00391158
202    0.00390943
203    0.00391793
204    0.00391468
205    0.00391608
206    0.00388712
207    0.00393586
208    0.00390765
209    0.00389854
210    0.00388897
211    0.00390421
212    0.00389985
213    0.00392788
214    0.00389869
215    0.0038934
216    0.00392946
217    0.00391974
218    0.00391476
219    0.00393417
220    0.00392746
221    0.00390821
222    0.00392464
223    0.00390388
224    0.00390932
225    0.00389653
226    0.00389581
227    0.00389944
228    0.00390333
229    0.00388975
230    0.00390239
231    0.00392104
232    0.00391112
233    0.00387964
234    0.003925
235    0.00390207
236    0.00394557
237    0.00389841
238    0.00392189
239    0.00389698
240    0.00388828
241    0.00388062
242    0.00388942
243    0.0039112
244    0.00393285
245    0.00393316
246    0.00391846
247    0.00389458
248    0.00393271
249    0.00389517
250    0.00389211
251    0.00388976
252    0.00390992
253    0.00393698
254    0.00392568
255    0.0039124
