0    0.00391892
1    0.00392069
2    0.00391979
3    0.00390477
4    0.00390319
5    0.00388711
6    0.00391188
7    0.00389618
8    0.00392412
9    0.00388306
10    0.00389956
11    0.00389573
12    0.00391748
13    0.00392218
14    0.00390396
15    0.00388771
16    0.00388987
17    0.0039114
18    0.0039002
19    0.00388907
20    0.00390786
21    0.00390752
22    0.00391536
23    0.00391555
24    0.00391524
25    0.00392952
26    0.003896
27    0.00393472
28    0.00389954
29    0.00389439
30    0.003923
31    0.00387283
32    0.0038894
33    0.00389893
34    0.00388932
35    0.00389326
36    0.00391137
37    0.00390526
38    0.00392875
39    0.00389939
40    0.00389979
41    0.00390819
42    0.00389729
43    0.00392095
44    0.00392026
45    0.00392098
46    0.00391136
47    0.00390391
48    0.00388867
49    0.00388382
50    0.00390866
51    0.00391862
52    0.00389469
53    0.00389135
54    0.00389788
55    0.00384999
56    0.0038754
57    0.00387556
58    0.00388597
59    0.00387641
60    0.00390039
61    0.00389796
62    0.0039035
63    0.00391733
64    0.00391327
65    0.00389637
66    0.00389798
67    0.00391401
68    0.00390458
69    0.00392226
70    0.00393742
71    0.00389763
72    0.00387285
73    0.00391927
74    0.00390038
75    0.00389744
76    0.00391202
77    0.00389574
78    0.00391238
79    0.00390069
80    0.00391113
81    0.00390582
82    0.00387113
83    0.00394422
84    0.00389871
85    0.00390281
86    0.00389525
87    0.00391072
88    0.00389069
89    0.00387488
90    0.00388769
91    0.00390286
92    0.00390028
93    0.00390678
94    0.00389253
95    0.00392011
96    0.00387682
97    0.00388559
98    0.00388965
99    0.00391325
100    0.00392477
101    0.00391573
102    0.00388931
103    0.00390707
104    0.00391635
105    0.00389702
106    0.00389749
107    0.00389999
108    0.00391615
109    0.0038865
110    0.00388071
111    0.00390453
112    0.00388435
113    0.00386501
114    0.00389559
115    0.00391368
116    0.00392298
117    0.00395077
118    0.00393917
119    0.00388816
120    0.00393423
121    0.0039414
122    0.0038821
123    0.00391357
124    0.00391454
125    0.00391541
126    0.00392126
127    0.00390357
128    0.00389904
129    0.00389378
130    0.00391231
131    0.00389964
132    0.00390545
133    0.00389805
134    0.00390956
135    0.00390048
136    0.00388215
137    0.00389904
138    0.00390262
139    0.00391107
140    0.00389807
141    0.00392012
142    0.00388449
143    0.00388956
144    0.00391526
145    0.0039151
146    0.00391947
147    0.00392139
148    0.00390718
149    0.00392807
150    0.00394008
151    0.0039319
152    0.00391797
153    0.00391093
154    0.00390958
155    0.00392122
156    0.00390143
157    0.00390933
158    0.00391308
159    0.00390824
160    0.00391778
161    0.00392404
162    0.0039132
163    0.00389559
164    0.00391534
165    0.00393526
166    0.00390756
167    0.00390848
168    0.0039125
169    0.00392956
170    0.00392514
171    0.00390574
172    0.00390468
173    0.00391001
174    0.00391849
175    0.00389746
176    0.00391635
177    0.0039085
178    0.00389624
179    0.00391773
180    0.0038874
181    0.00392205
182    0.00391167
183    0.0039137
184    0.00392201
185    0.00390016
186    0.00390522
187    0.00391939
188    0.00390678
189    0.00392807
190    0.0038963
191    0.00391823
192    0.00392007
193    0.00389312
194    0.00391462
195    0.00389336
196    0.00389505
197    0.00391125
198    0.0039089
199    0.00387822
200    0.00391537
201    0.00392788
202    0.00390726
203    0.00390779
204    0.00390082
205    0.00392078
206    0.00390874
207    0.00392112
208    0.00388308
209    0.00390871
210    0.00392158
211    0.00391835
212    0.00390622
213    0.00392118
214    0.0039218
215    0.00392504
216    0.00390561
217    0.0039237
218    0.00388511
219    0.00392365
220    0.00389388
221    0.00389256
222    0.00392766
223    0.00387828
224    0.00391435
225    0.00392688
226    0.00389855
227    0.00387799
228    0.00388312
229    0.00391945
230    0.00389056
231    0.00390792
232    0.00389876
233    0.00386799
234    0.00391297
235    0.00390182
236    0.00389644
237    0.00391098
238    0.00390393
239    0.00393594
240    0.00387307
241    0.00389868
242    0.00393581
243    0.00391971
244    0.00389532
245    0.00393775
246    0.00391057
247    0.00394304
248    0.00387921
249    0.00391853
250    0.00391647
251    0.00389987
252    0.0038922
253    0.00392459
254    0.0039114
255    0.00390937
