0    0.00392005
1    0.00390571
2    0.00389555
3    0.00390225
4    0.00387528
5    0.00389631
6    0.00388514
7    0.00390827
8    0.00392802
9    0.00391097
10    0.00390257
11    0.00390787
12    0.00392821
13    0.00389343
14    0.00389116
15    0.00387844
16    0.00390442
17    0.00390366
18    0.00390106
19    0.00390544
20    0.00391763
21    0.00390316
22    0.003893
23    0.00389154
24    0.00390726
25    0.00391636
26    0.0039252
27    0.00388511
28    0.00390186
29    0.00390112
30    0.00390075
31    0.00390428
32    0.00390996
33    0.00388712
34    0.00391527
35    0.00395625
36    0.00389808
37    0.0039131
38    0.0039076
39    0.00391355
40    0.00391521
41    0.00391025
42    0.00389429
43    0.00392338
44    0.00390297
45    0.00388522
46    0.00388681
47    0.00389077
48    0.00391377
49    0.00389515
50    0.00389167
51    0.00390211
52    0.00388806
53    0.00391709
54    0.00392394
55    0.00388864
56    0.00389017
57    0.00390325
58    0.00392181
59    0.00392115
60    0.00389312
61    0.00390986
62    0.00390672
63    0.00389223
64    0.00394448
65    0.00388943
66    0.00390757
67    0.00387953
68    0.00391213
69    0.00389061
70    0.0038851
71    0.00390446
72    0.00392023
73    0.00389399
74    0.00389824
75    0.00389411
76    0.00390366
77    0.00392071
78    0.00392455
79    0.00393099
80    0.00389679
81    0.00392211
82    0.00390634
83    0.00392872
84    0.0038999
85    0.00390722
86    0.00391904
87    0.00391127
88    0.00391633
89    0.00388459
90    0.003914
91    0.00391051
92    0.00391913
93    0.0039052
94    0.00393099
95    0.00393244
96    0.00391622
97    0.00387921
98    0.00390999
99    0.00392783
100    0.00388101
101    0.00392167
102    0.00391311
103    0.00390596
104    0.00389522
105    0.00390898
106    0.00390199
107    0.00390745
108    0.00389784
109    0.0038881
110    0.00392515
111    0.00390562
112    0.00389837
113    0.00391491
114    0.00391008
115    0.0038792
116    0.0039159
117    0.00390843
118    0.0039198
119    0.0039139
120    0.00389341
121    0.00393057
122    0.00392604
123    0.00391301
124    0.00390222
125    0.00387584
126    0.00389875
127    0.00389381
128    0.0039145
129    0.00390569
130    0.00391249
131    0.00389756
132    0.00390932
133    0.00388774
134    0.00391465
135    0.00387125
136    0.00391634
137    0.003886
138    0.00390927
139    0.00391042
140    0.00391161
141    0.00389785
142    0.00391977
143    0.00391652
144    0.00390608
145    0.00389123
146    0.00394032
147    0.00388277
148    0.0039097
149    0.00391775
150    0.00391174
151    0.00389784
152    0.00389107
153    0.00390792
154    0.00392242
155    0.00389197
156    0.00385362
157    0.00391857
158    0.00389455
159    0.00391096
160    0.00390636
161    0.00391323
162    0.00389744
163    0.00388945
164    0.00389347
165    0.0038979
166    0.00390531
167    0.00389592
168    0.00392031
169    0.00388785
170    0.00389418
171    0.00387382
172    0.00392915
173    0.00392285
174    0.00390761
175    0.00391133
176    0.00391302
177    0.00389534
178    0.00393962
179    0.00387831
180    0.00390508
181    0.00392223
182    0.00388177
183    0.00390403
184    0.00389041
185    0.00390576
186    0.00391917
187    0.00390435
188    0.00389984
189    0.00393137
190    0.00390231
191    0.00389959
192    0.0039199
193    0.00391287
194    0.00390498
195    0.00391922
196    0.00390721
197    0.00390287
198    0.00389428
199    0.00391087
200    0.00388054
201    0.00392244
202    0.00390453
203    0.0039228
204    0.00392766
205    0.00392134
206    0.00391388
207    0.00389715
208    0.00392497
209    0.00392232
210    0.00390713
211    0.00392177
212    0.00389788
213    0.00389628
214    0.00392552
215    0.00390309
216    0.00391356
217    0.00389709
218    0.00392785
219    0.00389396
220    0.00389691
221    0.00391742
222    0.00390552
223    0.00390676
224    0.00391224
225    0.00390269
226    0.00390908
227    0.00387433
228    0.00390735
229    0.00392879
230    0.00390048
231    0.00391848
232    0.0039112
233    0.00391144
234    0.00390686
235    0.00391299
236    0.00391868
237    0.00390007
238    0.00389909
239    0.0039323
240    0.00390807
241    0.00391637
242    0.00390639
243    0.00389476
244    0.00389372
245    0.00391521
246    0.00390797
247    0.00388771
248    0.00391004
249    0.00389786
250    0.00391515
251    0.00389874
252    0.003927
253    0.00390979
254    0.00390777
255    0.00392536
