0    0.00390859
1    0.00389169
2    0.00390139
3    0.00391842
4    0.00391334
5    0.00390456
6    0.00391871
7    0.00391609
8    0.00392389
9    0.0038735
10    0.00389698
11    0.00390555
12    0.0039261
13    0.00391705
14    0.00390386
15    0.00392139
16    0.00389325
17    0.00390558
18    0.0039151
19    0.00390329
20    0.00387461
21    0.00389897
22    0.00389067
23    0.00390688
24    0.00388887
25    0.0039418
26    0.00386859
27    0.0039174
28    0.00389016
29    0.00389996
30    0.0039094
31    0.00392353
32    0.00389805
33    0.00390958
34    0.00392591
35    0.00390119
36    0.00388572
37    0.00392434
38    0.00388034
39    0.00385675
40    0.00390272
41    0.00391763
42    0.00391817
43    0.00389311
44    0.00390752
45    0.00390344
46    0.00390862
47    0.00389451
48    0.0039144
49    0.00390584
50    0.00389132
51    0.00389023
52    0.00389373
53    0.00392309
54    0.00389584
55    0.00391041
56    0.00390102
57    0.00388255
58    0.00389117
59    0.00388812
60    0.00391744
61    0.00392865
62    0.00390924
63    0.00392379
64    0.0039021
65    0.00390835
66    0.00389143
67    0.00392058
68    0.00392447
69    0.0039059
70    0.00389878
71    0.00388723
72    0.00393011
73    0.00391315
74    0.0038828
75    0.0039249
76    0.00390174
77    0.00391091
78    0.00387891
79    0.00393423
80    0.00389804
81    0.00393184
82    0.00389992
83    0.00389403
84    0.00390786
85    0.00388941
86    0.00391028
87    0.00388975
88    0.00390285
89    0.00391019
90    0.00388922
91    0.00390658
92    0.00390929
93    0.00391614
94    0.00392129
95    0.00389103
96    0.00391485
97    0.00393655
98    0.00390579
99    0.00389437
100    0.00391754
101    0.00387576
102    0.00390698
103    0.0039106
104    0.00390485
105    0.00393008
106    0.00389148
107    0.0039212
108    0.00392152
109    0.00391385
110    0.00390012
111    0.00391131
112    0.00389083
113    0.0039244
114    0.00389902
115    0.00392917
116    0.00392085
117    0.00393159
118    0.00389786
119    0.00389769
120    0.00391291
121    0.0038624
122    0.00388806
123    0.00391278
124    0.00389059
125    0.00390343
126    0.00390858
127    0.00391559
128    0.00389459
129    0.00390758
130    0.00389999
131    0.00388846
132    0.00390527
133    0.00393393
134    0.00391347
135    0.00391534
136    0.00389167
137    0.00390072
138    0.00390212
139    0.0039024
140    0.00391145
141    0.00390607
142    0.00393519
143    0.00388169
144    0.00390604
145    0.00389026
146    0.00392268
147    0.00388765
148    0.00392848
149    0.00389234
150    0.00388416
151    0.00391405
152    0.00390664
153    0.00389474
154    0.00389709
155    0.00390345
156    0.0039413
157    0.0039322
158    0.00387299
159    0.00391575
160    0.00390392
161    0.00390079
162    0.00392963
163    0.00387652
164    0.00391139
165    0.00390696
166    0.00391199
167    0.003894
168    0.00390841
169    0.00390178
170    0.00390626
171    0.00391289
172    0.00391402
173    0.00390766
174    0.0039003
175    0.00390913
176    0.00390367
177    0.0039108
178    0.00389593
179    0.0039281
180    0.00392312
181    0.0038948
182    0.00391641
183    0.00389898
184    0.00393025
185    0.00390581
186    0.00390235
187    0.00393641
188    0.00389807
189    0.00389604
190    0.00391353
191    0.0039084
192    0.00391589
193    0.00390844
194    0.00393278
195    0.00388036
196    0.00390071
197    0.00388918
198    0.00392133
199    0.0038901
200    0.00386173
201    0.00387337
202    0.00393941
203    0.00389233
204    0.00390849
205    0.00390766
206    0.00390893
207    0.00390796
208    0.00390847
209    0.00393035
210    0.00391817
211    0.00392501
212    0.00393503
213    0.00390135
214    0.0038958
215    0.00390284
216    0.00389293
217    0.00390383
218    0.0038991
219    0.00394077
220    0.00390641
221    0.00390567
222    0.00390121
223    0.00391269
224    0.003898
225    0.00391187
226    0.00392273
227    0.00390035
228    0.00390052
229    0.00391928
230    0.00390247
231    0.00390164
232    0.00388527
233    0.00392543
234    0.0039112
235    0.00392441
236    0.00390934
237    0.00390003
238    0.00390599
239    0.00389224
240    0.00393075
241    0.00390902
242    0.00390792
243    0.00391926
244    0.00390042
245    0.00392072
246    0.00388979
247    0.00390343
248    0.00389939
249    0.00391635
250    0.00390645
251    0.00390461
252    0.00390711
253    0.00389862
254    0.00390854
255    0.00392095
