0    0.00392701
1    0.00389218
2    0.00392452
3    0.00390538
4    0.00386376
5    0.00390216
6    0.00391279
7    0.00395043
8    0.00391003
9    0.00392195
10    0.00389494
11    0.00392346
12    0.00389345
13    0.0038913
14    0.0039145
15    0.00389215
16    0.00389772
17    0.0038901
18    0.00391844
19    0.00392325
20    0.00391462
21    0.00389608
22    0.00390152
23    0.00388805
24    0.00389774
25    0.00388738
26    0.00394399
27    0.00392527
28    0.00388639
29    0.00389964
30    0.00387954
31    0.0038779
32    0.00392012
33    0.00393156
34    0.0039104
35    0.00389443
36    0.00390945
37    0.00392186
38    0.00389354
39    0.00389249
40    0.00389124
41    0.00391798
42    0.00392583
43    0.00390374
44    0.00390295
45    0.00393284
46    0.00391751
47    0.00390891
48    0.00394816
49    0.00389461
50    0.00390173
51    0.0039126
52    0.00391258
53    0.0039116
54    0.00388154
55    0.00390518
56    0.00391651
57    0.00387642
58    0.00390119
59    0.00389677
60    0.00391837
61    0.00389794
62    0.00390425
63    0.00389358
64    0.00390016
65    0.00391472
66    0.00389018
67    0.00390641
68    0.00391511
69    0.00392684
70    0.00388747
71    0.00391646
72    0.00391219
73    0.00391105
74    0.00389109
75    0.00391556
76    0.00389718
77    0.00392208
78    0.00391124
79    0.00387688
80    0.00389866
81    0.00393049
82    0.00392508
83    0.0038981
84    0.00390452
85    0.00390315
86    0.00389055
87    0.00388832
88    0.00391183
89    0.00390373
90    0.00390932
91    0.00388259
92    0.00389896
93    0.00388433
94    0.00389214
95    0.00387324
96    0.00389141
97    0.00392643
98    0.00391491
99    0.00391924
100    0.00391226
101    0.00391509
102    0.003871
103    0.00390613
104    0.00391422
105    0.00388668
106    0.00392404
107    0.00389853
108    0.00389262
109    0.00390191
110    0.00389724
111    0.00392931
112    0.00390619
113    0.00393065
114    0.00389782
115    0.00393233
116    0.00391067
117    0.00392091
118    0.00390559
119    0.00390941
120    0.00389147
121    0.00390715
122    0.0039016
123    0.00389486
124    0.00390483
125    0.00386305
126    0.0038685
127    0.00390564
128    0.00388751
129    0.00393137
130    0.00390604
131    0.0039291
132    0.00391857
133    0.00390339
134    0.00391946
135    0.00392165
136    0.00387548
137    0.00391032
138    0.00390569
139    0.00390103
140    0.00390249
141    0.00390062
142    0.00388304
143    0.00390458
144    0.00389944
145    0.0038927
146    0.00393761
147    0.00392115
148    0.00392178
149    0.00390638
150    0.0039343
151    0.00388629
152    0.00390722
153    0.00390991
154    0.00389995
155    0.0038965
156    0.00390057
157    0.00391498
158    0.00392332
159    0.00389287
160    0.00389167
161    0.00393868
162    0.00390068
163    0.00389229
164    0.00390952
165    0.00388971
166    0.00386355
167    0.00390262
168    0.00390889
169    0.0039452
170    0.00388598
171    0.00391461
172    0.00390314
173    0.00389861
174    0.00388744
175    0.003903
176    0.00390054
177    0.00391247
178    0.00391619
179    0.00388221
180    0.00390077
181    0.00390246
182    0.00391747
183    0.00393243
184    0.00391755
185    0.00392026
186    0.00391511
187    0.00392497
188    0.00387357
189    0.00392792
190    0.00390354
191    0.00389747
192    0.00390463
193    0.00388135
194    0.00392339
195    0.0039184
196    0.00391237
197    0.00390066
198    0.00392571
199    0.00391444
200    0.00389781
201    0.00389687
202    0.00392205
203    0.00390662
204    0.00391373
205    0.00390825
206    0.00389037
207    0.00388067
208    0.00387973
209    0.00391108
210    0.00389762
211    0.00391693
212    0.00390414
213    0.00390161
214    0.00391048
215    0.00391106
216    0.00391149
217    0.00392002
218    0.00391696
219    0.00389673
220    0.00393124
221    0.00390085
222    0.00392808
223    0.00387993
224    0.00390152
225    0.00391516
226    0.00391528
227    0.00392051
228    0.00391427
229    0.00391231
230    0.0039258
231    0.00392765
232    0.00390689
233    0.00389969
234    0.00388817
235    0.00390192
236    0.00388532
237    0.00390189
238    0.00391123
239    0.0039162
240    0.00391082
241    0.00391816
242    0.00390201
243    0.00391932
244    0.00388655
245    0.00392568
246    0.00391679
247    0.00391098
248    0.00390704
249    0.00394029
250    0.00390094
251    0.00390339
252    0.00392351
253    0.00389525
254    0.00390957
255    0.00390795
