0    0.0039176
1    0.00389421
2    0.00387804
3    0.00387647
4    0.00389432
5    0.00387556
6    0.00390396
7    0.00388603
8    0.0039098
9    0.00392288
10    0.00390766
11    0.00388878
12    0.0039117
13    0.00391489
14    0.00392669
15    0.00389748
16    0.00389386
17    0.00391431
18    0.00392425
19    0.00389494
20    0.00391495
21    0.00390658
22    0.00388445
23    0.00390383
24    0.00390964
25    0.00388119
26    0.0038781
27    0.00390112
28    0.00387786
29    0.00391916
30    0.00392132
31    0.0039126
32    0.00389559
33    0.00389205
34    0.00390072
35    0.00389713
36    0.00387663
37    0.00389878
38    0.00389959
39    0.0039126
40    0.00387314
41    0.00390289
42    0.00392436
43    0.00392011
44    0.00391321
45    0.003878
46    0.00390102
47    0.00393446
48    0.00391391
49    0.00390326
50    0.00390938
51    0.00387835
52    0.00393398
53    0.00391225
54    0.00391011
55    0.00390165
56    0.00392457
57    0.00389437
58    0.00389247
59    0.00390197
60    0.00389023
61    0.0039091
62    0.00390692
63    0.00390643
64    0.00388086
65    0.0039106
66    0.00388467
67    0.00390051
68    0.00391174
69    0.00394703
70    0.00389796
71    0.0038995
72    0.00392129
73    0.00390486
74    0.00392666
75    0.00391408
76    0.00391655
77    0.0039162
78    0.00392055
79    0.00388266
80    0.00388551
81    0.0039236
82    0.0038957
83    0.0038831
84    0.00389032
85    0.00389834
86    0.00394826
87    0.00391303
88    0.00390442
89    0.00389242
90    0.00390506
91    0.00388484
92    0.00387528
93    0.0039061
94    0.00391939
95    0.003913
96    0.00393241
97    0.00388726
98    0.00390688
99    0.00390795
100    0.00392307
101    0.00388078
102    0.00388401
103    0.00391715
104    0.00389819
105    0.0039193
106    0.00386821
107    0.00391943
108    0.00389563
109    0.00391197
110    0.00390955
111    0.00393797
112    0.00390674
113    0.00389595
114    0.0039058
115    0.00393144
116    0.00389107
117    0.00388532
118    0.00391514
119    0.00389033
120    0.00392068
121    0.00391626
122    0.00388977
123    0.00392391
124    0.00390647
125    0.00388256
126    0.00387573
127    0.0039192
128    0.00388659
129    0.00389333
130    0.00390217
131    0.00386903
132    0.00391032
133    0.00392772
134    0.00389025
135    0.00388558
136    0.00390228
137    0.00388663
138    0.0038747
139    0.00391491
140    0.00393507
141    0.00391116
142    0.00389396
143    0.00390164
144    0.00391375
145    0.0038933
146    0.00388762
147    0.00389356
148    0.00390199
149    0.00391145
150    0.00391906
151    0.00392205
152    0.00390218
153    0.00388332
154    0.00391534
155    0.00392698
156    0.00389853
157    0.00390967
158    0.00390184
159    0.00393278
160    0.00387679
161    0.00390996
162    0.0039078
163    0.00391581
164    0.0039111
165    0.00389586
166    0.00393777
167    0.00391665
168    0.00389975
169    0.00389308
170    0.00388195
171    0.00390344
172    0.00391312
173    0.00388633
174    0.00391799
175    0.00389104
176    0.00389499
177    0.00389824
178    0.00392399
179    0.00390856
180    0.00390041
181    0.00391877
182    0.003904
183    0.00389623
184    0.00390244
185    0.00388095
186    0.00393097
187    0.00390811
188    0.00390239
189    0.00390077
190    0.003889
191    0.0038929
192    0.00390281
193    0.00392659
194    0.00387778
195    0.00391907
196    0.00391381
197    0.00394666
198    0.00388686
199    0.00390856
200    0.00391067
201    0.00390839
202    0.00390988
203    0.00390504
204    0.00390384
205    0.00390751
206    0.00391763
207    0.00389391
208    0.00391369
209    0.00391303
210    0.00390771
211    0.00390862
212    0.00392688
213    0.00388778
214    0.00391634
215    0.00391569
216    0.00392104
217    0.00390649
218    0.00391856
219    0.00392868
220    0.00390736
221    0.00393774
222    0.00390271
223    0.00390542
224    0.00390895
225    0.00392503
226    0.00391913
227    0.00390871
228    0.00391008
229    0.00395931
230    0.00391213
231    0.00389896
232    0.00392213
233    0.0039205
234    0.00389175
235    0.00390993
236    0.00392641
237    0.00391699
238    0.00393553
239    0.00395096
240    0.00391106
241    0.00393189
242    0.00392359
243    0.00390721
244    0.00389477
245    0.00391682
246    0.00389346
247    0.00388678
248    0.00392329
249    0.00391471
250    0.00393319
251    0.00390784
252    0.00390774
253    0.00390742
254    0.00392465
255    0.00394871
