0    0.00392507
1    0.00387172
2    0.00389811
3    0.00388552
4    0.00391892
5    0.00389212
6    0.00392119
7    0.0038937
8    0.00391367
9    0.00393439
10    0.00391368
11    0.00391791
12    0.00390505
13    0.00392032
14    0.00390726
15    0.00390837
16    0.00390224
17    0.00392
18    0.00389234
19    0.00387715
20    0.0038966
21    0.00390692
22    0.0039246
23    0.0039163
24    0.00392284
25    0.00390961
26    0.00389897
27    0.00390902
28    0.00390437
29    0.00389361
30    0.0039325
31    0.0039083
32    0.00391976
33    0.00391117
34    0.00391087
35    0.00388796
36    0.00391839
37    0.00390587
38    0.00390598
39    0.0038877
40    0.00390368
41    0.00390191
42    0.00390027
43    0.00389059
44    0.00390161
45    0.00390019
46    0.00390404
47    0.00390503
48    0.00389812
49    0.0039168
50    0.00392482
51    0.00391011
52    0.00390303
53    0.00388138
54    0.00389577
55    0.00387273
56    0.00386749
57    0.00389607
58    0.00390013
59    0.00391889
60    0.00389926
61    0.00390401
62    0.00390989
63    0.00389715
64    0.00389712
65    0.00390228
66    0.00389534
67    0.00389602
68    0.00387291
69    0.00388887
70    0.00389739
71    0.00388586
72    0.00393035
73    0.00390825
74    0.00387608
75    0.00392974
76    0.00387444
77    0.00390887
78    0.00390674
79    0.00390915
80    0.00391648
81    0.00392412
82    0.00388523
83    0.00390068
84    0.00392764
85    0.00391566
86    0.00388701
87    0.00388086
88    0.00388663
89    0.00390464
90    0.00393448
91    0.00389817
92    0.00389702
93    0.00389422
94    0.00391871
95    0.00390751
96    0.00390284
97    0.00391524
98    0.00388335
99    0.0038921
100    0.00391524
101    0.00390083
102    0.00391853
103    0.00389447
104    0.00391203
105    0.00389109
106    0.00393471
107    0.00389181
108    0.00388619
109    0.00392143
110    0.00388874
111    0.00390376
112    0.003886
113    0.00389951
114    0.00388758
115    0.00390731
116    0.00391355
117    0.00392141
118    0.00389252
119    0.00391687
120    0.00388866
121    0.00388246
122    0.00392383
123    0.00387703
124    0.0039016
125    0.0038788
126    0.00389297
127    0.00391083
128    0.00390423
129    0.00391079
130    0.00390858
131    0.00394336
132    0.00389096
133    0.00392554
134    0.00393005
135    0.00391206
136    0.00394173
137    0.00387323
138    0.00393761
139    0.00389706
140    0.00389517
141    0.00391182
142    0.00393559
143    0.00389267
144    0.00393656
145    0.00392816
146    0.00393162
147    0.00389512
148    0.00391429
149    0.00388532
150    0.00389126
151    0.00391302
152    0.00389862
153    0.00389754
154    0.00390717
155    0.00390877
156    0.00390039
157    0.00391811
158    0.00391146
159    0.00390513
160    0.00388773
161    0.00390752
162    0.00392631
163    0.00389515
164    0.00391184
165    0.00393622
166    0.0039189
167    0.00388904
168    0.00390428
169    0.00392948
170    0.00391119
171    0.00391561
172    0.00389646
173    0.00392083
174    0.00390391
175    0.00393377
176    0.00393657
177    0.00391405
178    0.00390187
179    0.00392761
180    0.00392957
181    0.00392283
182    0.00392241
183    0.00389501
184    0.00390572
185    0.00392195
186    0.0039093
187    0.00391977
188    0.00391001
189    0.00392557
190    0.00393896
191    0.00390456
192    0.00392348
193    0.00391506
194    0.00389735
195    0.00386535
196    0.00388364
197    0.00392227
198    0.00389161
199    0.00386237
200    0.00387997
201    0.00390822
202    0.00391942
203    0.00389727
204    0.00390227
205    0.00393854
206    0.00388331
207    0.00392693
208    0.00389088
209    0.00390422
210    0.00390267
211    0.00392436
212    0.00389429
213    0.00389576
214    0.00387594
215    0.00391374
216    0.00390527
217    0.00390387
218    0.00389103
219    0.00390477
220    0.00390413
221    0.00390485
222    0.00390668
223    0.00390869
224    0.00391567
225    0.00388838
226    0.00388656
227    0.00392038
228    0.00390044
229    0.00390839
230    0.00392
231    0.00386943
232    0.00390056
233    0.00389219
234    0.00393951
235    0.00389503
236    0.00391245
237    0.00390757
238    0.00392825
239    0.00393333
240    0.00389634
241    0.00394504
242    0.00392209
243    0.00385649
244    0.00393101
245    0.00392551
246    0.00394314
247    0.00392993
248    0.00391093
249    0.00390533
250    0.00390528
251    0.00388571
252    0.00393808
253    0.00390965
254    0.00390655
255    0.00391071
