0    0.00390879
1    0.00391113
2    0.00391133
3    0.00391227
4    0.00389279
5    0.0038977
6    0.00392762
7    0.00389567
8    0.00392276
9    0.00390353
10    0.00390741
11    0.00390589
12    0.00390504
13    0.00388371
14    0.00389761
15    0.00388142
16    0.00391812
17    0.00391986
18    0.00391084
19    0.0039063
20    0.00391435
21    0.00389793
22    0.00391307
23    0.0038778
24    0.00388041
25    0.00390166
26    0.00386246
27    0.00390607
28    0.00391119
29    0.00391497
30    0.00390248
31    0.00389229
32    0.00390715
33    0.00390472
34    0.00389172
35    0.00391202
36    0.0039262
37    0.00387321
38    0.00393198
39    0.00391757
40    0.00391016
41    0.00390773
42    0.00391766
43    0.00389712
44    0.00393065
45    0.00390261
46    0.00391039
47    0.00390649
48    0.00390784
49    0.00390104
50    0.00391535
51    0.00387835
52    0.00389127
53    0.00390617
54    0.00392973
55    0.00392454
56    0.00389618
57    0.00390177
58    0.00394365
59    0.00391434
60    0.00390186
61    0.00391
62    0.00389509
63    0.00394141
64    0.00389192
65    0.00389376
66    0.00390259
67    0.00388716
68    0.00389745
69    0.00389831
70    0.00391572
71    0.00389585
72    0.00391014
73    0.00386884
74    0.00390712
75    0.00391145
76    0.00388752
77    0.00388151
78    0.00389801
79    0.00390426
80    0.00389952
81    0.00390873
82    0.00389218
83    0.00391349
84    0.00390128
85    0.00391383
86    0.00390114
87    0.00389162
88    0.00392975
89    0.00390398
90    0.00389244
91    0.0039179
92    0.00388255
93    0.00389975
94    0.00390369
95    0.00390277
96    0.00390734
97    0.00392848
98    0.00391009
99    0.00391452
100    0.00389961
101    0.00392621
102    0.0038951
103    0.00389699
104    0.00392849
105    0.00388782
106    0.00389882
107    0.00391284
108    0.00393107
109    0.0039055
110    0.00392236
111    0.00390681
112    0.00389121
113    0.00390998
114    0.00388964
115    0.00389518
116    0.00388359
117    0.00389821
118    0.00390114
119    0.00392235
120    0.00393919
121    0.00392415
122    0.00390346
123    0.00387674
124    0.00388877
125    0.00390199
126    0.00388791
127    0.00392679
128    0.00393527
129    0.0039105
130    0.00388749
131    0.00390305
132    0.00390865
133    0.00392699
134    0.00390822
135    0.00391992
136    0.00389132
137    0.00388857
138    0.00390185
139    0.00390653
140    0.00389547
141    0.00391417
142    0.00391421
143    0.0038973
144    0.00388399
145    0.0039162
146    0.0039149
147    0.00391101
148    0.00390422
149    0.00390016
150    0.00390898
151    0.00391733
152    0.00391965
153    0.00391785
154    0.00389629
155    0.00391722
156    0.00388178
157    0.00394037
158    0.0038875
159    0.00388257
160    0.0039008
161    0.00392075
162    0.00392302
163    0.0038907
164    0.00387712
165    0.00393216
166    0.00391812
167    0.00389432
168    0.00387917
169    0.00392009
170    0.00390095
171    0.00389987
172    0.00389547
173    0.00389012
174    0.00390888
175    0.00393188
176    0.00391038
177    0.00389772
178    0.00390658
179    0.0039461
180    0.00393443
181    0.00389162
182    0.00389766
183    0.00389925
184    0.00391333
185    0.00387775
186    0.00391538
187    0.00390249
188    0.00392049
189    0.00391394
190    0.00389256
191    0.00390177
192    0.00391484
193    0.00390647
194    0.00391223
195    0.00390393
196    0.00391949
197    0.00389319
198    0.00390149
199    0.0039113
200    0.00397119
201    0.00392528
202    0.00390067
203    0.00387653
204    0.00392209
205    0.00388452
206    0.00391856
207    0.00393096
208    0.0039101
209    0.00389189
210    0.00391771
211    0.00391565
212    0.00390926
213    0.00391178
214    0.00392755
215    0.00392665
216    0.00390678
217    0.00390323
218    0.003919
219    0.00393623
220    0.00392965
221    0.00390308
222    0.00390274
223    0.00391469
224    0.00390704
225    0.00388998
226    0.00390577
227    0.0038846
228    0.00392451
229    0.0038983
230    0.00390082
231    0.00389016
232    0.00393228
233    0.00388788
234    0.00390034
235    0.00388318
236    0.00390454
237    0.00391615
238    0.00389563
239    0.00386006
240    0.0038917
241    0.00390845
242    0.00392872
243    0.00390351
244    0.00391187
245    0.00390419
246    0.00390921
247    0.00392048
248    0.00391954
249    0.00392983
250    0.00389994
251    0.00390082
252    0.0039242
253    0.00390817
254    0.0038677
255    0.00393837
