0    0.00392909
1    0.0038958
2    0.00390472
3    0.00391537
4    0.00390777
5    0.00388221
6    0.00389938
7    0.00389487
8    0.00390897
9    0.0039042
10    0.00387044
11    0.00391727
12    0.0039014
13    0.00389759
14    0.00389676
15    0.00390672
16    0.00390627
17    0.00392665
18    0.00393884
19    0.00391235
20    0.00392387
21    0.00387997
22    0.00390041
23    0.00390654
24    0.00390463
25    0.00390175
26    0.00391968
27    0.00390817
28    0.00390376
29    0.00389867
30    0.00392652
31    0.00389338
32    0.00388669
33    0.00390153
34    0.00388551
35    0.00390981
36    0.00388971
37    0.0039131
38    0.00388242
39    0.003918
40    0.00389088
41    0.00387175
42    0.0039195
43    0.00387918
44    0.00391538
45    0.00390654
46    0.00390157
47    0.00393119
48    0.00390127
49    0.00386546
50    0.00387388
51    0.0038898
52    0.00390913
53    0.00391411
54    0.00394007
55    0.00389689
56    0.00388986
57    0.00388246
58    0.00392667
59    0.00390196
60    0.00390602
61    0.00392115
62    0.00388594
63    0.00391304
64    0.00389775
65    0.00390309
66    0.00390167
67    0.00388153
68    0.00390185
69    0.00391419
70    0.00390604
71    0.00393042
72    0.00390904
73    0.00390292
74    0.00388731
75    0.00390145
76    0.00390784
77    0.00386351
78    0.00390253
79    0.0038962
80    0.0039151
81    0.00392552
82    0.00388632
83    0.00389627
84    0.00394249
85    0.00388219
86    0.00388534
87    0.00391535
88    0.00390813
89    0.00391477
90    0.00391519
91    0.00392534
92    0.0039288
93    0.00392939
94    0.00390555
95    0.0039
96    0.00389973
97    0.00390455
98    0.00388674
99    0.00393025
100    0.0039087
101    0.00392248
102    0.00391321
103    0.00389812
104    0.00390503
105    0.00391374
106    0.00391437
107    0.0038984
108    0.00391433
109    0.00389773
110    0.00389397
111    0.00392777
112    0.00390654
113    0.00393229
114    0.0039065
115    0.00389299
116    0.00389669
117    0.00390206
118    0.00389945
119    0.00392663
120    0.00390956
121    0.00392768
122    0.00392936
123    0.00391101
124    0.00389142
125    0.00390249
126    0.00388091
127    0.00391998
128    0.00389314
129    0.00389399
130    0.00390928
131    0.00390671
132    0.00390898
133    0.00392674
134    0.00392924
135    0.00387464
136    0.00393094
137    0.00388308
138    0.00390239
139    0.00391727
140    0.00392813
141    0.00392518
142    0.0038954
143    0.00391838
144    0.0039203
145    0.00390779
146    0.00390695
147    0.00391494
148    0.00390794
149    0.00390752
150    0.00389697
151    0.00389545
152    0.00389043
153    0.00391481
154    0.00389158
155    0.00391537
156    0.00390352
157    0.00388032
158    0.00392932
159    0.00388052
160    0.00390268
161    0.00392395
162    0.00389865
163    0.00391767
164    0.00390353
165    0.00388599
166    0.00389475
167    0.00388085
168    0.00390711
169    0.00390479
170    0.00391597
171    0.00392587
172    0.00392045
173    0.0039134
174    0.00390623
175    0.00390517
176    0.00390092
177    0.00391253
178    0.00389481
179    0.0039099
180    0.00391085
181    0.0039034
182    0.0039178
183    0.00390825
184    0.00393622
185    0.00391641
186    0.00388427
187    0.00388033
188    0.00390713
189    0.00391938
190    0.00389948
191    0.0038588
192    0.00389472
193    0.00391526
194    0.00391929
195    0.00389932
196    0.0039011
197    0.00390451
198    0.00391737
199    0.00388697
200    0.00391475
201    0.00390567
202    0.00387866
203    0.00390372
204    0.00389222
205    0.00390881
206    0.00390826
207    0.00392271
208    0.00391634
209    0.00389899
210    0.00390702
211    0.00389625
212    0.00390241
213    0.00390705
214    0.00391392
215    0.00389829
216    0.00390387
217    0.00391669
218    0.00392585
219    0.00392052
220    0.00390137
221    0.00390152
222    0.00392404
223    0.0039082
224    0.00390367
225    0.00391784
226    0.00390623
227    0.00392771
228    0.00391554
229    0.00390728
230    0.00388926
231    0.0039164
232    0.00389527
233    0.0039017
234    0.00391174
235    0.00392633
236    0.00388959
237    0.00390462
238    0.00390885
239    0.00391217
240    0.00392969
241    0.00392094
242    0.00391021
243    0.00391268
244    0.00388132
245    0.0039215
246    0.00390159
247    0.00393288
248    0.00389798
249    0.00390773
250    0.00391695
251    0.00390661
252    0.00393933
253    0.00391856
254    0.00392864
255    0.00389653
