0    0.00391999
1    0.0038928
2    0.00391268
3    0.00388954
4    0.00394069
5    0.00388721
6    0.00390605
7    0.00391737
8    0.00388543
9    0.00387314
10    0.00392091
11    0.0038938
12    0.00390381
13    0.00388773
14    0.00396185
15    0.00386407
16    0.00388454
17    0.00389862
18    0.00391233
19    0.00391028
20    0.0039111
21    0.00389029
22    0.00388951
23    0.00392765
24    0.00391254
25    0.00390017
26    0.003898
27    0.00389853
28    0.0039128
29    0.00389907
30    0.00390566
31    0.00388493
32    0.00389676
33    0.00391761
34    0.00391387
35    0.00392239
36    0.00392787
37    0.00388844
38    0.00390901
39    0.00389726
40    0.00391131
41    0.00388693
42    0.00388826
43    0.00391432
44    0.00395764
45    0.00389226
46    0.00391537
47    0.00390423
48    0.00390539
49    0.0039222
50    0.00392679
51    0.00388875
52    0.00388573
53    0.00393687
54    0.00391567
55    0.00391298
56    0.00389044
57    0.00389609
58    0.00388885
59    0.00388445
60    0.00390636
61    0.00391183
62    0.00392835
63    0.00391951
64    0.00389327
65    0.00390201
66    0.00391081
67    0.00388795
68    0.00389808
69    0.00391045
70    0.00388302
71    0.00391643
72    0.00391806
73    0.00389783
74    0.00391305
75    0.00390638
76    0.00392856
77    0.00390817
78    0.00387767
79    0.00390046
80    0.00389679
81    0.0039277
82    0.00388508
83    0.00390083
84    0.00392067
85    0.00390431
86    0.00388606
87    0.00388714
88    0.00390133
89    0.00391875
90    0.00386998
91    0.0038973
92    0.00389349
93    0.00388457
94    0.00390715
95    0.00388375
96    0.00389624
97    0.00389245
98    0.0039039
99    0.0038971
100    0.00392663
101    0.00391092
102    0.0039396
103    0.00391107
104    0.0039096
105    0.00388951
106    0.00390033
107    0.00391285
108    0.00389536
109    0.00389941
110    0.00388153
111    0.00390398
112    0.00392018
113    0.00391676
114    0.00390833
115    0.00390226
116    0.00391867
117    0.00390242
118    0.00389337
119    0.00390331
120    0.00389038
121    0.00391621
122    0.00389681
123    0.00391388
124    0.00391913
125    0.00391489
126    0.00393173
127    0.00390316
128    0.00389534
129    0.00387684
130    0.00389505
131    0.00386379
132    0.00392417
133    0.00390162
134    0.00391877
135    0.00391308
136    0.00389085
137    0.00389452
138    0.00392611
139    0.00390363
140    0.0039137
141    0.00393414
142    0.00388848
143    0.00391153
144    0.00387119
145    0.00391885
146    0.00392413
147    0.00388942
148    0.00391757
149    0.00390227
150    0.00390781
151    0.00390525
152    0.00389947
153    0.00390008
154    0.00391314
155    0.00391378
156    0.00389916
157    0.00390096
158    0.0039089
159    0.00392479
160    0.00391613
161    0.00390261
162    0.003907
163    0.00388319
164    0.00391425
165    0.00389091
166    0.00391176
167    0.00391256
168    0.00392684
169    0.00392998
170    0.00390489
171    0.00392097
172    0.00392752
173    0.00390723
174    0.00387981
175    0.00389197
176    0.00388268
177    0.00387721
178    0.00392667
179    0.00390162
180    0.00390012
181    0.00393427
182    0.00390772
183    0.00388853
184    0.00389249
185    0.00389569
186    0.00389671
187    0.00391995
188    0.00390905
189    0.00390391
190    0.00392526
191    0.00388464
192    0.00389244
193    0.00388567
194    0.00392303
195    0.00391031
196    0.00389461
197    0.0038749
198    0.00393884
199    0.00389716
200    0.00389599
201    0.00390427
202    0.00390046
203    0.00393263
204    0.00388346
205    0.00389002
206    0.00389143
207    0.00390139
208    0.00390463
209    0.00393686
210    0.00391187
211    0.00390496
212    0.00389922
213    0.00391697
214    0.00390898
215    0.00392491
216    0.00391874
217    0.00389353
218    0.0039142
219    0.0039349
220    0.00390164
221    0.00390269
222    0.00393702
223    0.00390789
224    0.00390268
225    0.00390994
226    0.00391323
227    0.00393297
228    0.00393019
229    0.00391943
230    0.00394883
231    0.00390594
232    0.00392606
233    0.00391446
234    0.00390392
235    0.00391049
236    0.00391817
237    0.00390084
238    0.00393447
239    0.00391769
240    0.00391526
241    0.00392184
242    0.00390164
243    0.00389296
244    0.0039109
245    0.00389657
246    0.00393347
247    0.00389245
248    0.0039246
249    0.00389487
250    0.00391256
251    0.0038882
252    0.00391305
253    0.00392494
254    0.0039168
255    0.00391648
