0    0.00394164
1    0.00389016
2    0.00393842
3    0.00388974
4    0.0039131
5    0.00388783
6    0.0039065
7    0.00391949
8    0.00389444
9    0.00391872
10    0.00391116
11    0.00391711
12    0.00392302
13    0.00388866
14    0.00391704
15    0.00392339
16    0.00390414
17    0.00387626
18    0.00390034
19    0.00390943
20    0.00392963
21    0.00389639
22    0.00391215
23    0.00390201
24    0.00388943
25    0.00389262
26    0.00389474
27    0.00392292
28    0.00391455
29    0.00386987
30    0.00389494
31    0.00387429
32    0.00391384
33    0.00390262
34    0.00390301
35    0.00389676
36    0.00391133
37    0.00393419
38    0.00388454
39    0.00390237
40    0.00391478
41    0.00388698
42    0.00389957
43    0.00390811
44    0.00390352
45    0.00388855
46    0.00391677
47    0.00389783
48    0.0039049
49    0.0039191
50    0.00389148
51    0.00389312
52    0.00390758
53    0.00392035
54    0.00392466
55    0.00390711
56    0.00390978
57    0.00391295
58    0.00390883
59    0.0039023
60    0.00389886
61    0.00389652
62    0.00391499
63    0.00390103
64    0.00392435
65    0.00388316
66    0.00391031
67    0.00391424
68    0.00391385
69    0.00391668
70    0.00389875
71    0.00390995
72    0.00388997
73    0.00390124
74    0.0038985
75    0.00391718
76    0.00389775
77    0.00388214
78    0.00388751
79    0.00389618
80    0.00390959
81    0.00392089
82    0.00391651
83    0.00391491
84    0.00390013
85    0.00391443
86    0.00393036
87    0.00390332
88    0.00392043
89    0.00390145
90    0.00393042
91    0.00388968
92    0.00394201
93    0.00391069
94    0.00390364
95    0.00392092
96    0.00391489
97    0.00394719
98    0.00389383
99    0.00389202
100    0.00390554
101    0.00389879
102    0.00390868
103    0.00390768
104    0.00391142
105    0.00390826
106    0.00390983
107    0.00388089
108    0.00391258
109    0.00390857
110    0.00389433
111    0.00387362
112    0.00391958
113    0.00386037
114    0.00390344
115    0.00388468
116    0.00390481
117    0.00392947
118    0.0038933
119    0.00390424
120    0.00389947
121    0.00392465
122    0.0038965
123    0.00388347
124    0.0039003
125    0.00393654
126    0.00390952
127    0.00389088
128    0.00391537
129    0.00390501
130    0.00389586
131    0.00389642
132    0.00390672
133    0.00393572
134    0.00392337
135    0.00390554
136    0.00389559
137    0.00392976
138    0.00389074
139    0.00389219
140    0.00392042
141    0.00389488
142    0.00390097
143    0.00392386
144    0.00389103
145    0.0039127
146    0.00390219
147    0.00389504
148    0.00394188
149    0.00390338
150    0.00389948
151    0.00391749
152    0.00389088
153    0.00390688
154    0.00393087
155    0.00388778
156    0.00388792
157    0.00392352
158    0.00391556
159    0.00389312
160    0.00388778
161    0.00391351
162    0.00392845
163    0.00390513
164    0.00392002
165    0.00389165
166    0.00391319
167    0.00392941
168    0.00391919
169    0.00390512
170    0.00386801
171    0.00390785
172    0.00390647
173    0.00390882
174    0.00393524
175    0.00392036
176    0.00388
177    0.00389516
178    0.00387321
179    0.00389485
180    0.00392583
181    0.00391448
182    0.00392319
183    0.00390402
184    0.00391956
185    0.00390254
186    0.00389221
187    0.00390211
188    0.00390218
189    0.00389426
190    0.00391448
191    0.00389222
192    0.00389676
193    0.00393105
194    0.00392155
195    0.00390102
196    0.0038904
197    0.00390353
198    0.00391139
199    0.00389992
200    0.00392186
201    0.00390799
202    0.00390725
203    0.00389563
204    0.00391416
205    0.0039189
206    0.00391292
207    0.00390745
208    0.00388203
209    0.00390527
210    0.00390684
211    0.00391727
212    0.00389635
213    0.00391044
214    0.00390906
215    0.00391194
216    0.00389689
217    0.00390219
218    0.00392906
219    0.00389908
220    0.00388774
221    0.00391428
222    0.00391335
223    0.00389069
224    0.00390834
225    0.00388703
226    0.00391472
227    0.00392549
228    0.00392336
229    0.00390994
230    0.00389923
231    0.00391098
232    0.00391246
233    0.00389671
234    0.00385643
235    0.00391705
236    0.00390415
237    0.00389552
238    0.00393143
239    0.00391288
240    0.00392622
241    0.00389059
242    0.00393222
243    0.00390467
244    0.00389632
245    0.00389981
246    0.00390688
247    0.0039427
248    0.00391043
249    0.0039179
250    0.00389952
251    0.00391257
252    0.00388571
253    0.00390469
254    0.00389042
255    0.00391384
