0    0.00391217
1    0.00388709
2    0.00393042
3    0.00389758
4    0.00390813
5    0.00390516
6    0.00390129
7    0.00385096
8    0.00391282
9    0.00392197
10    0.00387221
11    0.0039009
12    0.00390407
13    0.00390005
14    0.00390382
15    0.00392723
16    0.00392593
17    0.00389268
18    0.00390965
19    0.00391042
20    0.00392061
21    0.00389086
22    0.00390531
23    0.00390698
24    0.0038773
25    0.00390848
26    0.00387758
27    0.00390466
28    0.00389875
29    0.003886
30    0.00392151
31    0.00391993
32    0.00391259
33    0.00391565
34    0.00391123
35    0.00386621
36    0.00389455
37    0.00392544
38    0.00390878
39    0.00390537
40    0.00388948
41    0.00389335
42    0.00387387
43    0.00390353
44    0.00389368
45    0.00389483
46    0.00389162
47    0.00389323
48    0.00392492
49    0.00392629
50    0.00391171
51    0.00388178
52    0.00388788
53    0.00391252
54    0.00392646
55    0.00387872
56    0.00393124
57    0.00391269
58    0.00390812
59    0.00391638
60    0.00392988
61    0.00390114
62    0.0039102
63    0.00388321
64    0.00392268
65    0.00389621
66    0.0039184
67    0.0038907
68    0.00388854
69    0.00390819
70    0.00393011
71    0.00389891
72    0.00387842
73    0.00391674
74    0.00388599
75    0.00389672
76    0.00390042
77    0.00388869
78    0.0039413
79    0.00388821
80    0.00393104
81    0.00392278
82    0.00388926
83    0.00391409
84    0.00388848
85    0.00389911
86    0.00391011
87    0.00390779
88    0.00391298
89    0.00390031
90    0.00390793
91    0.00392151
92    0.00385397
93    0.00392615
94    0.00393235
95    0.00394292
96    0.00390513
97    0.00388975
98    0.00388681
99    0.00389494
100    0.00387829
101    0.00392136
102    0.00390653
103    0.00390081
104    0.0038889
105    0.0039195
106    0.00389011
107    0.00389786
108    0.00390988
109    0.00395382
110    0.00390024
111    0.00390404
112    0.00390615
113    0.0038931
114    0.00390972
115    0.00389752
116    0.00393052
117    0.00391921
118    0.0039097
119    0.00390641
120    0.00387624
121    0.0039144
122    0.00389637
123    0.00392786
124    0.00392609
125    0.00387891
126    0.00390275
127    0.00391814
128    0.00389097
129    0.00390979
130    0.00390301
131    0.00390971
132    0.00389594
133    0.00393441
134    0.00388796
135    0.00394218
136    0.00389823
137    0.00389028
138    0.00392852
139    0.00389683
140    0.00390986
141    0.00391738
142    0.00393228
143    0.00390976
144    0.00389182
145    0.00390504
146    0.00390402
147    0.00391429
148    0.00389603
149    0.00391171
150    0.0038952
151    0.00389824
152    0.00391125
153    0.00391611
154    0.00390015
155    0.00389777
156    0.00390408
157    0.00392556
158    0.00389517
159    0.00388508
160    0.00392883
161    0.00390527
162    0.00390504
163    0.00392405
164    0.0039146
165    0.00390016
166    0.00392429
167    0.00389487
168    0.00388113
169    0.00391845
170    0.00390389
171    0.00392349
172    0.00392156
173    0.00390486
174    0.00392113
175    0.00392521
176    0.00389338
177    0.00389174
178    0.00390094
179    0.00391595
180    0.00391156
181    0.00390269
182    0.00388874
183    0.00390381
184    0.00389814
185    0.00392228
186    0.00387852
187    0.00390622
188    0.00389696
189    0.00390173
190    0.00388209
191    0.00390155
192    0.0038881
193    0.00390984
194    0.0039061
195    0.00389805
196    0.00387606
197    0.0039036
198    0.00392793
199    0.00389743
200    0.0039116
201    0.0039076
202    0.00392623
203    0.00391835
204    0.00391373
205    0.00388142
206    0.00389769
207    0.00388506
208    0.00390648
209    0.00392827
210    0.00392015
211    0.00390443
212    0.0039002
213    0.00390412
214    0.00392001
215    0.00391556
216    0.0038996
217    0.00395003
218    0.00389722
219    0.00392917
220    0.00390882
221    0.00390726
222    0.00391017
223    0.0038918
224    0.00392451
225    0.00391979
226    0.00394288
227    0.00388149
228    0.00389961
229    0.00392739
230    0.00391648
231    0.00390838
232    0.00392835
233    0.00389858
234    0.00389106
235    0.00391253
236    0.00391918
237    0.00390098
238    0.00393268
239    0.00390877
240    0.00391405
241    0.00389405
242    0.00391944
243    0.00389214
244    0.00390295
245    0.00390661
246    0.00390858
247    0.00390571
248    0.00392899
249    0.00392141
250    0.00393293
251    0.00391714
252    0.00391348
253    0.00392529
254    0.00387424
255    0.00390536
