0    0.00392011
1    0.00386979
2    0.00392652
3    0.00390932
4    0.00390701
5    0.00391328
6    0.00391483
7    0.00388917
8    0.00390734
9    0.00393343
10    0.00390782
11    0.00390285
12    0.00391152
13    0.00388814
14    0.00392713
15    0.00390532
16    0.00388717
17    0.00390697
18    0.00392409
19    0.00390305
20    0.0038794
21    0.00390913
22    0.00390746
23    0.00386907
24    0.0039176
25    0.00389647
26    0.00388169
27    0.00391039
28    0.00391542
29    0.00389782
30    0.00388717
31    0.00389961
32    0.00389637
33    0.00391808
34    0.00390208
35    0.00392252
36    0.00394356
37    0.00389583
38    0.00388837
39    0.00389425
40    0.00389625
41    0.00392075
42    0.00388659
43    0.00388533
44    0.00389487
45    0.00392481
46    0.00388994
47    0.00388159
48    0.00389341
49    0.00392087
50    0.00390492
51    0.00388201
52    0.00391744
53    0.00388179
54    0.00390117
55    0.0038968
56    0.0038799
57    0.00392424
58    0.00391665
59    0.00388058
60    0.00389809
61    0.00390806
62    0.00389254
63    0.00388084
64    0.00389044
65    0.00387511
66    0.00390025
67    0.0038781
68    0.00391237
69    0.0038796
70    0.00390622
71    0.00390097
72    0.00390325
73    0.00391094
74    0.00389829
75    0.00389724
76    0.00393862
77    0.0039183
78    0.00389708
79    0.00389306
80    0.00393257
81    0.00390746
82    0.00390057
83    0.00391614
84    0.00388044
85    0.00388692
86    0.00390754
87    0.00391849
88    0.00392431
89    0.00390201
90    0.00391866
91    0.00391758
92    0.00391031
93    0.00390412
94    0.0039234
95    0.00388472
96    0.00390229
97    0.00390426
98    0.00387578
99    0.00391117
100    0.00389977
101    0.00390817
102    0.0038991
103    0.00391877
104    0.00388706
105    0.00392137
106    0.00389718
107    0.00389363
108    0.00389956
109    0.00389494
110    0.00390249
111    0.00389467
112    0.00390254
113    0.00390477
114    0.00393683
115    0.0038843
116    0.00387908
117    0.00390499
118    0.00390972
119    0.00390983
120    0.00390426
121    0.00392481
122    0.00391126
123    0.00390152
124    0.00387569
125    0.00391565
126    0.00391991
127    0.00388423
128    0.00391784
129    0.00389032
130    0.00389797
131    0.0039192
132    0.00392364
133    0.00391702
134    0.00390256
135    0.00387165
136    0.003902
137    0.00389728
138    0.00391202
139    0.00391649
140    0.00393215
141    0.00390537
142    0.00391803
143    0.00390496
144    0.00388721
145    0.00388956
146    0.00391351
147    0.00387501
148    0.00391239
149    0.00390942
150    0.00390509
151    0.00393898
152    0.00391265
153    0.00388528
154    0.00389884
155    0.00392673
156    0.00391882
157    0.00389661
158    0.00393822
159    0.00391115
160    0.00392703
161    0.00391355
162    0.00391037
163    0.00392678
164    0.0038884
165    0.00390284
166    0.00390164
167    0.00392134
168    0.0039108
169    0.00390282
170    0.00390433
171    0.00392809
172    0.00392409
173    0.00390656
174    0.00388609
175    0.00390612
176    0.0039007
177    0.00391493
178    0.00390971
179    0.00392118
180    0.00390459
181    0.00391138
182    0.00390108
183    0.00391599
184    0.00392522
185    0.00392706
186    0.00393693
187    0.00390896
188    0.00391996
189    0.0039086
190    0.00391419
191    0.00395247
192    0.00389042
193    0.00393383
194    0.00392813
195    0.00392881
196    0.00389987
197    0.00388862
198    0.0038939
199    0.00390758
200    0.00389108
201    0.00391634
202    0.00390099
203    0.00390475
204    0.00390561
205    0.0039315
206    0.00390274
207    0.00393283
208    0.00386728
209    0.00390334
210    0.00389804
211    0.00392949
212    0.00388641
213    0.00389056
214    0.00392915
215    0.00393696
216    0.00392075
217    0.00389265
218    0.00389822
219    0.00391888
220    0.00389443
221    0.0038981
222    0.00390099
223    0.00392038
224    0.00392123
225    0.00390764
226    0.00393138
227    0.00390368
228    0.0039175
229    0.00390082
230    0.00390464
231    0.00393418
232    0.00390569
233    0.00388322
234    0.00391292
235    0.00392003
236    0.00391614
237    0.00392755
238    0.00391676
239    0.00391452
240    0.00391807
241    0.0039171
242    0.00391911
243    0.00389386
244    0.0039224
245    0.00392455
246    0.00390838
247    0.003886
248    0.00390558
249    0.00390991
250    0.00388834
251    0.00389186
252    0.00390185
253    0.00390951
254    0.00389895
255    0.00390098
