0    0.00389964
1    0.00390521
2    0.00390218
3    0.00389548
4    0.00390923
5    0.00390028
6    0.00389865
7    0.00391912
8    0.00391588
9    0.00387468
10    0.00390786
11    0.00390896
12    0.00392187
13    0.00392613
14    0.00390042
15    0.00393893
16    0.00392202
17    0.00387615
18    0.00392747
19    0.00389894
20    0.00389689
21    0.00388629
22    0.00391482
23    0.00389676
24    0.0039213
25    0.00388457
26    0.00391104
27    0.00387985
28    0.00392128
29    0.00390888
30    0.00391573
31    0.00389104
32    0.00391902
33    0.00389883
34    0.00392199
35    0.00389413
36    0.00392165
37    0.00388119
38    0.00389507
39    0.00392476
40    0.00389508
41    0.00387805
42    0.00387253
43    0.00390224
44    0.00389178
45    0.00388746
46    0.00389436
47    0.00388565
48    0.00386216
49    0.00388587
50    0.00387669
51    0.00389587
52    0.00391241
53    0.00389642
54    0.00390873
55    0.00389885
56    0.0039043
57    0.00387976
58    0.00391398
59    0.00389097
60    0.00392106
61    0.00392353
62    0.0038997
63    0.00388987
64    0.00391373
65    0.0038936
66    0.00390948
67    0.00390817
68    0.00389808
69    0.00389457
70    0.00391189
71    0.00389757
72    0.0039053
73    0.00392663
74    0.00393965
75    0.00389761
76    0.00390318
77    0.0038797
78    0.00393715
79    0.00388257
80    0.0039375
81    0.00387436
82    0.00390532
83    0.00389111
84    0.00388872
85    0.00389872
86    0.00389955
87    0.00391407
88    0.00390063
89    0.00388683
90    0.00390458
91    0.00392822
92    0.0039157
93    0.00389998
94    0.00390423
95    0.0038982
96    0.00389631
97    0.00388215
98    0.00393216
99    0.00389483
100    0.00391766
101    0.00389805
102    0.00388994
103    0.00390152
104    0.0039424
105    0.00390984
106    0.00391773
107    0.00389563
108    0.00393256
109    0.00389758
110    0.00390472
111    0.00389332
112    0.00391959
113    0.00390053
114    0.00389479
115    0.00389639
116    0.00391363
117    0.00393003
118    0.00392472
119    0.00390832
120    0.00390748
121    0.00392735
122    0.0039132
123    0.00391453
124    0.0039135
125    0.00391188
126    0.00390473
127    0.00389092
128    0.00393117
129    0.00389652
130    0.00391431
131    0.00390278
132    0.00390358
133    0.00389449
134    0.00390712
135    0.003887
136    0.00394076
137    0.00391688
138    0.00393237
139    0.00387973
140    0.0039004
141    0.00385858
142    0.00390585
143    0.003881
144    0.00389693
145    0.00388386
146    0.00391261
147    0.00386296
148    0.00391828
149    0.00389281
150    0.00393385
151    0.00389337
152    0.00393172
153    0.00388758
154    0.00390608
155    0.00389354
156    0.00391523
157    0.00387235
158    0.00393338
159    0.00389336
160    0.00392796
161    0.00390725
162    0.00391151
163    0.00390426
164    0.00392858
165    0.00389391
166    0.00391764
167    0.00389729
168    0.00391377
169    0.00391017
170    0.00391185
171    0.003929
172    0.00390809
173    0.00389624
174    0.00391892
175    0.00389661
176    0.00389893
177    0.00391559
178    0.00390908
179    0.00388934
180    0.00390919
181    0.00392419
182    0.00392968
183    0.00387231
184    0.00391696
185    0.00391309
186    0.00390949
187    0.00389441
188    0.0039106
189    0.00390607
190    0.00392354
191    0.00390741
192    0.0038949
193    0.00391291
194    0.00394804
195    0.00391858
196    0.00390198
197    0.00391031
198    0.0038786
199    0.00392659
200    0.00392389
201    0.00390339
202    0.00391531
203    0.00394524
204    0.00391764
205    0.00389086
206    0.00393356
207    0.00390541
208    0.00388704
209    0.003894
210    0.00392495
211    0.00391105
212    0.00391899
213    0.00394025
214    0.00388845
215    0.00390592
216    0.00390472
217    0.00390447
218    0.00390976
219    0.00391697
220    0.00391772
221    0.00393378
222    0.00393151
223    0.0039124
224    0.0039253
225    0.00391033
226    0.00390455
227    0.00393565
228    0.00392801
229    0.00391463
230    0.00393328
231    0.0038918
232    0.00389785
233    0.0038876
234    0.00391689
235    0.00389383
236    0.00390196
237    0.00389376
238    0.00390041
239    0.00390168
240    0.0039191
241    0.00390403
242    0.00391484
243    0.00390035
244    0.00396632
245    0.00390382
246    0.0039035
247    0.00390276
248    0.00390244
249    0.00390071
250    0.00386407
251    0.0038875
252    0.00394115
253    0.00391477
254    0.00390114
255    0.00389728
