0    0.00390655
1    0.00388137
2    0.00389134
3    0.00389229
4    0.00391013
5    0.00391592
6    0.00387306
7    0.00390223
8    0.00390807
9    0.00389372
10    0.00388846
11    0.00387292
12    0.00391787
13    0.00390157
14    0.00389299
15    0.00389927
16    0.00391133
17    0.00389229
18    0.00393419
19    0.00390776
20    0.00391686
21    0.00390251
22    0.00393157
23    0.00390681
24    0.00389228
25    0.00390556
26    0.00394278
27    0.00390237
28    0.00390173
29    0.00390441
30    0.00393144
31    0.00392346
32    0.00391362
33    0.00389691
34    0.00390879
35    0.00389415
36    0.00391897
37    0.00389987
38    0.00391686
39    0.003897
40    0.0039114
41    0.00392308
42    0.00391232
43    0.00390879
44    0.003919
45    0.00390895
46    0.00388012
47    0.00387719
48    0.00391379
49    0.00388811
50    0.00391896
51    0.00390644
52    0.0038845
53    0.00390518
54    0.00391458
55    0.00387341
56    0.00392003
57    0.00392407
58    0.00392125
59    0.003923
60    0.00390643
61    0.00387853
62    0.00390099
63    0.00393204
64    0.00391065
65    0.00389516
66    0.00390602
67    0.00392307
68    0.00390636
69    0.00390774
70    0.00390367
71    0.00390624
72    0.00389523
73    0.00389044
74    0.00387636
75    0.00392071
76    0.00389165
77    0.00388983
78    0.00392217
79    0.00391014
80    0.00391864
81    0.0038979
82    0.00389038
83    0.00391046
84    0.00389136
85    0.00391347
86    0.00391896
87    0.00389167
88    0.0038902
89    0.00388926
90    0.00388262
91    0.00388825
92    0.00390536
93    0.00389072
94    0.00391495
95    0.0039237
96    0.00392678
97    0.00389997
98    0.00390604
99    0.00391595
100    0.00390212
101    0.00392401
102    0.00391161
103    0.00392506
104    0.00388684
105    0.00390875
106    0.00392549
107    0.00392881
108    0.00392251
109    0.00390306
110    0.00388983
111    0.00388997
112    0.00390183
113    0.00389526
114    0.00389115
115    0.00392419
116    0.0039219
117    0.00389852
118    0.00391841
119    0.00391477
120    0.00389745
121    0.00393398
122    0.00389173
123    0.0039059
124    0.00391516
125    0.00390879
126    0.00391534
127    0.00394206
128    0.003899
129    0.0039182
130    0.00389804
131    0.0039192
132    0.00389589
133    0.003906
134    0.00392007
135    0.00389683
136    0.00390943
137    0.00390599
138    0.00388288
139    0.00390537
140    0.00392597
141    0.00391526
142    0.0039183
143    0.00388994
144    0.00388698
145    0.00389647
146    0.00385594
147    0.00391025
148    0.00388694
149    0.00391371
150    0.00388942
151    0.00390696
152    0.00394514
153    0.00391896
154    0.00393389
155    0.00392799
156    0.00389964
157    0.00392555
158    0.00389156
159    0.00390671
160    0.00392192
161    0.00389799
162    0.00387663
163    0.00389342
164    0.00391941
165    0.00388557
166    0.0039189
167    0.0039133
168    0.00387448
169    0.00389428
170    0.00390089
171    0.0039258
172    0.00388887
173    0.00391288
174    0.00391908
175    0.00388833
176    0.00388652
177    0.00389772
178    0.00390323
179    0.0039243
180    0.003891
181    0.00391752
182    0.00392048
183    0.00390998
184    0.00388783
185    0.00392536
186    0.00388883
187    0.0039244
188    0.00391071
189    0.00389779
190    0.00391813
191    0.00391263
192    0.00390139
193    0.00391114
194    0.00391701
195    0.00391066
196    0.00388184
197    0.00390652
198    0.00392901
199    0.00389393
200    0.0038953
201    0.00391297
202    0.0038955
203    0.00389108
204    0.00390899
205    0.00390325
206    0.00390284
207    0.00391748
208    0.00390212
209    0.00388528
210    0.00391242
211    0.00391306
212    0.00389133
213    0.00391141
214    0.00392557
215    0.0039081
216    0.00391764
217    0.0039002
218    0.00392263
219    0.00390433
220    0.00390674
221    0.0038909
222    0.00389944
223    0.00391605
224    0.00391144
225    0.00388917
226    0.00390251
227    0.00389847
228    0.00389179
229    0.00388994
230    0.00389608
231    0.00389428
232    0.0039025
233    0.00391636
234    0.0039176
235    0.00391883
236    0.00389579
237    0.0038989
238    0.00392104
239    0.00393317
240    0.00388986
241    0.00390722
242    0.00390651
243    0.00391973
244    0.00390905
245    0.00391814
246    0.00390621
247    0.00392455
248    0.003907
249    0.00391388
250    0.00389338
251    0.00391654
252    0.00392849
253    0.00393353
254    0.0039395
255    0.00390174
