0    0.0039033
1    0.00385832
2    0.00389225
3    0.00391038
4    0.0038934
5    0.00390881
6    0.00391012
7    0.00389611
8    0.00392259
9    0.00390221
10    0.00392394
11    0.00389001
12    0.00391193
13    0.00389721
14    0.00390233
15    0.00388726
16    0.0038839
17    0.00390606
18    0.00390047
19    0.00390237
20    0.00392586
21    0.00387786
22    0.00390646
23    0.00387816
24    0.0039116
25    0.00390434
26    0.00390688
27    0.00392363
28    0.00387549
29    0.00392905
30    0.00390602
31    0.0038967
32    0.00390238
33    0.00391522
34    0.00391199
35    0.00391426
36    0.00391427
37    0.00390144
38    0.00392308
39    0.00392572
40    0.00389613
41    0.00390359
42    0.00391461
43    0.00391146
44    0.00391023
45    0.00390393
46    0.00389823
47    0.00390633
48    0.0039279
49    0.00390196
50    0.0039055
51    0.00390968
52    0.00390416
53    0.00392596
54    0.00388918
55    0.00392459
56    0.00392563
57    0.00391948
58    0.00390486
59    0.00390971
60    0.00389665
61    0.00390961
62    0.00393391
63    0.00391337
64    0.00391676
65    0.00386943
66    0.00391208
67    0.00389736
68    0.00387121
69    0.00393449
70    0.00391908
71    0.00392027
72    0.00390668
73    0.003891
74    0.00391379
75    0.00388944
76    0.00390189
77    0.00389542
78    0.0039115
79    0.00389848
80    0.00390891
81    0.0039314
82    0.00389744
83    0.00391682
84    0.00390339
85    0.00389969
86    0.0039056
87    0.00390842
88    0.00388466
89    0.00391001
90    0.0038837
91    0.00389224
92    0.00392317
93    0.00388782
94    0.00390377
95    0.00390455
96    0.00390921
97    0.00391795
98    0.00392282
99    0.00391144
100    0.00389325
101    0.00392499
102    0.00389762
103    0.00390247
104    0.00391318
105    0.00389498
106    0.00394074
107    0.00390157
108    0.00392438
109    0.00387591
110    0.00389529
111    0.00390647
112    0.00390031
113    0.00389156
114    0.00391705
115    0.00391924
116    0.00389947
117    0.00393308
118    0.00390594
119    0.00389856
120    0.00389279
121    0.00391022
122    0.00389803
123    0.00391506
124    0.00388525
125    0.00388754
126    0.00390993
127    0.00391294
128    0.00390237
129    0.00391974
130    0.00390788
131    0.00389069
132    0.00394437
133    0.00391058
134    0.00390589
135    0.00391801
136    0.00389436
137    0.00391038
138    0.00389146
139    0.00389668
140    0.00390304
141    0.00391429
142    0.0039162
143    0.00391556
144    0.00392322
145    0.00390474
146    0.00389065
147    0.00392263
148    0.00390721
149    0.00388424
150    0.00391527
151    0.00388118
152    0.00390051
153    0.00388745
154    0.00390572
155    0.00389352
156    0.00390421
157    0.00389184
158    0.00386616
159    0.00393918
160    0.00389949
161    0.00393931
162    0.00389223
163    0.00392797
164    0.00390938
165    0.00390413
166    0.00390365
167    0.00389648
168    0.00391056
169    0.00392154
170    0.00388841
171    0.00391162
172    0.00392217
173    0.00393448
174    0.0039022
175    0.00391227
176    0.00392876
177    0.00388359
178    0.00392333
179    0.00387871
180    0.00391035
181    0.00387626
182    0.00392797
183    0.00389977
184    0.00392021
185    0.00391955
186    0.00390297
187    0.00387623
188    0.00391435
189    0.0039167
190    0.00391145
191    0.00392868
192    0.00389505
193    0.00391511
194    0.00389854
195    0.00391977
196    0.00391552
197    0.00390017
198    0.00389368
199    0.00388307
200    0.00393074
201    0.00391183
202    0.00391269
203    0.00387558
204    0.0038889
205    0.00390043
206    0.00391748
207    0.00388532
208    0.00390537
209    0.00390869
210    0.00393014
211    0.00388292
212    0.00390625
213    0.00392455
214    0.00392078
215    0.00390831
216    0.00389678
217    0.00391419
218    0.00392484
219    0.00390183
220    0.00388806
221    0.0039019
222    0.00391612
223    0.003912
224    0.00390002
225    0.00390706
226    0.00390727
227    0.0039124
228    0.0039314
229    0.00388715
230    0.00389122
231    0.00389122
232    0.00391117
233    0.0038964
234    0.00388042
235    0.00390311
236    0.00390043
237    0.00393002
238    0.00390017
239    0.00391084
240    0.00392159
241    0.00390663
242    0.00391151
243    0.00388947
244    0.00392732
245    0.0038957
246    0.0039095
247    0.00391025
248    0.00392535
249    0.00391736
250    0.00392529
251    0.00391719
252    0.00391206
253    0.00391701
254    0.00388418
255    0.00390898
