0    0.00392378
1    0.00389368
2    0.00393585
3    0.00389806
4    0.00390896
5    0.00388801
6    0.00391841
7    0.00388557
8    0.00390248
9    0.00390227
10    0.00389642
11    0.00393857
12    0.00390977
13    0.00390667
14    0.00391684
15    0.00391423
16    0.00394482
17    0.00389422
18    0.00390799
19    0.00388227
20    0.00389881
21    0.00391151
22    0.00391023
23    0.00390475
24    0.00391146
25    0.00390757
26    0.0039015
27    0.00389041
28    0.00389493
29    0.00388051
30    0.00389514
31    0.00391123
32    0.00392189
33    0.0039266
34    0.003919
35    0.00389226
36    0.00391138
37    0.00390597
38    0.00388117
39    0.00391735
40    0.00390802
41    0.00388695
42    0.00387785
43    0.00390537
44    0.00390119
45    0.00391808
46    0.00391377
47    0.00389658
48    0.00390849
49    0.00392069
50    0.00391502
51    0.00389953
52    0.00391047
53    0.00390789
54    0.00390435
55    0.00394257
56    0.00391188
57    0.00388701
58    0.00391438
59    0.00392553
60    0.00391435
61    0.00390969
62    0.00391177
63    0.00392421
64    0.00388004
65    0.00390039
66    0.0039045
67    0.00392966
68    0.00390964
69    0.00389281
70    0.00392999
71    0.00387163
72    0.00390459
73    0.00388969
74    0.00391862
75    0.00390651
76    0.00390143
77    0.00390825
78    0.00389783
79    0.00390855
80    0.00389604
81    0.00387751
82    0.00387617
83    0.00390834
84    0.00392808
85    0.0039534
86    0.00389486
87    0.00391448
88    0.0039074
89    0.00391097
90    0.00391055
91    0.00393587
92    0.00389145
93    0.00391439
94    0.00389891
95    0.00388787
96    0.00385812
97    0.00393788
98    0.00388846
99    0.00390004
100    0.00389146
101    0.00391886
102    0.00388686
103    0.00390763
104    0.00392215
105    0.00390812
106    0.00389859
107    0.00390281
108    0.00391701
109    0.00388893
110    0.00389973
111    0.00389998
112    0.00391142
113    0.00390081
114    0.00393925
115    0.00393568
116    0.0039036
117    0.0039301
118    0.00389519
119    0.0039081
120    0.00388966
121    0.00390533
122    0.00389853
123    0.00386027
124    0.00389959
125    0.00390781
126    0.00391176
127    0.00389756
128    0.00391391
129    0.00388948
130    0.00387684
131    0.00391019
132    0.00392278
133    0.00390284
134    0.00390671
135    0.00390722
136    0.0039231
137    0.00390547
138    0.00392003
139    0.00389703
140    0.00391401
141    0.00391889
142    0.00389077
143    0.00388865
144    0.00390141
145    0.00392773
146    0.00387941
147    0.00392408
148    0.00391353
149    0.00390432
150    0.00391812
151    0.00391807
152    0.00393373
153    0.00391402
154    0.00390612
155    0.00390978
156    0.00390676
157    0.00390345
158    0.00390543
159    0.00390818
160    0.00389766
161    0.00386769
162    0.00395115
163    0.00388532
164    0.00390765
165    0.00390428
166    0.00391803
167    0.00391798
168    0.00390949
169    0.00388145
170    0.00389299
171    0.00390634
172    0.00388456
173    0.00389145
174    0.00387918
175    0.00389711
176    0.00392082
177    0.00389526
178    0.00389493
179    0.00393126
180    0.00391658
181    0.00392623
182    0.00391109
183    0.00389599
184    0.00391125
185    0.00390066
186    0.00390262
187    0.00393472
188    0.0038841
189    0.00389258
190    0.00389605
191    0.00390973
192    0.00389502
193    0.00392519
194    0.00388782
195    0.00388791
196    0.00391431
197    0.0038808
198    0.00389038
199    0.00389176
200    0.0039213
201    0.00392354
202    0.0039037
203    0.00390379
204    0.00392471
205    0.00390223
206    0.00392755
207    0.00390934
208    0.00391265
209    0.00391124
210    0.00391796
211    0.00388166
212    0.0039042
213    0.00389501
214    0.00391452
215    0.00393256
216    0.00390565
217    0.00390966
218    0.00389963
219    0.00388853
220    0.00389403
221    0.0038988
222    0.00390376
223    0.00392285
224    0.00391683
225    0.00389571
226    0.00391932
227    0.00390593
228    0.00391865
229    0.00391211
230    0.00390941
231    0.00390964
232    0.00388701
233    0.00393214
234    0.00388514
235    0.00391223
236    0.00387946
237    0.00391816
238    0.00394511
239    0.00389084
240    0.00389443
241    0.00392167
242    0.00390342
243    0.00391056
244    0.00388222
245    0.00390084
246    0.0039066
247    0.00389298
248    0.00392349
249    0.00390322
250    0.00392294
251    0.00390934
252    0.00390155
253    0.00393183
254    0.00390261
255    0.0039344
