0    0.00389325
1    0.00388985
2    0.00390637
3    0.00390854
4    0.00390325
5    0.00388165
6    0.00389447
7    0.00387517
8    0.00390594
9    0.0039216
10    0.00391866
11    0.00392508
12    0.00391562
13    0.00388578
14    0.00389786
15    0.00391949
16    0.00389271
17    0.00391826
18    0.00388655
19    0.00391049
20    0.00391225
21    0.00392505
22    0.00389561
23    0.00387968
24    0.00389131
25    0.0038984
26    0.00394507
27    0.00390462
28    0.00390329
29    0.00387271
30    0.00389898
31    0.00392338
32    0.00392725
33    0.00390639
34    0.00391065
35    0.00390575
36    0.00389491
37    0.00392075
38    0.00389655
39    0.0039019
40    0.00391363
41    0.00387609
42    0.00389015
43    0.00392246
44    0.00392164
45    0.00394621
46    0.00389824
47    0.00391486
48    0.00390546
49    0.00391434
50    0.0038924
51    0.00391935
52    0.00388713
53    0.00391319
54    0.00390599
55    0.00389952
56    0.0039079
57    0.0038849
58    0.00390502
59    0.00390463
60    0.00391359
61    0.00390877
62    0.00392127
63    0.00390544
64    0.00388613
65    0.00389859
66    0.00391762
67    0.00391074
68    0.00391524
69    0.00391267
70    0.0038756
71    0.00388798
72    0.00391516
73    0.00390659
74    0.00392524
75    0.00389263
76    0.0038999
77    0.00389893
78    0.0038922
79    0.00392317
80    0.00390988
81    0.00390831
82    0.00391252
83    0.00390435
84    0.00391943
85    0.00387053
86    0.00391772
87    0.00390365
88    0.00390756
89    0.00389738
90    0.00389376
91    0.00392281
92    0.00389081
93    0.00390507
94    0.00393734
95    0.00388433
96    0.00390331
97    0.00390417
98    0.00392459
99    0.00392864
100    0.00389626
101    0.00391817
102    0.00390117
103    0.00392816
104    0.00390658
105    0.0039061
106    0.0039287
107    0.00388007
108    0.00391519
109    0.00391171
110    0.00391971
111    0.00387719
112    0.00389232
113    0.00389051
114    0.00388941
115    0.00390419
116    0.00390697
117    0.00391212
118    0.00390401
119    0.00390941
120    0.00388732
121    0.00390717
122    0.00390901
123    0.00391694
124    0.00387515
125    0.0039034
126    0.00390458
127    0.00391826
128    0.00390996
129    0.00389515
130    0.00390251
131    0.00390076
132    0.00391273
133    0.00390646
134    0.00390528
135    0.00388869
136    0.00392671
137    0.00389089
138    0.00391875
139    0.00390321
140    0.00390303
141    0.00389406
142    0.00392203
143    0.00392009
144    0.00390516
145    0.00393171
146    0.0039155
147    0.00388663
148    0.00388042
149    0.00391416
150    0.00392091
151    0.00391025
152    0.0039194
153    0.00387774
154    0.00393143
155    0.00389314
156    0.00391068
157    0.00389752
158    0.00390366
159    0.00390055
160    0.00390328
161    0.00389447
162    0.00389839
163    0.00390252
164    0.0038944
165    0.00391874
166    0.00388422
167    0.00390764
168    0.00389219
169    0.0039168
170    0.00393048
171    0.00394603
172    0.00389478
173    0.0039306
174    0.00390601
175    0.00390232
176    0.00390165
177    0.00390766
178    0.00388171
179    0.00388724
180    0.00390875
181    0.00392753
182    0.00388411
183    0.00392413
184    0.00390413
185    0.00390347
186    0.00392551
187    0.00389998
188    0.00390176
189    0.00391331
190    0.00390727
191    0.00392145
192    0.00389272
193    0.00393831
194    0.00390843
195    0.00392213
196    0.00390719
197    0.00390648
198    0.00390331
199    0.00390133
200    0.00389531
201    0.00390309
202    0.00389047
203    0.00389572
204    0.00389817
205    0.00390415
206    0.00389262
207    0.00389239
208    0.0038802
209    0.00392359
210    0.003915
211    0.00391864
212    0.00391596
213    0.00388733
214    0.00391909
215    0.00390443
216    0.00391911
217    0.00387792
218    0.0039275
219    0.00389861
220    0.00391219
221    0.00393714
222    0.00387947
223    0.00392493
224    0.00390471
225    0.00388058
226    0.00392146
227    0.00391253
228    0.00392183
229    0.00390176
230    0.00391592
231    0.0039253
232    0.00389043
233    0.00391344
234    0.00391011
235    0.00388652
236    0.00389366
237    0.00391709
238    0.00394727
239    0.00391056
240    0.00389551
241    0.00391178
242    0.00388092
243    0.00390983
244    0.00393629
245    0.00392205
246    0.00390164
247    0.00390124
248    0.003936
249    0.00388569
250    0.00392126
251    0.00394705
252    0.00388765
253    0.00389698
254    0.00393044
255    0.00390626
