0    0.00388785
1    0.00390319
2    0.0039146
3    0.00389884
4    0.00389907
5    0.00390526
6    0.00390762
7    0.0038962
8    0.00388697
9    0.00392636
10    0.00389477
11    0.00390658
12    0.0039023
13    0.00391863
14    0.00392193
15    0.00389421
16    0.00391606
17    0.003906
18    0.00391612
19    0.00388578
20    0.00388161
21    0.00391249
22    0.00392115
23    0.00390177
24    0.00392208
25    0.0039148
26    0.00389982
27    0.00391521
28    0.00388244
29    0.00390131
30    0.00390754
31    0.00390942
32    0.00389076
33    0.00390565
34    0.00391805
35    0.00391765
36    0.00393776
37    0.00390623
38    0.00390849
39    0.00391586
40    0.00388654
41    0.00392436
42    0.00391647
43    0.00389331
44    0.0038949
45    0.00388489
46    0.00392228
47    0.00392981
48    0.00392178
49    0.003912
50    0.00390014
51    0.00390103
52    0.00392442
53    0.00393052
54    0.00392539
55    0.00391109
56    0.0039035
57    0.00389421
58    0.00391501
59    0.00391269
60    0.0039039
61    0.00389701
62    0.00389664
63    0.00393576
64    0.00390436
65    0.00388841
66    0.00389204
67    0.00388829
68    0.00390662
69    0.00391054
70    0.00389319
71    0.003901
72    0.00391268
73    0.00391569
74    0.00391057
75    0.00390148
76    0.00387787
77    0.00392715
78    0.00392635
79    0.0038834
80    0.00390903
81    0.00389897
82    0.00389402
83    0.00389903
84    0.0039103
85    0.00389893
86    0.0039072
87    0.00391215
88    0.00389879
89    0.00390077
90    0.00389515
91    0.0038804
92    0.00391312
93    0.00388993
94    0.00393725
95    0.00390081
96    0.00388477
97    0.00390807
98    0.00392989
99    0.00389826
100    0.00391946
101    0.00389361
102    0.00393126
103    0.00390581
104    0.00387879
105    0.0039039
106    0.00388874
107    0.00389968
108    0.0038981
109    0.00392417
110    0.00390712
111    0.00390152
112    0.0038875
113    0.00392053
114    0.00391744
115    0.00390146
116    0.00389615
117    0.00388515
118    0.00386901
119    0.00389504
120    0.00389469
121    0.00389479
122    0.00393106
123    0.00391008
124    0.00390888
125    0.00389407
126    0.00391485
127    0.00391168
128    0.00386829
129    0.00391665
130    0.00388932
131    0.00391753
132    0.0039284
133    0.0038913
134    0.00390135
135    0.00392412
136    0.00389377
137    0.0039046
138    0.00390509
139    0.00390955
140    0.00391307
141    0.00391019
142    0.00392998
143    0.0039093
144    0.0039067
145    0.00388843
146    0.00392005
147    0.00390463
148    0.00390493
149    0.00389245
150    0.0039144
151    0.00388149
152    0.0039212
153    0.00390163
154    0.00394349
155    0.00389677
156    0.00390788
157    0.00392189
158    0.00390776
159    0.00391411
160    0.00389792
161    0.00391112
162    0.00392335
163    0.00391123
164    0.003929
165    0.00390012
166    0.0039197
167    0.0039055
168    0.00388935
169    0.00391131
170    0.00391173
171    0.00389807
172    0.00389323
173    0.00388329
174    0.00390228
175    0.00388506
176    0.00388454
177    0.00391387
178    0.00390596
179    0.00391215
180    0.00389961
181    0.00389575
182    0.00388864
183    0.00393519
184    0.00387936
185    0.00391734
186    0.00391183
187    0.00392732
188    0.00390244
189    0.00390838
190    0.00391123
191    0.00390183
192    0.00390628
193    0.00391961
194    0.00389513
195    0.00393085
196    0.00388041
197    0.0038839
198    0.00390366
199    0.00389677
200    0.00391459
201    0.00388123
202    0.00387041
203    0.00391961
204    0.00392565
205    0.00390921
206    0.00388537
207    0.00390946
208    0.00391943
209    0.00390049
210    0.00390221
211    0.00391491
212    0.00393725
213    0.00391508
214    0.00389262
215    0.0039018
216    0.00387456
217    0.00391045
218    0.00388909
219    0.00390071
220    0.00393387
221    0.00392417
222    0.00390737
223    0.00392284
224    0.00392428
225    0.00390186
226    0.00390922
227    0.00392598
228    0.00391343
229    0.00389394
230    0.00388634
231    0.00389934
232    0.00390512
233    0.00389439
234    0.0038953
235    0.00388296
236    0.0039309
237    0.00392365
238    0.00392019
239    0.00390225
240    0.00390708
241    0.00389512
242    0.003904
243    0.00390888
244    0.003917
245    0.0039153
246    0.00394294
247    0.00392568
248    0.00386615
249    0.00391874
250    0.00392427
251    0.00390754
252    0.00393005
253    0.00390399
254    0.00392201
255    0.003928
