0    0.00390059
1    0.00387128
2    0.00390434
3    0.00390471
4    0.00389313
5    0.00389262
6    0.00387824
7    0.00390203
8    0.00391831
9    0.00390267
10    0.00391829
11    0.00389552
12    0.00386863
13    0.00389381
14    0.00389489
15    0.00390319
16    0.00393876
17    0.00388624
18    0.00387808
19    0.00393123
20    0.00390739
21    0.00390344
22    0.00391218
23    0.00391582
24    0.00388246
25    0.00391159
26    0.00389765
27    0.00391353
28    0.00393694
29    0.00391997
30    0.00392376
31    0.00391904
32    0.0038979
33    0.00392293
34    0.00390719
35    0.00391866
36    0.00391051
37    0.0038974
38    0.00390892
39    0.00390283
40    0.00387104
41    0.00388571
42    0.00385937
43    0.00387868
44    0.00386962
45    0.0038954
46    0.00389256
47    0.00389865
48    0.00390982
49    0.00393544
50    0.00391234
51    0.00388514
52    0.00391719
53    0.00388572
54    0.00388688
55    0.00391698
56    0.0039108
57    0.00390164
58    0.00389303
59    0.00392219
60    0.00390567
61    0.00386221
62    0.00388414
63    0.00390513
64    0.00388406
65    0.00391555
66    0.00389304
67    0.00390887
68    0.00391229
69    0.00388146
70    0.00391973
71    0.00391166
72    0.0039309
73    0.00391627
74    0.00391124
75    0.00387433
76    0.0039116
77    0.00389385
78    0.0038946
79    0.00389897
80    0.00390501
81    0.00390882
82    0.00391068
83    0.0038991
84    0.00389808
85    0.00390359
86    0.0039388
87    0.00390166
88    0.00391743
89    0.00389885
90    0.00391113
91    0.00389098
92    0.00391525
93    0.00389344
94    0.00387665
95    0.00389941
96    0.0038762
97    0.00390555
98    0.00389494
99    0.00393944
100    0.00390071
101    0.00391211
102    0.00390152
103    0.00388229
104    0.00391514
105    0.00393371
106    0.00390871
107    0.00389864
108    0.00386874
109    0.00392847
110    0.00391815
111    0.00389093
112    0.0039097
113    0.00388918
114    0.00390924
115    0.00391128
116    0.00390315
117    0.00393095
118    0.00391524
119    0.00392259
120    0.00388813
121    0.00389462
122    0.00390585
123    0.00391357
124    0.00391617
125    0.00388252
126    0.00388917
127    0.00388028
128    0.00390992
129    0.00390502
130    0.00390899
131    0.00390439
132    0.00389107
133    0.00392538
134    0.00391167
135    0.00390159
136    0.00388539
137    0.00391136
138    0.00389333
139    0.00389847
140    0.00392236
141    0.00391279
142    0.00390748
143    0.0039
144    0.00393537
145    0.00388254
146    0.00389698
147    0.003904
148    0.00386537
149    0.00390249
150    0.00390757
151    0.00391397
152    0.00391629
153    0.00391066
154    0.00389012
155    0.0038974
156    0.00388822
157    0.00391263
158    0.00390912
159    0.00391486
160    0.00392608
161    0.00392036
162    0.00390956
163    0.00391515
164    0.00390658
165    0.00389834
166    0.00391763
167    0.003897
168    0.00392758
169    0.00391839
170    0.00390199
171    0.00389429
172    0.00390514
173    0.00389535
174    0.00390571
175    0.00389226
176    0.00391109
177    0.00388437
178    0.00389533
179    0.00391491
180    0.00389965
181    0.00390118
182    0.0038869
183    0.00392429
184    0.00390641
185    0.00392209
186    0.00391021
187    0.00390113
188    0.00390475
189    0.00391739
190    0.00392313
191    0.00388052
192    0.00390742
193    0.00394154
194    0.00389028
195    0.00391561
196    0.0039217
197    0.00392981
198    0.00391583
199    0.00389222
200    0.00390347
201    0.00389608
202    0.00391354
203    0.00388477
204    0.00389322
205    0.00392044
206    0.00389549
207    0.00389922
208    0.00390728
209    0.00392167
210    0.00389986
211    0.00391492
212    0.00387648
213    0.00393
214    0.0039057
215    0.00391114
216    0.00391189
217    0.00389309
218    0.00392812
219    0.00389573
220    0.00390523
221    0.00388864
222    0.00390009
223    0.00389325
224    0.00390003
225    0.00390343
226    0.00391347
227    0.00390282
228    0.00388626
229    0.00392474
230    0.00391406
231    0.00392911
232    0.00392123
233    0.00393001
234    0.00388849
235    0.00390285
236    0.00391308
237    0.00390071
238    0.00390468
239    0.00392733
240    0.00420564
241    0.00391367
242    0.0038933
243    0.0038917
244    0.00406093
245    0.00390058
246    0.00390652
247    0.00392784
248    0.00391083
249    0.00392922
250    0.00393518
251    0.00389063
252    0.00387521
253    0.00389565
254    0.00391064
255    0.00389862
