0    0.00390531
1    0.00389831
2    0.00388878
3    0.00391485
4    0.00389306
5    0.00389256
6    0.00391095
7    0.00390434
8    0.00392379
9    0.00389064
10    0.00388449
11    0.00387819
12    0.00391116
13    0.0039066
14    0.0039031
15    0.00390996
16    0.00391477
17    0.00388436
18    0.00391204
19    0.00390235
20    0.00388904
21    0.00393822
22    0.00391478
23    0.00391872
24    0.00387424
25    0.00387264
26    0.00388959
27    0.00392356
28    0.00393513
29    0.00391611
30    0.00388627
31    0.00387571
32    0.00388879
33    0.00390387
34    0.00393267
35    0.00389559
36    0.00391862
37    0.00389394
38    0.00388518
39    0.00388075
40    0.00389472
41    0.0039
42    0.00392079
43    0.00391951
44    0.00390765
45    0.0039039
46    0.00392237
47    0.00390571
48    0.00389318
49    0.00390277
50    0.00390635
51    0.00390605
52    0.00389797
53    0.00388502
54    0.0039175
55    0.00391773
56    0.00389764
57    0.00390139
58    0.00390406
59    0.00388861
60    0.00391163
61    0.0038927
62    0.00391118
63    0.00388506
64    0.00391503
65    0.00389357
66    0.00391929
67    0.00391695
68    0.00388742
69    0.00391041
70    0.00391554
71    0.00389572
72    0.00387297
73    0.00391478
74    0.00392566
75    0.00390509
76    0.00390767
77    0.00387366
78    0.00390521
79    0.00390352
80    0.00389332
81    0.00390111
82    0.00391641
83    0.00392195
84    0.00392355
85    0.00390291
86    0.00390816
87    0.0038954
88    0.00391627
89    0.00390442
90    0.00393872
91    0.00389842
92    0.00389355
93    0.00388278
94    0.00391195
95    0.00394663
96    0.00392057
97    0.00389634
98    0.00393737
99    0.00390912
100    0.00390044
101    0.003891
102    0.0039
103    0.00389509
104    0.00390796
105    0.00391391
106    0.00388854
107    0.00389098
108    0.00389625
109    0.00389423
110    0.00389124
111    0.00389246
112    0.0039002
113    0.00393866
114    0.00391803
115    0.00391136
116    0.00389737
117    0.00393508
118    0.00389578
119    0.003928
120    0.00388972
121    0.00389624
122    0.00392553
123    0.00394459
124    0.00387588
125    0.00392181
126    0.00392645
127    0.00388421
128    0.00392543
129    0.0039071
130    0.00390655
131    0.00389071
132    0.00388576
133    0.00389528
134    0.00393037
135    0.00389234
136    0.00392301
137    0.00390252
138    0.00392989
139    0.00389631
140    0.00393282
141    0.00391014
142    0.00389988
143    0.00391006
144    0.00388576
145    0.00391316
146    0.00391239
147    0.00391574
148    0.00391626
149    0.0039198
150    0.00392711
151    0.00391194
152    0.00391254
153    0.00392213
154    0.00388539
155    0.00391644
156    0.00391365
157    0.00391912
158    0.00392959
159    0.00388481
160    0.00391893
161    0.00390147
162    0.00391839
163    0.00388985
164    0.00391579
165    0.00389959
166    0.00389687
167    0.00389622
168    0.00390833
169    0.00388748
170    0.00388895
171    0.0039234
172    0.00391649
173    0.00387459
174    0.0038882
175    0.00392502
176    0.0039034
177    0.00389486
178    0.00391973
179    0.0039041
180    0.00389226
181    0.00392214
182    0.00390727
183    0.00390674
184    0.00389181
185    0.00391687
186    0.00390212
187    0.00392003
188    0.00390873
189    0.00391283
190    0.00390492
191    0.00387702
192    0.00393023
193    0.00388083
194    0.00389875
195    0.00387381
196    0.00391233
197    0.00386105
198    0.00391536
199    0.0039296
200    0.00392772
201    0.00390101
202    0.00392799
203    0.00392041
204    0.00393712
205    0.00392776
206    0.00392315
207    0.00390548
208    0.00389274
209    0.00387623
210    0.00389173
211    0.00391869
212    0.00388528
213    0.00390446
214    0.00391431
215    0.00390902
216    0.00390304
217    0.00387407
218    0.00390403
219    0.00391315
220    0.00389894
221    0.0039292
222    0.00391668
223    0.00388462
224    0.003902
225    0.00387505
226    0.00392166
227    0.00391945
228    0.00391615
229    0.00391624
230    0.0039346
231    0.0039001
232    0.00387897
233    0.00393089
234    0.00389177
235    0.00389611
236    0.00390369
237    0.00390726
238    0.00393648
239    0.00391329
240    0.00393192
241    0.00389758
242    0.00391975
243    0.00390712
244    0.00389845
245    0.00391953
246    0.00392979
247    0.00391716
248    0.00390356
249    0.00393497
250    0.00393479
251    0.00390819
252    0.00390908
253    0.00389104
254    0.00389808
255    0.00391914
