0    0.00389901
1    0.00391707
2    0.00391763
3    0.00391111
4    0.00389557
5    0.00388839
6    0.00389377
7    0.00388329
8    0.00391178
9    0.00391
10    0.00393352
11    0.0039035
12    0.00389903
13    0.00392449
14    0.00389445
15    0.00390972
16    0.00388538
17    0.00392472
18    0.00386778
19    0.0038942
20    0.00392334
21    0.00392489
22    0.00391082
23    0.00390022
24    0.00389788
25    0.00390676
26    0.00389433
27    0.00388961
28    0.00389801
29    0.0038833
30    0.00392217
31    0.00388804
32    0.00391445
33    0.00390434
34    0.00389058
35    0.00391078
36    0.00384619
37    0.00390259
38    0.00387844
39    0.00388259
40    0.00391633
41    0.00392128
42    0.00390927
43    0.00389235
44    0.00389388
45    0.00391464
46    0.00390144
47    0.00386558
48    0.00390746
49    0.00388625
50    0.00388481
51    0.0039195
52    0.00391447
53    0.00392171
54    0.00389369
55    0.003912
56    0.00390254
57    0.00393593
58    0.00390514
59    0.00390534
60    0.00393306
61    0.0038802
62    0.00392296
63    0.00391375
64    0.0038989
65    0.00390132
66    0.00392398
67    0.00391069
68    0.00390832
69    0.00388607
70    0.00392209
71    0.00389213
72    0.00389182
73    0.0039175
74    0.00388802
75    0.00390039
76    0.00391057
77    0.00390526
78    0.0039089
79    0.00395248
80    0.00391189
81    0.00392402
82    0.00389088
83    0.00391315
84    0.003896
85    0.00392399
86    0.0038987
87    0.00390669
88    0.00390141
89    0.00391811
90    0.00390407
91    0.00391284
92    0.00389411
93    0.00386903
94    0.00393259
95    0.00390513
96    0.00389461
97    0.00391107
98    0.00389861
99    0.00391123
100    0.00392037
101    0.00390703
102    0.00391465
103    0.00388936
104    0.00390189
105    0.00391493
106    0.00391908
107    0.00388662
108    0.00390772
109    0.00390795
110    0.00388386
111    0.00393164
112    0.00389928
113    0.00393572
114    0.00390419
115    0.00392017
116    0.00390638
117    0.00389519
118    0.00390908
119    0.00389299
120    0.00390216
121    0.00390221
122    0.00390002
123    0.00394152
124    0.00390605
125    0.00389094
126    0.0038967
127    0.00392614
128    0.00390743
129    0.00391565
130    0.00394245
131    0.00388922
132    0.00389166
133    0.00387832
134    0.00389693
135    0.00392828
136    0.00389273
137    0.00390925
138    0.00388456
139    0.00391467
140    0.00389319
141    0.00391521
142    0.00389262
143    0.00390738
144    0.00390031
145    0.00388363
146    0.00389575
147    0.00391385
148    0.00390694
149    0.00389883
150    0.00390474
151    0.00386263
152    0.00389301
153    0.00390822
154    0.00390527
155    0.00391276
156    0.00389785
157    0.00388494
158    0.00391096
159    0.00392236
160    0.00390174
161    0.00389924
162    0.00390256
163    0.00391086
164    0.00388994
165    0.00391503
166    0.0038935
167    0.00392654
168    0.00389069
169    0.00391051
170    0.0038814
171    0.00389867
172    0.00392298
173    0.00391965
174    0.00391407
175    0.00391879
176    0.00392858
177    0.00390919
178    0.00391535
179    0.00392225
180    0.00388626
181    0.00390407
182    0.00393279
183    0.00389947
184    0.00392231
185    0.00390398
186    0.0039022
187    0.00390721
188    0.00392728
189    0.00389618
190    0.00390421
191    0.00390974
192    0.00389578
193    0.0039277
194    0.00390864
195    0.00391599
196    0.00391386
197    0.003915
198    0.00393328
199    0.00392843
200    0.00387287
201    0.00391942
202    0.00390201
203    0.00390831
204    0.00391637
205    0.00392368
206    0.00392368
207    0.00391671
208    0.00391017
209    0.00389602
210    0.00391855
211    0.00390395
212    0.00392214
213    0.00392481
214    0.003914
215    0.00388286
216    0.0038955
217    0.00391697
218    0.00390056
219    0.00390107
220    0.00391608
221    0.00388062
222    0.0039387
223    0.00391302
224    0.00390012
225    0.00391637
226    0.00390194
227    0.00390122
228    0.0039045
229    0.00390046
230    0.00390724
231    0.00390228
232    0.00388259
233    0.00389974
234    0.00391898
235    0.00391187
236    0.00393702
237    0.00392661
238    0.00393716
239    0.00390468
240    0.00390871
241    0.00388227
242    0.00390039
243    0.00391691
244    0.00391052
245    0.0039104
246    0.00391487
247    0.00392379
248    0.00393698
249    0.00386675
250    0.00390565
251    0.00393512
252    0.00386504
253    0.00389099
254    0.00392342
255    0.00393201
