0    0.00391206
1    0.00387905
2    0.00394275
3    0.00391352
4    0.00392994
5    0.00390348
6    0.00389723
7    0.00388831
8    0.00389657
9    0.00390376
10    0.00389412
11    0.00391553
12    0.00388444
13    0.00392297
14    0.00391184
15    0.00390805
16    0.00388402
17    0.00392714
18    0.00388471
19    0.00390633
20    0.00389609
21    0.00389391
22    0.00391006
23    0.00389666
24    0.00388906
25    0.0039058
26    0.00390694
27    0.00391716
28    0.00389959
29    0.00389815
30    0.00392812
31    0.00391812
32    0.00390135
33    0.00390976
34    0.00391908
35    0.00390362
36    0.00387942
37    0.00391918
38    0.0038939
39    0.00393169
40    0.00389777
41    0.00391719
42    0.00387366
43    0.00392078
44    0.00390222
45    0.00389153
46    0.00393309
47    0.00392
48    0.00392925
49    0.00390104
50    0.0039259
51    0.00391871
52    0.00389476
53    0.00392292
54    0.00391121
55    0.00390244
56    0.00390713
57    0.0038779
58    0.00390416
59    0.0039026
60    0.00393369
61    0.00390562
62    0.00389394
63    0.00388039
64    0.0039129
65    0.00388608
66    0.00388755
67    0.00390073
68    0.00391017
69    0.00390072
70    0.00389957
71    0.00390795
72    0.00390298
73    0.00388537
74    0.00389104
75    0.00390893
76    0.00390431
77    0.00392354
78    0.00387892
79    0.00392243
80    0.0039252
81    0.00389545
82    0.00390794
83    0.00391951
84    0.003905
85    0.00392757
86    0.00391087
87    0.00391643
88    0.00393413
89    0.00390045
90    0.00390859
91    0.00386857
92    0.00391022
93    0.00388843
94    0.00387138
95    0.00391319
96    0.00391541
97    0.00389435
98    0.00392332
99    0.00391673
100    0.00390362
101    0.00391044
102    0.00390637
103    0.00391135
104    0.00388616
105    0.00392506
106    0.00388306
107    0.00391015
108    0.00392028
109    0.00389267
110    0.00388983
111    0.00391005
112    0.00389928
113    0.00390367
114    0.00391184
115    0.00391838
116    0.00390304
117    0.00393474
118    0.00391833
119    0.00391505
120    0.00391723
121    0.00388843
122    0.00390963
123    0.00392438
124    0.00391739
125    0.0039119
126    0.00391314
127    0.0039041
128    0.00391458
129    0.00389903
130    0.00390904
131    0.00390025
132    0.00393008
133    0.00391622
134    0.00391823
135    0.00389918
136    0.00391553
137    0.00392397
138    0.00390215
139    0.00392373
140    0.00391805
141    0.00392975
142    0.00391608
143    0.00390272
144    0.0038905
145    0.00391294
146    0.00390017
147    0.00389641
148    0.00390851
149    0.00389913
150    0.00392484
151    0.00393138
152    0.00392565
153    0.00393634
154    0.00391552
155    0.00390197
156    0.00391425
157    0.00388684
158    0.0039396
159    0.00389433
160    0.00390867
161    0.00388454
162    0.00389048
163    0.00388421
164    0.00391388
165    0.00390688
166    0.00384055
167    0.00387675
168    0.00388369
169    0.00390908
170    0.00387333
171    0.00392764
172    0.00392498
173    0.00390301
174    0.00392481
175    0.00390801
176    0.00391157
177    0.00390434
178    0.00390407
179    0.00392538
180    0.00392022
181    0.003908
182    0.00391007
183    0.00389854
184    0.0038577
185    0.00390135
186    0.00387915
187    0.00392023
188    0.00390032
189    0.00392002
190    0.00390669
191    0.00390442
192    0.00387924
193    0.00393317
194    0.00393192
195    0.00393862
196    0.00387954
197    0.0039115
198    0.00390113
199    0.00388535
200    0.00389107
201    0.00392188
202    0.00391325
203    0.00392095
204    0.00390208
205    0.0039029
206    0.00391437
207    0.00388973
208    0.00387842
209    0.00388616
210    0.00390111
211    0.00390108
212    0.00391238
213    0.00390992
214    0.00390438
215    0.00390565
216    0.00391148
217    0.003917
218    0.00390672
219    0.00388526
220    0.00391925
221    0.00388706
222    0.00387076
223    0.00390968
224    0.00389056
225    0.00390958
226    0.00388867
227    0.00390097
228    0.00390851
229    0.00391799
230    0.00391447
231    0.00388394
232    0.0039227
233    0.00390945
234    0.00389353
235    0.00388611
236    0.00391503
237    0.00389208
238    0.0039055
239    0.00390056
240    0.00390413
241    0.00389933
242    0.00393319
243    0.00393352
244    0.0038925
245    0.00391012
246    0.00390276
247    0.00392305
248    0.00391424
249    0.00392494
250    0.00391031
251    0.00389294
252    0.00392339
253    0.00391598
254    0.00390719
255    0.00391333
