0    0.00391463
1    0.00389793
2    0.0039361
3    0.00390753
4    0.00390987
5    0.00388999
6    0.00390924
7    0.00390062
8    0.00390399
9    0.00390282
10    0.00389594
11    0.00390814
12    0.00387055
13    0.00392726
14    0.00389339
15    0.00392197
16    0.0039036
17    0.00387784
18    0.00391277
19    0.00392376
20    0.00389332
21    0.00389621
22    0.00392532
23    0.00389457
24    0.00387617
25    0.00392102
26    0.00393677
27    0.00389496
28    0.00391072
29    0.00390642
30    0.00389883
31    0.00390399
32    0.0039298
33    0.00390138
34    0.00392062
35    0.00390686
36    0.00391513
37    0.00391258
38    0.0039177
39    0.00392839
40    0.00392039
41    0.00390844
42    0.00391633
43    0.00389736
44    0.00390068
45    0.00388069
46    0.00393191
47    0.00390909
48    0.0039216
49    0.00390166
50    0.00392876
51    0.00389533
52    0.00391921
53    0.00393577
54    0.00388565
55    0.0039178
56    0.00392612
57    0.00390606
58    0.00389835
59    0.00389667
60    0.00390693
61    0.00393375
62    0.0039102
63    0.00387163
64    0.00393155
65    0.00393892
66    0.00390408
67    0.00393647
68    0.00389247
69    0.00389468
70    0.00389774
71    0.00390286
72    0.00391367
73    0.00393403
74    0.00390948
75    0.00390093
76    0.00390894
77    0.00388779
78    0.00389539
79    0.00390697
80    0.00389111
81    0.00388181
82    0.00389922
83    0.00389962
84    0.00388188
85    0.00392492
86    0.00389802
87    0.00388451
88    0.00389586
89    0.00388913
90    0.00389892
91    0.00389206
92    0.00387466
93    0.0039086
94    0.00391434
95    0.0038753
96    0.00389158
97    0.00389618
98    0.0038924
99    0.00391698
100    0.0039187
101    0.0038912
102    0.00391914
103    0.00391923
104    0.00389558
105    0.00388053
106    0.00390186
107    0.00391029
108    0.00390913
109    0.00390237
110    0.00388874
111    0.00389519
112    0.00387021
113    0.00391458
114    0.00393724
115    0.00392324
116    0.003933
117    0.00391045
118    0.00389677
119    0.00388675
120    0.00390569
121    0.00390614
122    0.00390541
123    0.00391952
124    0.00392174
125    0.00387689
126    0.00389813
127    0.00391577
128    0.00387798
129    0.00390441
130    0.00393478
131    0.00388825
132    0.00391585
133    0.00391977
134    0.0039189
135    0.00388701
136    0.0039139
137    0.00392433
138    0.00391032
139    0.00390657
140    0.00387342
141    0.00388627
142    0.00387204
143    0.00389947
144    0.0038965
145    0.00391798
146    0.00392145
147    0.00392754
148    0.00392016
149    0.00390233
150    0.0039092
151    0.00390468
152    0.00386935
153    0.00391165
154    0.00391455
155    0.00390209
156    0.003903
157    0.00390365
158    0.0039262
159    0.00389841
160    0.00388123
161    0.00392973
162    0.00392746
163    0.00389598
164    0.00389746
165    0.00390571
166    0.00393185
167    0.00390462
168    0.00390573
169    0.00390029
170    0.00394231
171    0.00389548
172    0.00389466
173    0.00389259
174    0.00388602
175    0.00387209
176    0.00391511
177    0.00388934
178    0.00389335
179    0.00391533
180    0.00390789
181    0.00389208
182    0.00390478
183    0.00392216
184    0.00389645
185    0.00390195
186    0.00394826
187    0.0038994
188    0.0039092
189    0.00388856
190    0.00391757
191    0.00388349
192    0.00389566
193    0.00391548
194    0.0039431
195    0.00391397
196    0.00390459
197    0.00390024
198    0.00389395
199    0.0038822
200    0.00390861
201    0.00391064
202    0.00390667
203    0.00390505
204    0.00393119
205    0.0039078
206    0.00391892
207    0.00388416
208    0.00390504
209    0.00391833
210    0.00393337
211    0.00389591
212    0.00390501
213    0.00392075
214    0.00392005
215    0.00390328
216    0.00392364
217    0.00391639
218    0.00392182
219    0.00391019
220    0.00388391
221    0.003927
222    0.00390848
223    0.00392773
224    0.00392556
225    0.00389991
226    0.00393445
227    0.00392164
228    0.0039012
229    0.00387004
230    0.00391086
231    0.00389971
232    0.00388406
233    0.00391518
234    0.00393408
235    0.00392045
236    0.00390804
237    0.00392995
238    0.00390582
239    0.00390925
240    0.00387784
241    0.00390724
242    0.00391513
243    0.0038967
244    0.00390697
245    0.00390563
246    0.0038937
247    0.00387996
248    0.00389483
249    0.00391856
250    0.0039082
251    0.00392351
252    0.00390154
253    0.00390646
254    0.00391129
255    0.00389339
