0    0.00392013
1    0.00387087
2    0.00390593
3    0.00391468
4    0.00389877
5    0.003883
6    0.0039049
7    0.00392289
8    0.00391414
9    0.00389253
10    0.00389741
11    0.00390251
12    0.00389714
13    0.00391599
14    0.00392326
15    0.0039356
16    0.00390168
17    0.00389728
18    0.00390328
19    0.00390554
20    0.00390916
21    0.00388784
22    0.00390981
23    0.00392382
24    0.00389196
25    0.00391344
26    0.00392479
27    0.00388682
28    0.00392551
29    0.00392813
30    0.00391058
31    0.00392673
32    0.00387931
33    0.00390851
34    0.00386369
35    0.00392822
36    0.00393392
37    0.00391797
38    0.00390626
39    0.00390049
40    0.00389406
41    0.00391317
42    0.00390366
43    0.00388142
44    0.00392004
45    0.00390608
46    0.00389257
47    0.00387993
48    0.00387928
49    0.00391515
50    0.00388492
51    0.00390557
52    0.00392819
53    0.00392191
54    0.00390258
55    0.00390182
56    0.00390087
57    0.0038723
58    0.00389776
59    0.00387622
60    0.0039146
61    0.0038798
62    0.00388161
63    0.00391817
64    0.00387874
65    0.00389296
66    0.00389392
67    0.00388992
68    0.00388151
69    0.00389552
70    0.00390285
71    0.00391302
72    0.0038972
73    0.00392658
74    0.00392809
75    0.00388662
76    0.00391301
77    0.00390129
78    0.0039037
79    0.00387996
80    0.00389372
81    0.00392075
82    0.00390458
83    0.00392067
84    0.00389732
85    0.00390409
86    0.00391894
87    0.00391966
88    0.00393115
89    0.00392818
90    0.00391942
91    0.00392133
92    0.0039202
93    0.0039125
94    0.00390314
95    0.00391565
96    0.00392656
97    0.00391538
98    0.00391237
99    0.00391537
100    0.00390902
101    0.00391481
102    0.00391248
103    0.00392605
104    0.00389909
105    0.00389314
106    0.00392295
107    0.00387732
108    0.00390068
109    0.00386773
110    0.00388942
111    0.00393818
112    0.00389444
113    0.00390117
114    0.00390432
115    0.00391699
116    0.0039056
117    0.00392125
118    0.00391281
119    0.00389684
120    0.00391397
121    0.00393652
122    0.00388583
123    0.00391346
124    0.00393838
125    0.00392235
126    0.00389517
127    0.00392051
128    0.00390255
129    0.00392482
130    0.00389558
131    0.00394078
132    0.00390261
133    0.00385808
134    0.00393163
135    0.00390969
136    0.00390437
137    0.00388944
138    0.00389931
139    0.00391618
140    0.00389843
141    0.00389967
142    0.00391578
143    0.0038809
144    0.00388504
145    0.00389641
146    0.00391947
147    0.00388077
148    0.00391529
149    0.00391747
150    0.00391281
151    0.00389908
152    0.0039033
153    0.0038915
154    0.00389621
155    0.00391871
156    0.00390547
157    0.00391325
158    0.00392667
159    0.00390957
160    0.00389512
161    0.00388338
162    0.00391761
163    0.00391365
164    0.00390569
165    0.00389492
166    0.0038948
167    0.00393556
168    0.00389065
169    0.00390966
170    0.00389041
171    0.00389287
172    0.00390726
173    0.00389561
174    0.00391482
175    0.00391085
176    0.00391463
177    0.00392198
178    0.00389475
179    0.00388109
180    0.00387042
181    0.00388807
182    0.00391513
183    0.00391058
184    0.00390894
185    0.0038972
186    0.00388581
187    0.00388
188    0.00391005
189    0.00387606
190    0.00390911
191    0.00392171
192    0.00390101
193    0.00390372
194    0.00392314
195    0.00389555
196    0.0039226
197    0.00391873
198    0.00389683
199    0.00387832
200    0.0039097
201    0.00390359
202    0.00390949
203    0.00391026
204    0.003906
205    0.0038934
206    0.00392084
207    0.00391333
208    0.00391702
209    0.00392359
210    0.00390976
211    0.00390697
212    0.00389891
213    0.00393199
214    0.00392276
215    0.00394371
216    0.00390941
217    0.00391702
218    0.00389275
219    0.00390516
220    0.0039445
221    0.00389757
222    0.00391793
223    0.00391414
224    0.00391557
225    0.00392686
226    0.00389338
227    0.00391044
228    0.00392119
229    0.00390529
230    0.00388054
231    0.00391307
232    0.00392117
233    0.00389614
234    0.0039052
235    0.0038999
236    0.00389546
237    0.00393556
238    0.00394343
239    0.00393182
240    0.00390285
241    0.00390888
242    0.00390699
243    0.0038829
244    0.00391641
245    0.00388255
246    0.00391273
247    0.00390746
248    0.00389859
249    0.00392751
250    0.00388518
251    0.00393325
252    0.00391312
253    0.0038993
254    0.00391392
255    0.00388185
