0    0.00391278
1    0.00391435
2    0.00390174
3    0.00391695
4    0.00389876
5    0.00388943
6    0.00392102
7    0.00388667
8    0.00390949
9    0.00388823
10    0.0039084
11    0.00391064
12    0.00390189
13    0.0039008
14    0.00392054
15    0.00392187
16    0.00388588
17    0.00390711
18    0.00390744
19    0.00389715
20    0.00388738
21    0.00389087
22    0.00388507
23    0.00392049
24    0.00388866
25    0.00390375
26    0.00389194
27    0.00392428
28    0.00389598
29    0.00390803
30    0.00392291
31    0.00390723
32    0.00389492
33    0.00389733
34    0.00390674
35    0.00390768
36    0.00388618
37    0.00390765
38    0.00390726
39    0.00391018
40    0.0039106
41    0.00387763
42    0.00389921
43    0.00389793
44    0.00389648
45    0.00389267
46    0.00395786
47    0.00393283
48    0.00390377
49    0.00392031
50    0.00389736
51    0.00388551
52    0.00391868
53    0.00391075
54    0.00388815
55    0.00391242
56    0.00392034
57    0.00389135
58    0.00389175
59    0.00390655
60    0.00391489
61    0.00392191
62    0.00390101
63    0.00391517
64    0.00389186
65    0.00391964
66    0.0039136
67    0.00391079
68    0.00393656
69    0.00388585
70    0.00388538
71    0.00390233
72    0.00391628
73    0.00388392
74    0.00390866
75    0.00387965
76    0.0038948
77    0.00387968
78    0.00390565
79    0.0039244
80    0.00392237
81    0.00390912
82    0.00391424
83    0.00390284
84    0.003911
85    0.00393005
86    0.00393226
87    0.00390314
88    0.00389621
89    0.00390484
90    0.00392487
91    0.00389257
92    0.00392645
93    0.00390984
94    0.00388536
95    0.00388555
96    0.00390473
97    0.00392429
98    0.00386379
99    0.00388515
100    0.00390059
101    0.00390363
102    0.00390191
103    0.00388836
104    0.00390461
105    0.00390058
106    0.00389715
107    0.00391564
108    0.00391328
109    0.00391448
110    0.00389181
111    0.00390045
112    0.00391909
113    0.00389158
114    0.00390706
115    0.00393235
116    0.00389777
117    0.00389156
118    0.00390068
119    0.00391639
120    0.00392231
121    0.00388179
122    0.00388398
123    0.00392639
124    0.00390049
125    0.00390727
126    0.00389249
127    0.0039089
128    0.00391627
129    0.00390439
130    0.00390481
131    0.00389633
132    0.00389239
133    0.00389444
134    0.00391116
135    0.0038882
136    0.00393297
137    0.00390832
138    0.00391646
139    0.0039267
140    0.00388001
141    0.00389566
142    0.00389726
143    0.00392869
144    0.00392113
145    0.00389964
146    0.00391394
147    0.00390974
148    0.00389748
149    0.00390509
150    0.00389033
151    0.00391212
152    0.00394508
153    0.00393367
154    0.00391851
155    0.00391928
156    0.00389438
157    0.00390774
158    0.00392402
159    0.00392926
160    0.00388835
161    0.00388484
162    0.00389097
163    0.0038946
164    0.00390545
165    0.00390678
166    0.00387832
167    0.00390505
168    0.00388728
169    0.0038943
170    0.00392276
171    0.00390631
172    0.00391879
173    0.00390052
174    0.00390285
175    0.00390961
176    0.00391616
177    0.00387431
178    0.00391993
179    0.00389029
180    0.00389889
181    0.00388942
182    0.0038989
183    0.00390541
184    0.00389795
185    0.00390531
186    0.00390385
187    0.00394488
188    0.00390719
189    0.00391223
190    0.00389251
191    0.00393677
192    0.00390252
193    0.00391323
194    0.00390056
195    0.00391306
196    0.00391004
197    0.00388673
198    0.00391712
199    0.0039143
200    0.00391999
201    0.00391278
202    0.0039025
203    0.00391245
204    0.00392989
205    0.00393
206    0.00391762
207    0.00390803
208    0.00392629
209    0.00389806
210    0.00389449
211    0.00391516
212    0.00389692
213    0.00390662
214    0.00392061
215    0.00390407
216    0.00391323
217    0.00391129
218    0.00390258
219    0.00391551
220    0.00392799
221    0.00389284
222    0.00390046
223    0.0039301
224    0.0038962
225    0.00387782
226    0.00390759
227    0.00389933
228    0.00392217
229    0.00391624
230    0.00391389
231    0.00391329
232    0.00391945
233    0.00390052
234    0.00389852
235    0.0039022
236    0.00389188
237    0.0038692
238    0.0039059
239    0.00391697
240    0.00391211
241    0.00391302
242    0.00391034
243    0.00392128
244    0.00393817
245    0.00389152
246    0.00391841
247    0.00388594
248    0.00391272
249    0.00389997
250    0.00392834
251    0.00392071
252    0.00389433
253    0.00391697
254    0.00392229
255    0.00391834
