0    0.00393491
1    0.0039173
2    0.00390869
3    0.00386842
4    0.00390816
5    0.00388024
6    0.00391317
7    0.00390374
8    0.00389356
9    0.00390609
10    0.00391114
11    0.00387372
12    0.00392329
13    0.00390774
14    0.00389456
15    0.00391022
16    0.00389766
17    0.00388509
18    0.00392308
19    0.00390955
20    0.0039111
21    0.00390743
22    0.00394347
23    0.00389432
24    0.00389645
25    0.00386398
26    0.0039068
27    0.00388031
28    0.00389645
29    0.00386934
30    0.00391937
31    0.00387885
32    0.00387919
33    0.00389883
34    0.00388297
35    0.00390312
36    0.00391162
37    0.00389605
38    0.0039074
39    0.00391091
40    0.003892
41    0.00391401
42    0.00391395
43    0.00388464
44    0.00388694
45    0.0039193
46    0.00387592
47    0.00392451
48    0.00390226
49    0.00391297
50    0.00389687
51    0.0039021
52    0.00390781
53    0.00388821
54    0.00391509
55    0.00392227
56    0.00387706
57    0.00391254
58    0.00391933
59    0.00389554
60    0.00390689
61    0.00390254
62    0.00387475
63    0.00393731
64    0.00389495
65    0.00390839
66    0.00388292
67    0.00389099
68    0.00395056
69    0.00390808
70    0.00392722
71    0.003909
72    0.00391027
73    0.00391153
74    0.00391609
75    0.00390965
76    0.00389709
77    0.00392159
78    0.00392765
79    0.00391581
80    0.00390121
81    0.00393786
82    0.00392735
83    0.00390446
84    0.00389292
85    0.00390583
86    0.00388519
87    0.00390829
88    0.00392225
89    0.00390628
90    0.00389447
91    0.00392468
92    0.00390222
93    0.00392088
94    0.00389455
95    0.00392098
96    0.00390548
97    0.00392198
98    0.00390982
99    0.00390066
100    0.00392478
101    0.00390125
102    0.00389664
103    0.00388499
104    0.00390699
105    0.00387456
106    0.00390267
107    0.00391644
108    0.00391242
109    0.00392702
110    0.0039011
111    0.0039065
112    0.00390187
113    0.0039073
114    0.00389628
115    0.00390865
116    0.00390496
117    0.00391966
118    0.00388728
119    0.00391515
120    0.00390157
121    0.0039121
122    0.00390393
123    0.00391367
124    0.00389429
125    0.00388872
126    0.00390198
127    0.00390115
128    0.00390645
129    0.0038957
130    0.00389647
131    0.00390111
132    0.00389922
133    0.00390864
134    0.00392456
135    0.00389876
136    0.00391631
137    0.00392423
138    0.00388626
139    0.00391578
140    0.00391317
141    0.00388778
142    0.00391992
143    0.00391946
144    0.00388422
145    0.00391199
146    0.00390182
147    0.00390229
148    0.00390379
149    0.00392425
150    0.00390709
151    0.00390981
152    0.00388583
153    0.00389327
154    0.0038976
155    0.00391506
156    0.00390937
157    0.00389136
158    0.0038846
159    0.00392487
160    0.00389022
161    0.00392396
162    0.00389109
163    0.00389609
164    0.00389223
165    0.00390318
166    0.00391387
167    0.00393896
168    0.00389339
169    0.00394002
170    0.0038977
171    0.00390433
172    0.00389946
173    0.00390493
174    0.00391681
175    0.00389113
176    0.00391166
177    0.00391973
178    0.00390404
179    0.00391423
180    0.00390667
181    0.00389182
182    0.00391952
183    0.0039492
184    0.00389574
185    0.00387103
186    0.00390109
187    0.00391399
188    0.00392265
189    0.00387963
190    0.00390142
191    0.00389958
192    0.00392103
193    0.00391692
194    0.00391193
195    0.00390371
196    0.00387815
197    0.00391686
198    0.00390759
199    0.00389247
200    0.0038993
201    0.00389504
202    0.00391773
203    0.0038868
204    0.00391707
205    0.00391316
206    0.00389979
207    0.00390442
208    0.00389665
209    0.00392757
210    0.00393061
211    0.0039163
212    0.0039181
213    0.00389704
214    0.003915
215    0.00391364
216    0.00390636
217    0.00391969
218    0.00389224
219    0.0039115
220    0.0039048
221    0.00390837
222    0.00390022
223    0.00390952
224    0.00393154
225    0.00392249
226    0.00390901
227    0.00391319
228    0.00391605
229    0.00391441
230    0.00391279
231    0.003923
232    0.00390249
233    0.00392419
234    0.00391078
235    0.0039035
236    0.00393308
237    0.00390995
238    0.00390993
239    0.00389695
240    0.00392607
241    0.00390671
242    0.00390233
243    0.00390838
244    0.00390751
245    0.00390675
246    0.00390937
247    0.00388793
248    0.00392393
249    0.0039143
250    0.00389963
251    0.00390226
252    0.00392195
253    0.00392018
254    0.00393088
255    0.00389232
