0    0.00393215
1    0.00392707
2    0.00388614
3    0.00390373
4    0.00389334
5    0.00392387
6    0.00389353
7    0.00388066
8    0.00387878
9    0.00390518
10    0.0039086
11    0.0039175
12    0.00390057
13    0.00390431
14    0.00393694
15    0.00390115
16    0.00388399
17    0.003902
18    0.00390694
19    0.0039057
20    0.0039177
21    0.00391997
22    0.00386761
23    0.00390188
24    0.00391066
25    0.00389959
26    0.00390374
27    0.00390747
28    0.0038902
29    0.00388782
30    0.00392393
31    0.00387517
32    0.00392476
33    0.00390263
34    0.00389515
35    0.00391695
36    0.00390172
37    0.00389741
38    0.00388177
39    0.00390852
40    0.00391956
41    0.00387787
42    0.00389842
43    0.00388701
44    0.00390232
45    0.00388391
46    0.00390617
47    0.00392091
48    0.0039211
49    0.00387701
50    0.00388836
51    0.00391852
52    0.00389611
53    0.00392107
54    0.00393477
55    0.0038982
56    0.00390872
57    0.00392634
58    0.00394895
59    0.00390317
60    0.00390748
61    0.00389836
62    0.00388881
63    0.00389431
64    0.00391809
65    0.00387368
66    0.0039101
67    0.00390141
68    0.00389685
69    0.00388868
70    0.00390829
71    0.00390553
72    0.00387133
73    0.0038978
74    0.00389963
75    0.00389753
76    0.00391909
77    0.00389517
78    0.0039092
79    0.00390548
80    0.00388274
81    0.00387701
82    0.00391371
83    0.00389129
84    0.00392148
85    0.00390808
86    0.00390126
87    0.00389368
88    0.00393292
89    0.00387499
90    0.00391983
91    0.00391442
92    0.00391863
93    0.00389337
94    0.00393337
95    0.00390044
96    0.0039093
97    0.00390731
98    0.00389169
99    0.00391252
100    0.00391847
101    0.00389378
102    0.00389456
103    0.00387793
104    0.00391935
105    0.00387679
106    0.00390698
107    0.00391126
108    0.00390814
109    0.00389722
110    0.00391947
111    0.00392958
112    0.00392242
113    0.003939
114    0.00389755
115    0.00391633
116    0.0038888
117    0.00392042
118    0.00389278
119    0.00390091
120    0.0038728
121    0.00386737
122    0.00388981
123    0.00391143
124    0.00389087
125    0.00392036
126    0.00391077
127    0.00392029
128    0.00391504
129    0.00391166
130    0.00390577
131    0.00391274
132    0.00391884
133    0.00388764
134    0.00393915
135    0.00392798
136    0.00391401
137    0.00387531
138    0.00391338
139    0.00390537
140    0.00392552
141    0.00389246
142    0.00392251
143    0.00390017
144    0.00392666
145    0.00389885
146    0.00392
147    0.00389417
148    0.00391705
149    0.00392548
150    0.00388809
151    0.0039092
152    0.0038792
153    0.0038898
154    0.00391175
155    0.00392086
156    0.0038912
157    0.00390599
158    0.00391037
159    0.00390837
160    0.00389902
161    0.00390733
162    0.0039118
163    0.00392395
164    0.00394319
165    0.0039219
166    0.00388012
167    0.00390887
168    0.00386237
169    0.00389982
170    0.00392814
171    0.00388811
172    0.0038796
173    0.00388879
174    0.00389708
175    0.00390483
176    0.00393016
177    0.00391371
178    0.00389395
179    0.00390906
180    0.0039368
181    0.00392023
182    0.00390579
183    0.00392627
184    0.00393422
185    0.00389561
186    0.00389457
187    0.00387811
188    0.00391096
189    0.00392195
190    0.00390648
191    0.00390573
192    0.00391763
193    0.00390168
194    0.00387807
195    0.00391201
196    0.00386645
197    0.00391983
198    0.00390547
199    0.00391972
200    0.00389057
201    0.00393332
202    0.00392393
203    0.0039151
204    0.00388933
205    0.0039275
206    0.00389292
207    0.00390198
208    0.00389328
209    0.00388806
210    0.0039088
211    0.00391714
212    0.00391877
213    0.00388753
214    0.00390401
215    0.00391996
216    0.00390341
217    0.00394155
218    0.0039117
219    0.00389318
220    0.00390793
221    0.00390796
222    0.00391959
223    0.0039207
224    0.00390696
225    0.00390051
226    0.0039449
227    0.00393162
228    0.00392212
229    0.00392023
230    0.00391089
231    0.00391241
232    0.00393667
233    0.00390496
234    0.00391679
235    0.00391516
236    0.00391212
237    0.00391351
238    0.00391273
239    0.00390478
240    0.00391673
241    0.00391194
242    0.00390526
243    0.00390655
244    0.00390338
245    0.00390049
246    0.00392055
247    0.00388554
248    0.00393519
249    0.00393926
250    0.00392412
251    0.0039053
252    0.00389167
253    0.00389219
254    0.00390156
255    0.0038961
