0    0.00389448
1    0.00390378
2    0.0039018
3    0.0039148
4    0.00387549
5    0.00390445
6    0.00390069
7    0.00391641
8    0.00389035
9    0.00390057
10    0.00391747
11    0.00389117
12    0.00392943
13    0.0039079
14    0.00389859
15    0.00393498
16    0.0039204
17    0.00390783
18    0.00390172
19    0.00389564
20    0.00389724
21    0.00388549
22    0.0038909
23    0.00390159
24    0.0039244
25    0.0038945
26    0.00388902
27    0.00391064
28    0.00391277
29    0.00389701
30    0.00390212
31    0.00390349
32    0.00392644
33    0.00388094
34    0.00390546
35    0.0039048
36    0.00391789
37    0.00387966
38    0.00394527
39    0.00390131
40    0.00388353
41    0.00392339
42    0.00390164
43    0.00391917
44    0.00390222
45    0.00390728
46    0.00391316
47    0.00390371
48    0.00390896
49    0.00391233
50    0.00390933
51    0.00388969
52    0.00390829
53    0.00390536
54    0.00390241
55    0.00390308
56    0.00389257
57    0.00390191
58    0.00390366
59    0.00387918
60    0.00391635
61    0.00391368
62    0.00390595
63    0.00389303
64    0.00390584
65    0.0039215
66    0.00390111
67    0.00392186
68    0.00390025
69    0.00388272
70    0.00389707
71    0.00391135
72    0.00387846
73    0.00390944
74    0.00392269
75    0.00390252
76    0.00390078
77    0.00390453
78    0.00390041
79    0.00390858
80    0.00392954
81    0.00389158
82    0.00391045
83    0.00388825
84    0.00391241
85    0.00389765
86    0.00390003
87    0.00393249
88    0.00391011
89    0.00392981
90    0.00390052
91    0.00389882
92    0.0039414
93    0.00390211
94    0.00393851
95    0.00390141
96    0.00391101
97    0.00390897
98    0.00390976
99    0.00389662
100    0.0038878
101    0.00390378
102    0.00389549
103    0.0039163
104    0.00386703
105    0.00390828
106    0.00391056
107    0.00391111
108    0.00389542
109    0.0039297
110    0.00393188
111    0.00389746
112    0.00390634
113    0.00388877
114    0.00392492
115    0.0038887
116    0.00391219
117    0.00389559
118    0.00389816
119    0.00391152
120    0.00389653
121    0.00392575
122    0.00392146
123    0.00392141
124    0.00390172
125    0.00391754
126    0.00388549
127    0.00390376
128    0.00387335
129    0.00389501
130    0.0039389
131    0.00392002
132    0.00391422
133    0.0039106
134    0.00392989
135    0.00389206
136    0.00391069
137    0.00390468
138    0.00394438
139    0.00390405
140    0.00390513
141    0.00391365
142    0.00391166
143    0.00389138
144    0.00390869
145    0.00389589
146    0.00391543
147    0.00389407
148    0.00389445
149    0.00389698
150    0.00390483
151    0.00389127
152    0.00388504
153    0.00393301
154    0.00388402
155    0.00389684
156    0.00390667
157    0.00388772
158    0.00390143
159    0.00388737
160    0.00391832
161    0.00388357
162    0.00388882
163    0.0038926
164    0.0039077
165    0.00387674
166    0.0039058
167    0.00389931
168    0.00389446
169    0.00387424
170    0.00390585
171    0.00394139
172    0.00390592
173    0.00389713
174    0.00390119
175    0.00393041
176    0.00390742
177    0.00390144
178    0.00391202
179    0.00392392
180    0.00389364
181    0.00388845
182    0.00393712
183    0.00393041
184    0.00389293
185    0.00393108
186    0.00391926
187    0.00388316
188    0.00391159
189    0.00389151
190    0.00389782
191    0.00388805
192    0.00391583
193    0.00387171
194    0.00389644
195    0.00393277
196    0.00393095
197    0.00389557
198    0.00393922
199    0.00393151
200    0.00391465
201    0.00388395
202    0.00391944
203    0.00389738
204    0.00390287
205    0.00392905
206    0.00390001
207    0.00391094
208    0.00392475
209    0.00390023
210    0.00390449
211    0.00392311
212    0.00389709
213    0.00390692
214    0.00389683
215    0.00391579
216    0.00390015
217    0.00389151
218    0.00393987
219    0.00390065
220    0.00391649
221    0.00390303
222    0.00389333
223    0.00393045
224    0.00390167
225    0.00390221
226    0.00391451
227    0.00390994
228    0.00394317
229    0.00391183
230    0.00390045
231    0.00390676
232    0.00391161
233    0.00390081
234    0.00387535
235    0.00390965
236    0.00391109
237    0.0038901
238    0.0038998
239    0.00389477
240    0.0039103
241    0.00393689
242    0.00392268
243    0.0039024
244    0.00392053
245    0.00388466
246    0.00391856
247    0.0039525
248    0.00389372
249    0.00391148
250    0.00391997
251    0.00392406
252    0.00390042
253    0.00392968
254    0.00390395
255    0.00387689
