0    0.00392742
1    0.00390467
2    0.00388398
3    0.00390721
4    0.00390716
5    0.0039089
6    0.00390203
7    0.00391288
8    0.00386776
9    0.00390167
10    0.00389535
11    0.003896
12    0.00389374
13    0.00392177
14    0.00390127
15    0.00391294
16    0.00388949
17    0.00390881
18    0.00390423
19    0.00392313
20    0.00390754
21    0.00392053
22    0.00389936
23    0.00390702
24    0.00392319
25    0.00393665
26    0.00391544
27    0.00389746
28    0.00389957
29    0.00388746
30    0.00388876
31    0.0038851
32    0.0039036
33    0.0038971
34    0.00388888
35    0.00391743
36    0.0038803
37    0.00390598
38    0.00390309
39    0.00389271
40    0.00388438
41    0.00387614
42    0.0038999
43    0.00390015
44    0.00388962
45    0.00390135
46    0.00390199
47    0.00389394
48    0.00390009
49    0.00391065
50    0.0039037
51    0.00390893
52    0.00391162
53    0.00389133
54    0.00389506
55    0.00389562
56    0.00390031
57    0.00387773
58    0.00390024
59    0.00391239
60    0.00388786
61    0.00389174
62    0.00392222
63    0.00389391
64    0.0038651
65    0.00388999
66    0.0038982
67    0.0038962
68    0.00388081
69    0.00391606
70    0.00390564
71    0.00390667
72    0.00390789
73    0.00390621
74    0.00388531
75    0.00390883
76    0.00390658
77    0.00391165
78    0.00391426
79    0.00392001
80    0.00389345
81    0.00389774
82    0.00393307
83    0.00392727
84    0.00391144
85    0.00390499
86    0.00391044
87    0.00390201
88    0.00389752
89    0.00391251
90    0.00391129
91    0.00392728
92    0.00389273
93    0.00387584
94    0.00390039
95    0.00392956
96    0.00391563
97    0.0038942
98    0.00390818
99    0.00390047
100    0.0039
101    0.00388727
102    0.00392016
103    0.00391634
104    0.00390201
105    0.00390475
106    0.00389305
107    0.0039164
108    0.00393977
109    0.00388033
110    0.00389554
111    0.00391639
112    0.00391512
113    0.0039333
114    0.00388424
115    0.0039038
116    0.00390531
117    0.00391846
118    0.00394853
119    0.00388662
120    0.00390005
121    0.0039138
122    0.00391834
123    0.00388103
124    0.00390358
125    0.0038948
126    0.00390247
127    0.00388303
128    0.00391531
129    0.00392318
130    0.00386224
131    0.00392258
132    0.00388916
133    0.00394339
134    0.00391175
135    0.00393616
136    0.00391038
137    0.00391597
138    0.00390979
139    0.00392823
140    0.00390723
141    0.00391914
142    0.00389308
143    0.00390172
144    0.00389644
145    0.00390245
146    0.00390444
147    0.00390316
148    0.00388689
149    0.00389442
150    0.00391911
151    0.00393888
152    0.00389466
153    0.00393216
154    0.00392388
155    0.00389374
156    0.00392872
157    0.00390483
158    0.0039034
159    0.00389995
160    0.00388817
161    0.00389894
162    0.00390158
163    0.00389033
164    0.00391855
165    0.00391207
166    0.00394704
167    0.00389123
168    0.00390797
169    0.00391415
170    0.00387768
171    0.00392687
172    0.00388978
173    0.00392547
174    0.00389866
175    0.00388161
176    0.0038671
177    0.00389668
178    0.0038803
179    0.00387898
180    0.00390439
181    0.00389864
182    0.00391904
183    0.00390689
184    0.00389366
185    0.00391575
186    0.00392849
187    0.00390953
188    0.00389791
189    0.00392192
190    0.00388964
191    0.00392077
192    0.00390529
193    0.00393354
194    0.00390821
195    0.00390463
196    0.0039378
197    0.00391629
198    0.0038979
199    0.00392671
200    0.00391581
201    0.00391826
202    0.0039038
203    0.00390466
204    0.00389048
205    0.00392959
206    0.0039213
207    0.00391486
208    0.00391885
209    0.00391551
210    0.00391199
211    0.00388915
212    0.00390415
213    0.00387136
214    0.00390856
215    0.00389886
216    0.00392105
217    0.00390458
218    0.00389854
219    0.00389517
220    0.00391196
221    0.00390515
222    0.00392905
223    0.00389237
224    0.00390479
225    0.00389722
226    0.0039395
227    0.00392288
228    0.0038962
229    0.00392613
230    0.00390855
231    0.0039398
232    0.00390713
233    0.00390432
234    0.00388899
235    0.00390068
236    0.00392255
237    0.0038894
238    0.00392486
239    0.00391909
240    0.00393501
241    0.00391386
242    0.00391751
243    0.00391555
244    0.00391555
245    0.00387772
246    0.00392984
247    0.0039246
248    0.00393757
249    0.00390548
250    0.00392747
251    0.00389724
252    0.00390829
253    0.00391732
254    0.00393095
255    0.00392398
