0    0.00393509
1    0.00392033
2    0.0038878
3    0.00389628
4    0.00389442
5    0.00388447
6    0.00392001
7    0.00392415
8    0.00391381
9    0.00388841
10    0.00388716
11    0.00389046
12    0.0038743
13    0.00389477
14    0.0039234
15    0.00389004
16    0.00390836
17    0.00391272
18    0.00389796
19    0.00392745
20    0.00390128
21    0.00394385
22    0.00390288
23    0.0038901
24    0.00389512
25    0.00391253
26    0.00391386
27    0.00391992
28    0.00388496
29    0.00389842
30    0.00388933
31    0.00391229
32    0.00389294
33    0.00392629
34    0.00389815
35    0.0038858
36    0.00390144
37    0.00387919
38    0.00390505
39    0.00387278
40    0.00388419
41    0.00391964
42    0.00388044
43    0.0039098
44    0.00391016
45    0.00390837
46    0.00392748
47    0.0039316
48    0.00388892
49    0.00391367
50    0.00391938
51    0.00391006
52    0.00392458
53    0.00389299
54    0.0039016
55    0.00390794
56    0.00390821
57    0.00391932
58    0.00388406
59    0.00391386
60    0.00392312
61    0.00389956
62    0.0039033
63    0.00391467
64    0.00388758
65    0.00392794
66    0.00389929
67    0.00393111
68    0.00390447
69    0.00389908
70    0.00390345
71    0.00387243
72    0.00390559
73    0.00392386
74    0.00390835
75    0.00389922
76    0.0038952
77    0.00391115
78    0.00388733
79    0.00390549
80    0.00389518
81    0.00392374
82    0.00390007
83    0.00390456
84    0.00388794
85    0.00388361
86    0.00391233
87    0.0039122
88    0.00389836
89    0.00390209
90    0.00389879
91    0.00388806
92    0.0039044
93    0.0038879
94    0.00390041
95    0.00391784
96    0.00390408
97    0.0039073
98    0.00390706
99    0.00391511
100    0.0039197
101    0.00390638
102    0.00389069
103    0.00390222
104    0.0039171
105    0.00391574
106    0.00393394
107    0.00390513
108    0.00390867
109    0.00389353
110    0.00391042
111    0.00393326
112    0.00388864
113    0.00390516
114    0.00390734
115    0.00390784
116    0.00387977
117    0.00391178
118    0.0039126
119    0.00390609
120    0.00388337
121    0.00390752
122    0.00392805
123    0.0038942
124    0.00389068
125    0.00391506
126    0.00388664
127    0.00390806
128    0.00388149
129    0.00389322
130    0.00387886
131    0.00387341
132    0.00389596
133    0.00392875
134    0.00389653
135    0.00391618
136    0.00390128
137    0.00391812
138    0.00390778
139    0.00390342
140    0.00388913
141    0.00394176
142    0.00389502
143    0.00387566
144    0.00390067
145    0.00389253
146    0.00391391
147    0.00390744
148    0.00389773
149    0.00389173
150    0.00392688
151    0.00390813
152    0.00392511
153    0.00389858
154    0.00389759
155    0.00389409
156    0.0038973
157    0.00390235
158    0.00392223
159    0.0039067
160    0.00392036
161    0.00388785
162    0.00392482
163    0.00391125
164    0.00390978
165    0.00392756
166    0.00388794
167    0.0038986
168    0.00391617
169    0.00390085
170    0.00390228
171    0.00390302
172    0.00389594
173    0.00392481
174    0.00393606
175    0.00395671
176    0.00387495
177    0.00391281
178    0.00388327
179    0.00391181
180    0.00388435
181    0.00392519
182    0.0038935
183    0.00393509
184    0.00391405
185    0.00392076
186    0.00390878
187    0.00391557
188    0.00392403
189    0.00389876
190    0.0039277
191    0.00391663
192    0.00389304
193    0.00391738
194    0.00393196
195    0.00390345
196    0.00389675
197    0.00392126
198    0.00393552
199    0.00388294
200    0.0038963
201    0.00392811
202    0.00390794
203    0.00391235
204    0.0039155
205    0.00391336
206    0.00391979
207    0.00390001
208    0.00390393
209    0.00387802
210    0.00392619
211    0.00389143
212    0.00390756
213    0.00390028
214    0.00390647
215    0.00390246
216    0.00391516
217    0.00389319
218    0.00391917
219    0.00388362
220    0.00388899
221    0.0038945
222    0.00392538
223    0.00389442
224    0.00393433
225    0.00391455
226    0.00392397
227    0.00390685
228    0.00391668
229    0.00389777
230    0.00392848
231    0.00391488
232    0.0039198
233    0.00391939
234    0.00389815
235    0.00388312
236    0.00389569
237    0.00389854
238    0.00388471
239    0.00389957
240    0.00390324
241    0.00392712
242    0.00391134
243    0.0039067
244    0.00391657
245    0.00391729
246    0.00390903
247    0.00391803
248    0.00391663
249    0.00390052
250    0.0039096
251    0.00392799
252    0.00394592
253    0.00390074
254    0.00390772
255    0.00393126
