0    0.0039054
1    0.00390432
2    0.00387883
3    0.00389057
4    0.0039013
5    0.00390339
6    0.0039166
7    0.00394077
8    0.00389379
9    0.00389863
10    0.00390497
11    0.00388475
12    0.00390447
13    0.00391263
14    0.00389802
15    0.00389442
16    0.00389718
17    0.00388127
18    0.00389864
19    0.0039098
20    0.00387623
21    0.0038814
22    0.00390398
23    0.00393458
24    0.00391875
25    0.00392139
26    0.00391812
27    0.00392487
28    0.00389248
29    0.00391378
30    0.0039085
31    0.00388899
32    0.00386264
33    0.00391713
34    0.003917
35    0.00391479
36    0.00389398
37    0.00392423
38    0.00391521
39    0.00389814
40    0.00389536
41    0.00390212
42    0.00392705
43    0.00389665
44    0.00391028
45    0.00390189
46    0.00387868
47    0.00390765
48    0.00391393
49    0.00390285
50    0.00390064
51    0.00393325
52    0.00392293
53    0.00388872
54    0.00388355
55    0.00391874
56    0.00391802
57    0.00390671
58    0.00391049
59    0.00388419
60    0.00392714
61    0.00391702
62    0.00388006
63    0.00394393
64    0.00392769
65    0.0038998
66    0.00388542
67    0.00390392
68    0.0038832
69    0.00392097
70    0.00391103
71    0.00391034
72    0.00388126
73    0.00393072
74    0.00389868
75    0.00388722
76    0.00390004
77    0.00392617
78    0.00391277
79    0.00391441
80    0.00392104
81    0.00389022
82    0.00389369
83    0.00391148
84    0.00392913
85    0.00390416
86    0.00391435
87    0.00390653
88    0.00388713
89    0.00388565
90    0.00388646
91    0.00388964
92    0.00389924
93    0.0039122
94    0.00390976
95    0.00393177
96    0.00390958
97    0.00388556
98    0.00390898
99    0.00387775
100    0.00387479
101    0.00389444
102    0.003899
103    0.00390658
104    0.00391835
105    0.00391874
106    0.00393539
107    0.00391592
108    0.00391245
109    0.00390618
110    0.00387862
111    0.00389732
112    0.00391709
113    0.00392293
114    0.00391392
115    0.00391728
116    0.00390716
117    0.00389788
118    0.00391765
119    0.00393091
120    0.00388648
121    0.00390841
122    0.00390059
123    0.00389136
124    0.00388793
125    0.00388956
126    0.0039131
127    0.00390071
128    0.00391486
129    0.00392246
130    0.0039099
131    0.00391308
132    0.00390689
133    0.0039173
134    0.00389148
135    0.00390512
136    0.00390221
137    0.0039205
138    0.00389875
139    0.00392909
140    0.00391152
141    0.00389417
142    0.00392224
143    0.00393631
144    0.00391114
145    0.00390401
146    0.00391475
147    0.00390139
148    0.00389283
149    0.00389957
150    0.00387984
151    0.00391731
152    0.00391307
153    0.00395832
154    0.00389992
155    0.00390853
156    0.00392394
157    0.00390945
158    0.00389265
159    0.00392028
160    0.00389715
161    0.00389208
162    0.00389459
163    0.00387748
164    0.00392968
165    0.00388135
166    0.00391561
167    0.00391113
168    0.00388512
169    0.00390447
170    0.00391785
171    0.00391016
172    0.00389884
173    0.00391576
174    0.00391595
175    0.00391442
176    0.00390183
177    0.00392878
178    0.00392462
179    0.00389734
180    0.00390694
181    0.00388965
182    0.00388068
183    0.00389187
184    0.00389538
185    0.0039071
186    0.00391536
187    0.00388832
188    0.00391457
189    0.00389119
190    0.0039008
191    0.00389541
192    0.00388533
193    0.00389413
194    0.00388649
195    0.00390716
196    0.00391034
197    0.00390407
198    0.00392574
199    0.00391368
200    0.0039117
201    0.0039054
202    0.00392159
203    0.0038933
204    0.00388752
205    0.00389972
206    0.00391532
207    0.00390375
208    0.00391676
209    0.0039199
210    0.00389128
211    0.00391199
212    0.00390258
213    0.00389979
214    0.00391136
215    0.00394799
216    0.00388258
217    0.00390327
218    0.00389625
219    0.00390939
220    0.00389551
221    0.00388168
222    0.00389082
223    0.00391316
224    0.00392313
225    0.003907
226    0.00391486
227    0.00389975
228    0.00392565
229    0.00393113
230    0.00393773
231    0.00388172
232    0.00389739
233    0.00392465
234    0.00393773
235    0.00389043
236    0.00390779
237    0.00390569
238    0.00390013
239    0.00392752
240    0.00390345
241    0.00392554
242    0.00389124
243    0.00390408
244    0.00387788
245    0.00390036
246    0.00390422
247    0.00391293
248    0.00392209
249    0.00392675
250    0.00390821
251    0.00392085
252    0.0039365
253    0.00392299
254    0.00390088
255    0.00392939
