0    0.00391352
1    0.0038978
2    0.0039084
3    0.00390221
4    0.00389539
5    0.00390899
6    0.00392328
7    0.0038923
8    0.00391151
9    0.00390716
10    0.00387849
11    0.00391987
12    0.00389437
13    0.00392897
14    0.00390131
15    0.00391419
16    0.00391032
17    0.00390865
18    0.00390816
19    0.00389417
20    0.00391797
21    0.00393439
22    0.00393725
23    0.00391683
24    0.00389125
25    0.00390411
26    0.00389731
27    0.00389931
28    0.00390285
29    0.0038848
30    0.00392112
31    0.00390808
32    0.00392051
33    0.00392254
34    0.0038924
35    0.00387932
36    0.00390726
37    0.00391517
38    0.00390653
39    0.00391396
40    0.00388318
41    0.00387463
42    0.00391685
43    0.0039101
44    0.00388991
45    0.00390789
46    0.00392916
47    0.00393919
48    0.0039064
49    0.0039033
50    0.00389088
51    0.00389275
52    0.00390064
53    0.00389615
54    0.00390709
55    0.00390269
56    0.00391137
57    0.00391485
58    0.00391648
59    0.00388755
60    0.00390796
61    0.00390919
62    0.00389613
63    0.00393832
64    0.00392027
65    0.00389419
66    0.00390413
67    0.003918
68    0.00391113
69    0.00388706
70    0.00389863
71    0.00390409
72    0.00387387
73    0.00391722
74    0.00391536
75    0.00390581
76    0.00389637
77    0.00390231
78    0.00393038
79    0.00391989
80    0.00395529
81    0.00388534
82    0.00390464
83    0.00391766
84    0.00390597
85    0.00388488
86    0.00391526
87    0.00391391
88    0.00391661
89    0.00390949
90    0.00390756
91    0.00390208
92    0.00389831
93    0.00392183
94    0.00390691
95    0.00391353
96    0.0039037
97    0.00390555
98    0.0038914
99    0.00388951
100    0.00392251
101    0.00390659
102    0.00390017
103    0.00390786
104    0.00392254
105    0.00391356
106    0.00392916
107    0.003897
108    0.00391258
109    0.00388629
110    0.00389285
111    0.00390635
112    0.00388456
113    0.00393384
114    0.00391361
115    0.00389418
116    0.00391191
117    0.00391409
118    0.00391441
119    0.00391431
120    0.00391587
121    0.00388687
122    0.00391435
123    0.00391956
124    0.00391388
125    0.00391969
126    0.00390931
127    0.00391494
128    0.00389276
129    0.00389878
130    0.00390454
131    0.00388375
132    0.00388233
133    0.00391236
134    0.00389628
135    0.00389892
136    0.00390223
137    0.00388832
138    0.00390545
139    0.00387525
140    0.00392668
141    0.00389331
142    0.00390762
143    0.00391207
144    0.00389157
145    0.00389151
146    0.00389121
147    0.00392161
148    0.0039069
149    0.00389
150    0.00389893
151    0.00387825
152    0.00390636
153    0.00388196
154    0.00391901
155    0.00392744
156    0.00393117
157    0.0039105
158    0.00392324
159    0.00390836
160    0.00392682
161    0.00389469
162    0.00391634
163    0.00390203
164    0.00392186
165    0.00389883
166    0.00388978
167    0.00385253
168    0.00390996
169    0.00391321
170    0.00390885
171    0.00391377
172    0.00389986
173    0.00388625
174    0.00389057
175    0.0039001
176    0.00391593
177    0.00392123
178    0.00387389
179    0.00388169
180    0.00386808
181    0.00390572
182    0.00391628
183    0.0038922
184    0.00388815
185    0.00387713
186    0.00389665
187    0.00390295
188    0.00392215
189    0.00389242
190    0.00389753
191    0.00387756
192    0.00392098
193    0.00392203
194    0.00394229
195    0.00391124
196    0.00390732
197    0.00392791
198    0.00391655
199    0.00389617
200    0.00393226
201    0.00391939
202    0.00392315
203    0.00389278
204    0.00390404
205    0.00390039
206    0.00390653
207    0.00390415
208    0.00392269
209    0.00387962
210    0.00389188
211    0.00390955
212    0.00391456
213    0.00391147
214    0.00390813
215    0.00391753
216    0.00389508
217    0.00391349
218    0.00391585
219    0.00389794
220    0.00392442
221    0.0039037
222    0.00389106
223    0.00389141
224    0.00392857
225    0.0039211
226    0.00394424
227    0.0039299
228    0.00391387
229    0.00389829
230    0.00386914
231    0.00392228
232    0.00390815
233    0.00391416
234    0.00390146
235    0.00394042
236    0.00390067
237    0.00391384
238    0.00391053
239    0.00390647
240    0.003888
241    0.00391147
242    0.00390174
243    0.0039202
244    0.00390981
245    0.00389381
246    0.00389611
247    0.00388546
248    0.00395249
249    0.00390411
250    0.00390273
251    0.00390388
252    0.00391276
253    0.0039181
254    0.00389298
255    0.00390831
