0    0.00390579
1    0.00389379
2    0.00392752
3    0.0038923
4    0.00389008
5    0.00391349
6    0.00393848
7    0.00390499
8    0.0039032
9    0.00390842
10    0.00388353
11    0.00391542
12    0.00391434
13    0.0038942
14    0.00389781
15    0.00388321
16    0.00392733
17    0.00393635
18    0.00390832
19    0.00392043
20    0.00390454
21    0.00390177
22    0.00393131
23    0.00391801
24    0.00389162
25    0.00390782
26    0.00389929
27    0.00390405
28    0.00391375
29    0.00390952
30    0.00389387
31    0.00392718
32    0.00390019
33    0.00391351
34    0.00390873
35    0.00389074
36    0.00390889
37    0.00390721
38    0.00388621
39    0.00390754
40    0.00392287
41    0.0038991
42    0.00393107
43    0.003904
44    0.00390585
45    0.00393081
46    0.00390642
47    0.00387257
48    0.00390462
49    0.00388114
50    0.00388971
51    0.00390317
52    0.00389346
53    0.00390331
54    0.00387108
55    0.00392005
56    0.00390292
57    0.0039014
58    0.00390647
59    0.00388514
60    0.00391828
61    0.00388637
62    0.00389876
63    0.00394871
64    0.00391669
65    0.00391412
66    0.00390959
67    0.00390498
68    0.00391959
69    0.0039098
70    0.00390663
71    0.00394074
72    0.00388159
73    0.00391045
74    0.00389648
75    0.00391114
76    0.00391782
77    0.00392243
78    0.00386651
79    0.00388641
80    0.00390167
81    0.00391187
82    0.00388982
83    0.00389956
84    0.00391385
85    0.00390482
86    0.00389902
87    0.00386499
88    0.00388785
89    0.00388459
90    0.00389251
91    0.00386812
92    0.00391482
93    0.00389994
94    0.00387322
95    0.00388527
96    0.00389497
97    0.00389999
98    0.00389474
99    0.00388008
100    0.0039093
101    0.00389675
102    0.00392027
103    0.00391443
104    0.00387448
105    0.00391593
106    0.00388609
107    0.00391775
108    0.00388741
109    0.00390479
110    0.0038837
111    0.00391924
112    0.00391636
113    0.00391767
114    0.00390029
115    0.00390336
116    0.00389822
117    0.00390671
118    0.0038934
119    0.00391148
120    0.00389847
121    0.00391545
122    0.00389845
123    0.00389642
124    0.00389753
125    0.00392551
126    0.00393757
127    0.00390742
128    0.00392439
129    0.00391337
130    0.00393008
131    0.00390609
132    0.00390712
133    0.00389225
134    0.00390026
135    0.00390385
136    0.00389879
137    0.00391931
138    0.00389643
139    0.00390101
140    0.00391305
141    0.0038761
142    0.00390762
143    0.00390893
144    0.00391433
145    0.0039049
146    0.00390219
147    0.00390605
148    0.0039199
149    0.00391325
150    0.00390852
151    0.00392387
152    0.00393713
153    0.00390232
154    0.00390941
155    0.00393184
156    0.00393286
157    0.00391656
158    0.00390579
159    0.00390422
160    0.00390004
161    0.00392095
162    0.00390787
163    0.00389513
164    0.00391173
165    0.003907
166    0.00391059
167    0.00391128
168    0.00390484
169    0.00393674
170    0.00392032
171    0.00390159
172    0.00388183
173    0.00390121
174    0.00389966
175    0.00390805
176    0.00390933
177    0.00392882
178    0.00390077
179    0.00390266
180    0.00389729
181    0.00393735
182    0.00390465
183    0.00391896
184    0.00392057
185    0.00389748
186    0.00391792
187    0.00388915
188    0.00393404
189    0.00391788
190    0.00388322
191    0.003918
192    0.00388676
193    0.00390514
194    0.00393314
195    0.00390252
196    0.00393
197    0.00390252
198    0.00390225
199    0.00390696
200    0.00389445
201    0.00389908
202    0.00389634
203    0.00392747
204    0.00389673
205    0.00388794
206    0.00388208
207    0.00390167
208    0.00389083
209    0.00391482
210    0.0038997
211    0.00390853
212    0.00388954
213    0.00392741
214    0.00393583
215    0.00392767
216    0.00389702
217    0.00391963
218    0.00391209
219    0.003906
220    0.00386806
221    0.00388657
222    0.00393413
223    0.00389693
224    0.00391765
225    0.00392467
226    0.00390999
227    0.00391094
228    0.00391953
229    0.00389169
230    0.00391941
231    0.00391924
232    0.00393395
233    0.003916
234    0.00390039
235    0.0038949
236    0.00393092
237    0.00392923
238    0.0038972
239    0.00391483
240    0.00389899
241    0.00389989
242    0.00388234
243    0.00390184
244    0.00391965
245    0.00391427
246    0.00391763
247    0.0039031
248    0.00390992
249    0.00392152
250    0.00389691
251    0.003912
252    0.00387818
253    0.00392284
254    0.00391019
255    0.00387861
