0    0.00393678
1    0.00389839
2    0.00392168
3    0.00390584
4    0.00390094
5    0.00389808
6    0.0038962
7    0.00390723
8    0.00392333
9    0.00390486
10    0.00392453
11    0.00389488
12    0.00387109
13    0.00390588
14    0.00391008
15    0.00389822
16    0.00388824
17    0.00388432
18    0.00392783
19    0.00390878
20    0.0039049
21    0.00392824
22    0.00388359
23    0.00391865
24    0.00390258
25    0.00391018
26    0.00391315
27    0.00387146
28    0.0039076
29    0.0038988
30    0.00390978
31    0.00391082
32    0.00392331
33    0.00390073
34    0.00393191
35    0.00390713
36    0.00394212
37    0.00391524
38    0.00390864
39    0.00391278
40    0.00391304
41    0.00392871
42    0.00394094
43    0.00390547
44    0.00389134
45    0.00389088
46    0.00392304
47    0.00389848
48    0.00393693
49    0.00391966
50    0.00391285
51    0.00392172
52    0.00390988
53    0.00391187
54    0.00391413
55    0.00389988
56    0.00392256
57    0.00387608
58    0.00391472
59    0.00390669
60    0.00391641
61    0.00391412
62    0.00390593
63    0.00388052
64    0.00390048
65    0.00389357
66    0.003894
67    0.0039466
68    0.00387693
69    0.00388971
70    0.00389242
71    0.00390804
72    0.003924
73    0.00389438
74    0.00389681
75    0.00392368
76    0.00389607
77    0.00389235
78    0.00389413
79    0.00391527
80    0.00395238
81    0.00389528
82    0.00391302
83    0.00392059
84    0.00390751
85    0.00391627
86    0.00389296
87    0.00391792
88    0.00390017
89    0.00387022
90    0.00391353
91    0.00390525
92    0.00390881
93    0.00389768
94    0.00391363
95    0.00393732
96    0.00389194
97    0.00391046
98    0.00389039
99    0.00390292
100    0.0038788
101    0.0038916
102    0.00388081
103    0.00390723
104    0.00386002
105    0.00391392
106    0.00391385
107    0.00390882
108    0.00390019
109    0.00391075
110    0.00388617
111    0.00390772
112    0.0038966
113    0.00394952
114    0.00388198
115    0.00390116
116    0.00391124
117    0.0038979
118    0.00392533
119    0.00391817
120    0.00388318
121    0.00392564
122    0.0039142
123    0.00391274
124    0.00390299
125    0.00391256
126    0.00391285
127    0.0039036
128    0.00391906
129    0.00392965
130    0.00390035
131    0.00388593
132    0.00389367
133    0.00390523
134    0.00391161
135    0.00391043
136    0.00389641
137    0.00389205
138    0.00389713
139    0.00387935
140    0.00389093
141    0.00389006
142    0.00392697
143    0.00389475
144    0.00388648
145    0.00390653
146    0.00388282
147    0.00392783
148    0.00391002
149    0.00392164
150    0.00390737
151    0.00390664
152    0.00389819
153    0.00390373
154    0.0039101
155    0.00389802
156    0.00390788
157    0.0039098
158    0.00390157
159    0.00390943
160    0.00391233
161    0.00390749
162    0.00392741
163    0.00389717
164    0.00389083
165    0.00391302
166    0.00391591
167    0.00388837
168    0.00388395
169    0.00388854
170    0.00388412
171    0.00388226
172    0.00390644
173    0.00389043
174    0.00389059
175    0.00389501
176    0.00390145
177    0.00392811
178    0.0039105
179    0.00389186
180    0.00389417
181    0.00388052
182    0.00393579
183    0.00391384
184    0.00389229
185    0.00392644
186    0.00389059
187    0.00389333
188    0.00391918
189    0.00389562
190    0.00390884
191    0.00392769
192    0.0039122
193    0.00391091
194    0.00390488
195    0.00388892
196    0.00391093
197    0.00390255
198    0.00390517
199    0.00389615
200    0.00388705
201    0.00385891
202    0.00391444
203    0.00389662
204    0.00392823
205    0.0038922
206    0.00389454
207    0.00389395
208    0.00390969
209    0.00387773
210    0.00395043
211    0.00388903
212    0.00389896
213    0.00389724
214    0.00394735
215    0.00391021
216    0.00387816
217    0.00393077
218    0.00390799
219    0.00392286
220    0.00392877
221    0.00391885
222    0.00389432
223    0.0038757
224    0.00388226
225    0.00388793
226    0.00388998
227    0.00389672
228    0.00389027
229    0.00389563
230    0.00389897
231    0.00388088
232    0.00390776
233    0.00391642
234    0.00392594
235    0.0039373
236    0.00389677
237    0.00394234
238    0.00392684
239    0.00391239
240    0.00392042
241    0.00392768
242    0.00391516
243    0.0039394
244    0.00391836
245    0.00391066
246    0.00392559
247    0.00389965
248    0.00391497
249    0.00389791
250    0.0039275
251    0.00393196
252    0.00392378
253    0.00390406
254    0.00390949
255    0.00394274
