0    0.00390364
1    0.00393895
2    0.00392536
3    0.00389093
4    0.00390557
5    0.00390735
6    0.00391419
7    0.00391358
8    0.0039147
9    0.00392216
10    0.00389713
11    0.00392758
12    0.00391523
13    0.00394079
14    0.00393143
15    0.00389772
16    0.00392318
17    0.00387512
18    0.00390277
19    0.00389997
20    0.00390364
21    0.00390119
22    0.00390964
23    0.00390719
24    0.0039212
25    0.00390104
26    0.00390544
27    0.00389602
28    0.00392209
29    0.00392467
30    0.00390381
31    0.00393639
32    0.00391511
33    0.00389776
34    0.00390377
35    0.00388951
36    0.00390564
37    0.00390316
38    0.00390247
39    0.00390016
40    0.00389631
41    0.00389823
42    0.00392279
43    0.00391126
44    0.00389193
45    0.00389709
46    0.00389948
47    0.0039107
48    0.00389572
49    0.00392623
50    0.00387124
51    0.00389847
52    0.00392765
53    0.0039172
54    0.00391775
55    0.00391356
56    0.00388752
57    0.00391347
58    0.00390582
59    0.00390269
60    0.0039212
61    0.00392067
62    0.00389433
63    0.0039022
64    0.0039234
65    0.0039114
66    0.00391783
67    0.00391143
68    0.00394707
69    0.00391973
70    0.00390008
71    0.00392107
72    0.00392251
73    0.00388112
74    0.00387905
75    0.00389832
76    0.00390306
77    0.00388853
78    0.00388748
79    0.00391034
80    0.00392254
81    0.00389224
82    0.00389281
83    0.00390832
84    0.00390781
85    0.00390132
86    0.00391142
87    0.00389638
88    0.0038953
89    0.00389881
90    0.00390054
91    0.00389265
92    0.00389027
93    0.00391659
94    0.00392491
95    0.0039096
96    0.00391253
97    0.00391812
98    0.00392319
99    0.00391177
100    0.00390105
101    0.00390753
102    0.00389912
103    0.00389926
104    0.00391063
105    0.00391902
106    0.00392226
107    0.00392154
108    0.00391123
109    0.00392628
110    0.00390495
111    0.00389733
112    0.00390334
113    0.00391936
114    0.00388377
115    0.00390479
116    0.00389151
117    0.00390436
118    0.00391442
119    0.00390586
120    0.00391369
121    0.00389675
122    0.00391223
123    0.00391483
124    0.00390911
125    0.00391448
126    0.00392011
127    0.00390441
128    0.00388407
129    0.00392052
130    0.0038821
131    0.00391793
132    0.00392418
133    0.00392884
134    0.00387586
135    0.00390966
136    0.0038937
137    0.00390396
138    0.00389865
139    0.00389191
140    0.00389265
141    0.00391316
142    0.00388979
143    0.00390201
144    0.00391917
145    0.00392893
146    0.00391745
147    0.00389798
148    0.00391204
149    0.00391233
150    0.00391159
151    0.00390492
152    0.00386924
153    0.00387118
154    0.00392904
155    0.00392725
156    0.00392199
157    0.00391579
158    0.00390275
159    0.00389286
160    0.00389571
161    0.00390427
162    0.00390751
163    0.00390448
164    0.00392791
165    0.00388832
166    0.0038889
167    0.00390096
168    0.0038801
169    0.00387943
170    0.00391608
171    0.00391171
172    0.0038936
173    0.00389306
174    0.00390837
175    0.00390452
176    0.00391413
177    0.0039059
178    0.00390603
179    0.00388888
180    0.00390191
181    0.00389665
182    0.00387611
183    0.00389707
184    0.00393113
185    0.00388676
186    0.00390296
187    0.00391297
188    0.0038863
189    0.00387986
190    0.00388975
191    0.00388905
192    0.00394414
193    0.00389984
194    0.00390942
195    0.00391676
196    0.00390404
197    0.00389226
198    0.00390964
199    0.00393693
200    0.00390399
201    0.00391292
202    0.00392953
203    0.00387052
204    0.0038971
205    0.00389119
206    0.00390171
207    0.00392713
208    0.00392664
209    0.00388573
210    0.00391218
211    0.00391898
212    0.0039109
213    0.00390963
214    0.00391247
215    0.00390961
216    0.00389056
217    0.00389827
218    0.00389708
219    0.00389943
220    0.00392642
221    0.00390232
222    0.00392055
223    0.00389975
224    0.0039255
225    0.00388894
226    0.00389747
227    0.00389842
228    0.00391133
229    0.00390959
230    0.00391873
231    0.00392708
232    0.00392802
233    0.00391207
234    0.00390502
235    0.00390002
236    0.00391526
237    0.00389937
238    0.00387058
239    0.00391532
240    0.00388375
241    0.00390175
242    0.00392088
243    0.00388973
244    0.00389291
245    0.00389632
246    0.00391743
247    0.00390655
248    0.00390145
249    0.00390827
250    0.00392812
251    0.00386387
252    0.00391884
253    0.00391174
254    0.003903
255    0.00390756
