0    0.00392452
1    0.00387811
2    0.00389746
3    0.00387459
4    0.00387761
5    0.0039004
6    0.00389864
7    0.00391718
8    0.00387579
9    0.00391368
10    0.00388344
11    0.0039023
12    0.00390748
13    0.00389839
14    0.00390502
15    0.00393181
16    0.00391538
17    0.00392122
18    0.0039068
19    0.00389249
20    0.00390087
21    0.00392473
22    0.00389606
23    0.00389752
24    0.00390984
25    0.0038928
26    0.00392322
27    0.00391667
28    0.00392267
29    0.0038951
30    0.00389434
31    0.0039031
32    0.00392123
33    0.00392693
34    0.00389615
35    0.0039232
36    0.00390924
37    0.0038977
38    0.00390745
39    0.00387509
40    0.00391279
41    0.00393425
42    0.00390698
43    0.00391545
44    0.00390272
45    0.00390767
46    0.00391303
47    0.00389469
48    0.00390567
49    0.00391359
50    0.00389325
51    0.00391524
52    0.00389303
53    0.00390908
54    0.00390618
55    0.00390173
56    0.00389143
57    0.00390478
58    0.0039101
59    0.00391404
60    0.00390521
61    0.00388677
62    0.00388459
63    0.00390481
64    0.00393217
65    0.00392955
66    0.00391922
67    0.00390901
68    0.00391843
69    0.0038977
70    0.00389693
71    0.00393412
72    0.00392945
73    0.00390133
74    0.0039246
75    0.0039239
76    0.00391295
77    0.00393334
78    0.0039099
79    0.00390519
80    0.00390046
81    0.00390007
82    0.00386907
83    0.00390425
84    0.00390807
85    0.0039092
86    0.0039339
87    0.00391072
88    0.00390094
89    0.00393207
90    0.00391855
91    0.00392209
92    0.00393233
93    0.00390772
94    0.0038964
95    0.00388526
96    0.00389157
97    0.00390757
98    0.00389519
99    0.00387269
100    0.00390177
101    0.00391573
102    0.00391697
103    0.00393944
104    0.00390607
105    0.00390003
106    0.00389098
107    0.00390968
108    0.00390078
109    0.00389851
110    0.00391788
111    0.00391251
112    0.00390881
113    0.00391273
114    0.00390982
115    0.00391868
116    0.00386689
117    0.0039181
118    0.0039105
119    0.00387483
120    0.00388811
121    0.00391395
122    0.00391882
123    0.00392656
124    0.0039203
125    0.00392675
126    0.00390464
127    0.00389242
128    0.00390862
129    0.0039334
130    0.00390725
131    0.00391568
132    0.00390397
133    0.00388863
134    0.00389756
135    0.00392999
136    0.00391171
137    0.00391582
138    0.00386979
139    0.00388712
140    0.00391014
141    0.00389767
142    0.0039175
143    0.00389317
144    0.0038858
145    0.00390972
146    0.00390615
147    0.00390023
148    0.00393838
149    0.00388215
150    0.0039038
151    0.00390101
152    0.00390183
153    0.0039141
154    0.00388073
155    0.00389483
156    0.00390529
157    0.00390962
158    0.00390254
159    0.00391746
160    0.00391195
161    0.0038985
162    0.00390396
163    0.00390965
164    0.00392525
165    0.00391842
166    0.00392392
167    0.00387197
168    0.00391396
169    0.0039125
170    0.00389658
171    0.00390321
172    0.00392012
173    0.00390303
174    0.00390361
175    0.00389864
176    0.00388793
177    0.00390062
178    0.00391608
179    0.00394003
180    0.00390042
181    0.00391329
182    0.0038704
183    0.00389615
184    0.00390167
185    0.00389006
186    0.0038901
187    0.00388603
188    0.00390507
189    0.00392774
190    0.00389035
191    0.00392543
192    0.00389093
193    0.00389924
194    0.00389021
195    0.00388965
196    0.0039214
197    0.00389894
198    0.0039122
199    0.0039209
200    0.00389142
201    0.00391917
202    0.00390358
203    0.00389421
204    0.0039237
205    0.0038831
206    0.00391214
207    0.00391702
208    0.003914
209    0.00391975
210    0.00390041
211    0.00389444
212    0.00392828
213    0.00389068
214    0.00393678
215    0.0039233
216    0.00388875
217    0.00389085
218    0.00389581
219    0.00390768
220    0.00388354
221    0.00389481
222    0.00392772
223    0.00389929
224    0.00390902
225    0.00393698
226    0.00390509
227    0.00388952
228    0.00389862
229    0.00389372
230    0.00391107
231    0.00390286
232    0.00391364
233    0.00392268
234    0.00390804
235    0.00389799
236    0.00390442
237    0.00391839
238    0.0039241
239    0.00392739
240    0.00390263
241    0.00392551
242    0.0039122
243    0.0038774
244    0.00390326
245    0.00392412
246    0.0039122
247    0.0038896
248    0.00389942
249    0.00388191
250    0.00390889
251    0.00390245
252    0.00389258
253    0.00390424
254    0.00392284
255    0.00393356
