0    0.00390211
1    0.0038825
2    0.00389032
3    0.00390852
4    0.00389888
5    0.00392641
6    0.0038957
7    0.00388828
8    0.00388418
9    0.00390753
10    0.0039412
11    0.00388802
12    0.0039016
13    0.00386947
14    0.00388321
15    0.00390535
16    0.00390019
17    0.00389663
18    0.00388904
19    0.00389665
20    0.00390439
21    0.00390613
22    0.00390566
23    0.00389664
24    0.00391684
25    0.00391151
26    0.00389199
27    0.00390411
28    0.00390816
29    0.00391782
30    0.00389711
31    0.00388548
32    0.00389642
33    0.00389725
34    0.00394188
35    0.00389914
36    0.00391659
37    0.00392687
38    0.00387914
39    0.00390151
40    0.00388306
41    0.00393838
42    0.00390498
43    0.00388803
44    0.0038978
45    0.00390419
46    0.00388578
47    0.00392908
48    0.00389072
49    0.00391582
50    0.00389902
51    0.00389881
52    0.00389585
53    0.00392287
54    0.0038866
55    0.00391101
56    0.00392618
57    0.00389173
58    0.00388308
59    0.00386455
60    0.00391492
61    0.00390729
62    0.00389172
63    0.0039093
64    0.00387283
65    0.00389749
66    0.00389593
67    0.00393478
68    0.00392
69    0.00390693
70    0.00389474
71    0.00390552
72    0.00388296
73    0.0039099
74    0.00390058
75    0.00388284
76    0.0039103
77    0.00391168
78    0.00387874
79    0.00389862
80    0.00391762
81    0.00393227
82    0.0039269
83    0.00391
84    0.00393025
85    0.00388789
86    0.00392463
87    0.00389322
88    0.00390864
89    0.00389929
90    0.00389184
91    0.00392441
92    0.0039062
93    0.00388846
94    0.00392701
95    0.00389702
96    0.00391044
97    0.0039065
98    0.00392555
99    0.00390855
100    0.0038769
101    0.00394244
102    0.00393452
103    0.00392609
104    0.00389884
105    0.0039257
106    0.00389152
107    0.00390593
108    0.00388075
109    0.00386431
110    0.00392175
111    0.00391224
112    0.00391603
113    0.00390452
114    0.00388652
115    0.00391104
116    0.00391272
117    0.00391334
118    0.00391252
119    0.00390708
120    0.0039084
121    0.0038862
122    0.00391535
123    0.00390231
124    0.00393141
125    0.00387404
126    0.00389501
127    0.00390442
128    0.00389691
129    0.00390762
130    0.0039199
131    0.0039149
132    0.00393323
133    0.0039186
134    0.00386656
135    0.00391169
136    0.00389939
137    0.00389309
138    0.00390085
139    0.00390855
140    0.00391298
141    0.00389633
142    0.00390155
143    0.00389136
144    0.00389504
145    0.00388842
146    0.00390084
147    0.00390373
148    0.00391845
149    0.00391587
150    0.00390896
151    0.00391863
152    0.0039203
153    0.00391356
154    0.00388963
155    0.00390022
156    0.00390562
157    0.00387664
158    0.00393659
159    0.00388836
160    0.00392484
161    0.00392598
162    0.00392228
163    0.00391331
164    0.00391724
165    0.00391444
166    0.0038907
167    0.00390505
168    0.0038909
169    0.00390527
170    0.00391728
171    0.0039043
172    0.00390002
173    0.00391669
174    0.00392853
175    0.00389263
176    0.00391894
177    0.00391284
178    0.00392456
179    0.00390471
180    0.00389683
181    0.00389626
182    0.00393367
183    0.00392772
184    0.00391275
185    0.00391453
186    0.00391278
187    0.00389737
188    0.00390044
189    0.00393164
190    0.00390439
191    0.00391472
192    0.0039146
193    0.00393968
194    0.00388214
195    0.00390846
196    0.00387358
197    0.003894
198    0.00391118
199    0.00392625
200    0.00392148
201    0.00390587
202    0.00392206
203    0.00391284
204    0.00389565
205    0.00389073
206    0.00389459
207    0.00391132
208    0.00391603
209    0.00392132
210    0.00389971
211    0.00388972
212    0.00388673
213    0.00390854
214    0.00391069
215    0.00391069
216    0.00390097
217    0.0039553
218    0.00391105
219    0.00387817
220    0.00389693
221    0.00392406
222    0.0039022
223    0.00393098
224    0.00393991
225    0.00389905
226    0.00391054
227    0.00392052
228    0.00390752
229    0.00391723
230    0.00390381
231    0.00391958
232    0.00392252
233    0.00390338
234    0.0039345
235    0.00389973
236    0.00388706
237    0.00391086
238    0.00388049
239    0.0039144
240    0.0039298
241    0.00392067
242    0.0038836
243    0.00390354
244    0.00389322
245    0.00391286
246    0.00389558
247    0.00391598
248    0.00393636
249    0.00392864
250    0.00391835
251    0.00390318
252    0.00388892
253    0.00388629
254    0.00391889
255    0.00393395
