0    0.00393571
1    0.00390866
2    0.00389276
3    0.00387422
4    0.00390371
5    0.00389021
6    0.00390555
7    0.00391494
8    0.00388377
9    0.00390742
10    0.00392937
11    0.00390855
12    0.0039086
13    0.00389452
14    0.00393438
15    0.00388249
16    0.00391527
17    0.00390964
18    0.00391982
19    0.00389305
20    0.00390931
21    0.0038823
22    0.00391004
23    0.00389744
24    0.00391973
25    0.00389465
26    0.00391489
27    0.00390795
28    0.00391483
29    0.00391619
30    0.00390375
31    0.0039092
32    0.00395555
33    0.00390125
34    0.00388526
35    0.00391003
36    0.00389125
37    0.00391344
38    0.00390886
39    0.00391622
40    0.00390497
41    0.00390054
42    0.00390193
43    0.00390496
44    0.00387431
45    0.00390419
46    0.00390052
47    0.00389672
48    0.00389148
49    0.00389684
50    0.00390193
51    0.00393757
52    0.00391699
53    0.00389943
54    0.00389803
55    0.00391465
56    0.00388914
57    0.00391077
58    0.0039143
59    0.00390754
60    0.0038975
61    0.00388535
62    0.00391726
63    0.00392079
64    0.00391114
65    0.00391921
66    0.00388257
67    0.00392585
68    0.003903
69    0.00386641
70    0.0038954
71    0.00390804
72    0.00391628
73    0.00387139
74    0.00391448
75    0.00390202
76    0.00392158
77    0.00391472
78    0.00393923
79    0.00390662
80    0.00390909
81    0.00389917
82    0.00389534
83    0.00391669
84    0.0038971
85    0.00389856
86    0.00389043
87    0.00389677
88    0.00391888
89    0.00388202
90    0.00389026
91    0.0039143
92    0.00389376
93    0.00391298
94    0.00389429
95    0.00388093
96    0.0039001
97    0.00389726
98    0.00388107
99    0.00390535
100    0.00391392
101    0.00395451
102    0.0038878
103    0.00392049
104    0.00389547
105    0.00391895
106    0.00390913
107    0.0038933
108    0.0039016
109    0.00391346
110    0.00390854
111    0.00389084
112    0.00391498
113    0.00391358
114    0.00391463
115    0.00390575
116    0.00391209
117    0.00389336
118    0.00393988
119    0.00390068
120    0.00389891
121    0.00386188
122    0.00388624
123    0.00390818
124    0.00391413
125    0.00389238
126    0.00389746
127    0.00391547
128    0.00390704
129    0.00388746
130    0.00389764
131    0.00391618
132    0.00393346
133    0.00387407
134    0.00392126
135    0.00390156
136    0.00390834
137    0.00392223
138    0.00393554
139    0.0039042
140    0.00391253
141    0.00390046
142    0.00390031
143    0.00390568
144    0.00391122
145    0.00392577
146    0.00389975
147    0.00389038
148    0.00390424
149    0.0038892
150    0.00391776
151    0.00393055
152    0.00391949
153    0.00390969
154    0.00389127
155    0.00390361
156    0.00387991
157    0.00389979
158    0.00390296
159    0.00390962
160    0.00392958
161    0.00389743
162    0.0039247
163    0.00391597
164    0.00392377
165    0.00389058
166    0.00391028
167    0.00392221
168    0.00392476
169    0.00390561
170    0.00390097
171    0.00391752
172    0.00390604
173    0.00394831
174    0.00390965
175    0.00392444
176    0.00391439
177    0.00392996
178    0.00391056
179    0.00389702
180    0.00390489
181    0.0038948
182    0.00390338
183    0.00392882
184    0.00390799
185    0.00389095
186    0.00390127
187    0.00392365
188    0.0038948
189    0.00387641
190    0.00390039
191    0.00392504
192    0.00389553
193    0.00390929
194    0.00392345
195    0.00390146
196    0.0039288
197    0.00390025
198    0.0038848
199    0.00389642
200    0.00390472
201    0.00390034
202    0.00389454
203    0.0039118
204    0.00389107
205    0.00389016
206    0.00391719
207    0.00388719
208    0.00391386
209    0.00391081
210    0.00390162
211    0.00390189
212    0.0038884
213    0.00389201
214    0.00391129
215    0.00393074
216    0.00389502
217    0.0039279
218    0.00389944
219    0.00391045
220    0.00389596
221    0.00390482
222    0.00392785
223    0.00391577
224    0.00388665
225    0.00391518
226    0.00390344
227    0.00392823
228    0.00388681
229    0.00391651
230    0.00392473
231    0.00390857
232    0.00388342
233    0.00390729
234    0.00389989
235    0.00391749
236    0.00390395
237    0.00392514
238    0.00390238
239    0.00391806
240    0.0039049
241    0.00387066
242    0.00392467
243    0.00390025
244    0.00392487
245    0.00391726
246    0.00392107
247    0.00389854
248    0.00390623
249    0.00390489
250    0.00393213
251    0.00392643
252    0.00390519
253    0.00388713
254    0.00387348
255    0.00392802
