0    0.00390878
1    0.00390317
2    0.003873
3    0.00392304
4    0.00387752
5    0.00390164
6    0.00389093
7    0.00390327
8    0.00390231
9    0.00388517
10    0.00391502
11    0.00391502
12    0.00391323
13    0.00390619
14    0.00389465
15    0.00393172
16    0.00391532
17    0.00389235
18    0.00390382
19    0.00390674
20    0.00392342
21    0.00390538
22    0.00390139
23    0.00389609
24    0.00391058
25    0.00389529
26    0.0039542
27    0.00392579
28    0.00390454
29    0.00392104
30    0.00391346
31    0.00388684
32    0.00392879
33    0.00391041
34    0.00388131
35    0.00390012
36    0.00389831
37    0.00391223
38    0.00390088
39    0.00389133
40    0.00393765
41    0.00391115
42    0.00392526
43    0.00390499
44    0.00390894
45    0.00390581
46    0.00393503
47    0.00392562
48    0.00390239
49    0.0039096
50    0.00388596
51    0.00387393
52    0.00391688
53    0.00393137
54    0.0039143
55    0.00395094
56    0.00390094
57    0.00388253
58    0.003922
59    0.00389455
60    0.00389478
61    0.00389948
62    0.00392644
63    0.00390807
64    0.00390911
65    0.00392273
66    0.00390049
67    0.00394219
68    0.00391027
69    0.00387619
70    0.00391582
71    0.00391428
72    0.00391479
73    0.0038986
74    0.00390206
75    0.00393697
76    0.00389722
77    0.00391268
78    0.00389774
79    0.00388939
80    0.00391761
81    0.00390642
82    0.00389016
83    0.00392531
84    0.00391387
85    0.00389294
86    0.00391236
87    0.00391029
88    0.00390171
89    0.00391724
90    0.00389086
91    0.00390865
92    0.00391096
93    0.00389655
94    0.00388229
95    0.00389792
96    0.00389186
97    0.00387967
98    0.0039083
99    0.00389855
100    0.00391628
101    0.00390964
102    0.00391303
103    0.00392251
104    0.00391394
105    0.00391553
106    0.00388941
107    0.00393223
108    0.00388548
109    0.00387546
110    0.00392697
111    0.0039134
112    0.00388451
113    0.00388368
114    0.00388634
115    0.00389504
116    0.00390762
117    0.00392182
118    0.00388754
119    0.00394329
120    0.00389547
121    0.00387959
122    0.0038872
123    0.00389829
124    0.00389148
125    0.00394807
126    0.00389413
127    0.00389798
128    0.00390417
129    0.00387733
130    0.00390888
131    0.00391419
132    0.00390242
133    0.00390861
134    0.00391942
135    0.00389566
136    0.00389858
137    0.00392141
138    0.0039049
139    0.00389572
140    0.0039128
141    0.0038972
142    0.00392835
143    0.0038984
144    0.00388933
145    0.00390472
146    0.00391012
147    0.00392203
148    0.00388831
149    0.00389847
150    0.00390546
151    0.00388451
152    0.00391912
153    0.00389357
154    0.00390201
155    0.00387647
156    0.00390795
157    0.00390787
158    0.0039116
159    0.00390747
160    0.00390376
161    0.00391861
162    0.0039131
163    0.00391567
164    0.003933
165    0.00392247
166    0.00391429
167    0.00391967
168    0.00386563
169    0.00390712
170    0.00389764
171    0.00391188
172    0.00391458
173    0.00390604
174    0.00388267
175    0.0039391
176    0.0039018
177    0.00391393
178    0.00390526
179    0.00389971
180    0.00388512
181    0.00389859
182    0.00389245
183    0.00389175
184    0.00390147
185    0.00390325
186    0.00392066
187    0.00391915
188    0.00387562
189    0.0039105
190    0.00391816
191    0.00390745
192    0.00388474
193    0.00391733
194    0.00389446
195    0.00392865
196    0.00389154
197    0.00390381
198    0.00391094
199    0.00388729
200    0.00390114
201    0.00389424
202    0.00392728
203    0.0038716
204    0.00390308
205    0.00390114
206    0.00390832
207    0.00387813
208    0.00390899
209    0.00390973
210    0.00391939
211    0.00388115
212    0.00390028
213    0.00389363
214    0.00392104
215    0.0039195
216    0.00393284
217    0.00388017
218    0.00388107
219    0.00393019
220    0.00389804
221    0.00392993
222    0.00390117
223    0.00390498
224    0.00389965
225    0.00389988
226    0.0038991
227    0.0039142
228    0.00388075
229    0.0039331
230    0.00391588
231    0.00392672
232    0.00391647
233    0.00389669
234    0.00390468
235    0.00392488
236    0.00391216
237    0.0039302
238    0.003915
239    0.00390895
240    0.0038928
241    0.00392008
242    0.00390332
243    0.0039037
244    0.00389689
245    0.00388913
246    0.00392826
247    0.00391062
248    0.00392549
249    0.00391888
250    0.00393831
251    0.00391328
252    0.00390992
253    0.00391702
254    0.00390932
255    0.00389884
