0    0.00390906
1    0.00387824
2    0.00388601
3    0.00387756
4    0.00391138
5    0.00390156
6    0.0039203
7    0.00390152
8    0.00390814
9    0.00388137
10    0.00391013
11    0.00389786
12    0.0038865
13    0.00392154
14    0.00389883
15    0.00391801
16    0.00389232
17    0.00393596
18    0.00389731
19    0.00391899
20    0.00391323
21    0.00391069
22    0.00389789
23    0.00390885
24    0.00392799
25    0.00392361
26    0.00389733
27    0.00389933
28    0.00390329
29    0.00389751
30    0.00390993
31    0.00388391
32    0.00390781
33    0.00389562
34    0.00391524
35    0.00391468
36    0.00390977
37    0.00391159
38    0.00389921
39    0.00389656
40    0.00389905
41    0.00391908
42    0.00393146
43    0.00392211
44    0.00389388
45    0.00388359
46    0.0038774
47    0.00389215
48    0.00393128
49    0.00392141
50    0.00391825
51    0.00391494
52    0.00389364
53    0.00386789
54    0.00388772
55    0.00390942
56    0.00388941
57    0.00392265
58    0.00390838
59    0.00388757
60    0.00388243
61    0.00390079
62    0.00390257
63    0.00390963
64    0.00391283
65    0.00389655
66    0.00387269
67    0.00389809
68    0.00390415
69    0.00389989
70    0.00389167
71    0.00388513
72    0.00392358
73    0.00391762
74    0.00391368
75    0.00389728
76    0.00390945
77    0.00393497
78    0.00388682
79    0.00390966
80    0.0038891
81    0.00391367
82    0.00389191
83    0.00389069
84    0.00391231
85    0.00389524
86    0.00391001
87    0.00390227
88    0.00390872
89    0.00391027
90    0.00392724
91    0.00387837
92    0.00388983
93    0.00389497
94    0.00393056
95    0.00390566
96    0.0039028
97    0.00391983
98    0.00389313
99    0.00389335
100    0.00390962
101    0.00390363
102    0.00388871
103    0.00389391
104    0.00392976
105    0.00389902
106    0.0039249
107    0.00390936
108    0.00388483
109    0.00389451
110    0.00390154
111    0.00387658
112    0.00390552
113    0.00393439
114    0.00391272
115    0.00391511
116    0.00389398
117    0.0039195
118    0.00389944
119    0.00391304
120    0.00391097
121    0.00390521
122    0.00387898
123    0.00388993
124    0.00389096
125    0.00390726
126    0.00386528
127    0.00389818
128    0.00388359
129    0.00391466
130    0.00390297
131    0.00389075
132    0.00392354
133    0.00392579
134    0.00390525
135    0.00388523
136    0.00389749
137    0.00390505
138    0.00389948
139    0.00390903
140    0.00390512
141    0.0038939
142    0.00388563
143    0.00390051
144    0.00389445
145    0.00391953
146    0.00391532
147    0.00390558
148    0.0039104
149    0.0039016
150    0.00392237
151    0.00387927
152    0.00393133
153    0.00387261
154    0.00390725
155    0.00390842
156    0.00393427
157    0.00391886
158    0.00391069
159    0.00389571
160    0.00389157
161    0.00388584
162    0.00391365
163    0.00392166
164    0.00391136
165    0.00393779
166    0.00389896
167    0.0038938
168    0.00392653
169    0.00389394
170    0.00389492
171    0.00393445
172    0.00390516
173    0.00391325
174    0.00390352
175    0.00389147
176    0.00390652
177    0.00391516
178    0.00392014
179    0.00389381
180    0.00390343
181    0.00390841
182    0.00390945
183    0.00392047
184    0.00389917
185    0.00387772
186    0.00391011
187    0.00393925
188    0.00390451
189    0.0039036
190    0.00389861
191    0.00391794
192    0.00393392
193    0.00391509
194    0.00392817
195    0.00391539
196    0.00390436
197    0.00391459
198    0.00392467
199    0.00391747
200    0.00389535
201    0.00394045
202    0.00392129
203    0.00392766
204    0.00388752
205    0.0039089
206    0.00392184
207    0.00391127
208    0.00390406
209    0.0039004
210    0.00389973
211    0.00388117
212    0.00389048
213    0.00391794
214    0.00390735
215    0.00390154
216    0.00393333
217    0.00388349
218    0.00392285
219    0.00390086
220    0.00391644
221    0.00388862
222    0.00392798
223    0.00393077
224    0.0038947
225    0.00390516
226    0.00390512
227    0.00388258
228    0.0039046
229    0.00392536
230    0.00392709
231    0.00391412
232    0.0039397
233    0.00388545
234    0.00392115
235    0.00391475
236    0.00389846
237    0.00389995
238    0.00390675
239    0.00392079
240    0.00390753
241    0.00391172
242    0.00391496
243    0.00390104
244    0.00390537
245    0.00391627
246    0.00390827
247    0.00395696
248    0.00392227
249    0.00393876
250    0.00391647
251    0.00392388
252    0.00391126
253    0.00392109
254    0.00390051
255    0.00390709
