0    0.00391248
1    0.00393815
2    0.00390412
3    0.0039069
4    0.00387879
5    0.00389688
6    0.00388253
7    0.00391348
8    0.00391146
9    0.00389638
10    0.00389714
11    0.00392341
12    0.00393331
13    0.00392375
14    0.00391909
15    0.00391605
16    0.003925
17    0.00388908
18    0.00388483
19    0.00389864
20    0.00390901
21    0.00389906
22    0.0039027
23    0.00391218
24    0.00389217
25    0.0039069
26    0.00389685
27    0.00391754
28    0.00389634
29    0.00391182
30    0.00392248
31    0.00391307
32    0.00390198
33    0.003899
34    0.00390187
35    0.00391458
36    0.00389296
37    0.00389127
38    0.00391358
39    0.00391676
40    0.00387932
41    0.00392213
42    0.00391655
43    0.00390726
44    0.00389132
45    0.00390729
46    0.00389402
47    0.00392206
48    0.00389012
49    0.00390895
50    0.00389736
51    0.00390339
52    0.00389545
53    0.00387176
54    0.00390341
55    0.00391099
56    0.00390646
57    0.00392026
58    0.00390101
59    0.00389315
60    0.00389423
61    0.00388043
62    0.0039042
63    0.00388636
64    0.00389232
65    0.00391884
66    0.00390862
67    0.00389137
68    0.0038771
69    0.00386884
70    0.00391253
71    0.00389435
72    0.00392063
73    0.00391456
74    0.00389975
75    0.00390649
76    0.0039062
77    0.00393437
78    0.00393046
79    0.00391829
80    0.00391766
81    0.00389807
82    0.00389975
83    0.0039118
84    0.003898
85    0.00389184
86    0.0038969
87    0.00389172
88    0.00393216
89    0.00388739
90    0.00391851
91    0.00389724
92    0.00392623
93    0.00391438
94    0.00387867
95    0.00393268
96    0.00388617
97    0.00390353
98    0.00392417
99    0.00389426
100    0.00391955
101    0.0038919
102    0.00391597
103    0.00388541
104    0.00387539
105    0.00390226
106    0.00390207
107    0.00389024
108    0.00391759
109    0.00391268
110    0.00391869
111    0.00390614
112    0.00388272
113    0.00391948
114    0.00389136
115    0.00391271
116    0.00389957
117    0.00391693
118    0.00392289
119    0.00389878
120    0.00390149
121    0.00390807
122    0.00391086
123    0.00392885
124    0.00392509
125    0.00389511
126    0.00388104
127    0.00392035
128    0.00390602
129    0.00390486
130    0.00387494
131    0.00391355
132    0.0039209
133    0.00390222
134    0.00390109
135    0.0039025
136    0.00390703
137    0.00388999
138    0.00392055
139    0.00391508
140    0.00387238
141    0.00390403
142    0.00388759
143    0.00388715
144    0.00390652
145    0.0039222
146    0.00389559
147    0.00387871
148    0.00390747
149    0.00390679
150    0.00389685
151    0.0039217
152    0.00392853
153    0.00389618
154    0.00390773
155    0.00393151
156    0.00389811
157    0.00391436
158    0.00391421
159    0.00392333
160    0.00389792
161    0.00391768
162    0.00386564
163    0.00391148
164    0.00390652
165    0.00390206
166    0.00389486
167    0.0038982
168    0.00390232
169    0.00389741
170    0.00391672
171    0.00390388
172    0.00392274
173    0.00389116
174    0.00391056
175    0.00390896
176    0.00392267
177    0.00389215
178    0.00392035
179    0.00390788
180    0.00389837
181    0.00388564
182    0.00392195
183    0.0039027
184    0.00389883
185    0.00389631
186    0.00391653
187    0.00390954
188    0.00392447
189    0.00389639
190    0.00389987
191    0.00388649
192    0.003919
193    0.00391096
194    0.00388639
195    0.00391284
196    0.00388761
197    0.00393138
198    0.00390271
199    0.00393841
200    0.0039031
201    0.00391475
202    0.00391647
203    0.00388737
204    0.0039123
205    0.00389288
206    0.00388391
207    0.00392087
208    0.00393611
209    0.00390562
210    0.00392629
211    0.00392034
212    0.00391123
213    0.00391588
214    0.00389103
215    0.00389302
216    0.00392014
217    0.00390918
218    0.0039118
219    0.00388839
220    0.00393266
221    0.00393466
222    0.00388663
223    0.0038989
224    0.00391485
225    0.00391236
226    0.00388566
227    0.0038907
228    0.00390517
229    0.00391412
230    0.00390458
231    0.00390175
232    0.00392201
233    0.00391593
234    0.00391298
235    0.00391218
236    0.00392422
237    0.0039
238    0.00392639
239    0.00390195
240    0.00389907
241    0.00391909
242    0.00392196
243    0.00390792
244    0.0039034
245    0.00394728
246    0.00390602
247    0.00392707
248    0.00389593
249    0.00391428
250    0.00391795
251    0.00392291
252    0.00393988
253    0.00389767
254    0.00391194
255    0.00391185
