0    0.00389571
1    0.00390937
2    0.00390278
3    0.00392102
4    0.00391494
5    0.00389551
6    0.00391562
7    0.00388209
8    0.00388904
9    0.00391082
10    0.003899
11    0.00390676
12    0.00388742
13    0.00392962
14    0.00390811
15    0.00390161
16    0.00389874
17    0.00392456
18    0.00390651
19    0.00390281
20    0.0038711
21    0.00387204
22    0.00389806
23    0.00390119
24    0.00390099
25    0.00389038
26    0.00390518
27    0.00389167
28    0.00393816
29    0.00390229
30    0.00390901
31    0.00391914
32    0.00389552
33    0.00390475
34    0.00391761
35    0.0039119
36    0.00390608
37    0.00394831
38    0.00388302
39    0.00388531
40    0.00393804
41    0.00388231
42    0.003922
43    0.00388452
44    0.00388959
45    0.00393115
46    0.0038997
47    0.00391762
48    0.00394477
49    0.00391313
50    0.00391195
51    0.00391176
52    0.00388216
53    0.0039159
54    0.00390461
55    0.00388736
56    0.00391054
57    0.00391866
58    0.00391376
59    0.00391426
60    0.00389426
61    0.003881
62    0.00390896
63    0.0039059
64    0.00390302
65    0.0039184
66    0.00388931
67    0.00393208
68    0.00389055
69    0.00391891
70    0.00390018
71    0.00392127
72    0.00391801
73    0.0039245
74    0.00390917
75    0.00391418
76    0.00390404
77    0.00388344
78    0.00388737
79    0.00391902
80    0.00391143
81    0.0039297
82    0.00388617
83    0.00392945
84    0.00392589
85    0.00390473
86    0.00386864
87    0.00392419
88    0.00387484
89    0.00390414
90    0.00389688
91    0.00390371
92    0.00388203
93    0.00390998
94    0.00392251
95    0.00393965
96    0.00389755
97    0.00391776
98    0.00388675
99    0.00391459
100    0.00389477
101    0.00388426
102    0.00391457
103    0.00390018
104    0.00388623
105    0.00392601
106    0.00389506
107    0.0038979
108    0.00390261
109    0.00389318
110    0.00391271
111    0.00392409
112    0.00389608
113    0.0038962
114    0.00388688
115    0.00389345
116    0.00389482
117    0.00394238
118    0.00389424
119    0.00393233
120    0.00392352
121    0.00388664
122    0.00392039
123    0.00389108
124    0.00390124
125    0.00390581
126    0.00387961
127    0.00393553
128    0.00393016
129    0.00390841
130    0.00392335
131    0.00392067
132    0.00390312
133    0.00390402
134    0.00390978
135    0.00388455
136    0.00389286
137    0.00391377
138    0.00390054
139    0.00389279
140    0.0039198
141    0.00388792
142    0.00392552
143    0.0039024
144    0.00392962
145    0.00387479
146    0.00390428
147    0.00389761
148    0.00391435
149    0.00389722
150    0.00391722
151    0.00390046
152    0.00390845
153    0.00389835
154    0.00389946
155    0.00391096
156    0.00391906
157    0.00390377
158    0.0039316
159    0.00390209
160    0.00387152
161    0.0039056
162    0.00391374
163    0.00392174
164    0.00388728
165    0.00391948
166    0.00389305
167    0.00390171
168    0.00390669
169    0.00391595
170    0.00389978
171    0.00393264
172    0.00390435
173    0.00389216
174    0.00392593
175    0.00390738
176    0.00391277
177    0.00390335
178    0.00391346
179    0.00391133
180    0.00390162
181    0.00392232
182    0.00390866
183    0.00390299
184    0.00389517
185    0.00391638
186    0.00390723
187    0.00390576
188    0.00390793
189    0.00389642
190    0.00391125
191    0.00392746
192    0.00390109
193    0.00391261
194    0.00388853
195    0.0039147
196    0.00391735
197    0.0039282
198    0.00388564
199    0.00392474
200    0.00389026
201    0.00387322
202    0.00393002
203    0.00389798
204    0.00391896
205    0.00391885
206    0.00391335
207    0.00390459
208    0.00390043
209    0.00390682
210    0.00391037
211    0.00390444
212    0.00391089
213    0.00392743
214    0.00391223
215    0.00391527
216    0.00389615
217    0.00391442
218    0.00391364
219    0.00390414
220    0.00391207
221    0.00391467
222    0.00389435
223    0.00391839
224    0.00387765
225    0.00387946
226    0.00389222
227    0.00388251
228    0.00391132
229    0.0039071
230    0.00392651
231    0.00390423
232    0.00392389
233    0.00390803
234    0.00389601
235    0.0038865
236    0.00391512
237    0.00389869
238    0.00391483
239    0.00392129
240    0.00387921
241    0.00392688
242    0.00390171
243    0.00388931
244    0.00387891
245    0.00393161
246    0.00394232
247    0.00391175
248    0.0039221
249    0.0038954
250    0.00388758
251    0.00392862
252    0.00389418
253    0.00391015
254    0.00389555
255    0.00389806
