0    0.00392027
1    0.00387846
2    0.0039056
3    0.0039228
4    0.00390783
5    0.00387007
6    0.00389543
7    0.00390886
8    0.00388611
9    0.00392093
10    0.00388715
11    0.00392982
12    0.00392328
13    0.00392891
14    0.00392019
15    0.00390789
16    0.00387615
17    0.00390183
18    0.00392698
19    0.00392033
20    0.00392609
21    0.00395201
22    0.00390324
23    0.00386375
24    0.00390031
25    0.00391608
26    0.00394688
27    0.00392322
28    0.00389683
29    0.00390587
30    0.00391613
31    0.00390293
32    0.00390358
33    0.00391193
34    0.00390097
35    0.00391572
36    0.00389513
37    0.00389008
38    0.00392539
39    0.00391362
40    0.00391304
41    0.00386781
42    0.0039121
43    0.00392319
44    0.00390804
45    0.00390197
46    0.00389528
47    0.00390666
48    0.00388764
49    0.00391207
50    0.00389266
51    0.00391113
52    0.00390983
53    0.00387041
54    0.00392454
55    0.00387919
56    0.00391291
57    0.00390159
58    0.00391576
59    0.00392423
60    0.00391188
61    0.00388703
62    0.00391409
63    0.00394348
64    0.00391099
65    0.00390449
66    0.00391904
67    0.00390179
68    0.00393165
69    0.00393007
70    0.00390155
71    0.00389551
72    0.0039144
73    0.00389108
74    0.00390831
75    0.00388207
76    0.00391322
77    0.00390107
78    0.00390065
79    0.00388874
80    0.00389482
81    0.00389859
82    0.0039128
83    0.00388301
84    0.00389406
85    0.00392246
86    0.00388178
87    0.00390989
88    0.00388994
89    0.00389747
90    0.00390449
91    0.00391537
92    0.00389375
93    0.00391551
94    0.00388311
95    0.00390098
96    0.00388967
97    0.00391068
98    0.00391653
99    0.00389699
100    0.00389431
101    0.00391076
102    0.0039048
103    0.00389507
104    0.00389201
105    0.00391595
106    0.00388991
107    0.00389682
108    0.00388675
109    0.00390811
110    0.00388675
111    0.00390553
112    0.00389191
113    0.00390748
114    0.00391976
115    0.00389837
116    0.00390682
117    0.00389338
118    0.00391346
119    0.00388758
120    0.00390805
121    0.00392783
122    0.00392631
123    0.00390012
124    0.0038977
125    0.00390165
126    0.00392293
127    0.00392978
128    0.00391146
129    0.00393542
130    0.00392339
131    0.00388671
132    0.00391995
133    0.00392751
134    0.00392285
135    0.00388299
136    0.00389037
137    0.0039331
138    0.00390238
139    0.00389395
140    0.00389174
141    0.00390776
142    0.00392182
143    0.00390773
144    0.00391268
145    0.00386878
146    0.00391218
147    0.00389038
148    0.00388837
149    0.00395124
150    0.00391569
151    0.00391452
152    0.00388899
153    0.0038899
154    0.00389881
155    0.00390228
156    0.00390811
157    0.00387326
158    0.00390763
159    0.00392401
160    0.00390014
161    0.00391524
162    0.00391458
163    0.00391367
164    0.00389817
165    0.0039105
166    0.00390889
167    0.00390692
168    0.00391351
169    0.00389034
170    0.0038922
171    0.00388974
172    0.00388756
173    0.00389278
174    0.00390101
175    0.00390358
176    0.0039254
177    0.00389693
178    0.0038751
179    0.00388392
180    0.00391366
181    0.00390999
182    0.00392134
183    0.0038785
184    0.00389755
185    0.00391834
186    0.00390472
187    0.00390533
188    0.00392173
189    0.0039007
190    0.00390827
191    0.00387537
192    0.0039151
193    0.00392709
194    0.0039255
195    0.00391342
196    0.00391159
197    0.00392892
198    0.00390107
199    0.00389323
200    0.00390291
201    0.0039213
202    0.00388398
203    0.00390133
204    0.00392547
205    0.00393143
206    0.00390586
207    0.00390187
208    0.00391235
209    0.00389626
210    0.00389699
211    0.00389187
212    0.00390759
213    0.00392136
214    0.00392588
215    0.00388137
216    0.00389795
217    0.00393309
218    0.0039069
219    0.00389701
220    0.00393322
221    0.00391147
222    0.00392989
223    0.00391822
224    0.0038847
225    0.0039177
226    0.0038879
227    0.00390609
228    0.00389926
229    0.00391465
230    0.00391985
231    0.00390589
232    0.00391732
233    0.0039104
234    0.00390858
235    0.00390723
236    0.00391196
237    0.00390472
238    0.00388573
239    0.00390636
240    0.00390577
241    0.00388214
242    0.00392545
243    0.00388213
244    0.00391108
245    0.00391098
246    0.00391468
247    0.00389823
248    0.00392472
249    0.00391851
250    0.00390407
251    0.0038962
252    0.00395734
253    0.00393482
254    0.00389506
255    0.00391577
