0    0.00395608
1    0.00389623
2    0.00390508
3    0.00389447
4    0.00392078
5    0.00391109
6    0.00387657
7    0.00390892
8    0.00390253
9    0.0038793
10    0.00389416
11    0.00391641
12    0.00391335
13    0.00387999
14    0.00389447
15    0.00388457
16    0.00390997
17    0.00391331
18    0.00391164
19    0.00390634
20    0.00389324
21    0.00389004
22    0.00391924
23    0.00392364
24    0.00391465
25    0.00390853
26    0.00389814
27    0.00392461
28    0.00388691
29    0.00389985
30    0.00387159
31    0.00393216
32    0.00389718
33    0.00389246
34    0.00392558
35    0.00389706
36    0.00392554
37    0.00391699
38    0.00387707
39    0.00391266
40    0.0039129
41    0.00390392
42    0.00389512
43    0.00390146
44    0.00389306
45    0.00391901
46    0.00388487
47    0.00391089
48    0.00389498
49    0.00391057
50    0.00390178
51    0.0039139
52    0.0039179
53    0.00390608
54    0.0038997
55    0.00390399
56    0.00391791
57    0.00390481
58    0.00390132
59    0.00391305
60    0.00391738
61    0.00389225
62    0.00390045
63    0.00392103
64    0.00391244
65    0.00391883
66    0.00392283
67    0.00391562
68    0.00392046
69    0.0038852
70    0.00389849
71    0.00389138
72    0.00386758
73    0.00390642
74    0.0039038
75    0.00389533
76    0.00388264
77    0.00390684
78    0.00392565
79    0.00390363
80    0.00389572
81    0.00388943
82    0.00389145
83    0.00389286
84    0.0039156
85    0.00390765
86    0.00390949
87    0.0039153
88    0.00388251
89    0.00388849
90    0.00388566
91    0.00391115
92    0.00390125
93    0.00392973
94    0.00392585
95    0.00389753
96    0.00389655
97    0.00387237
98    0.00389024
99    0.0039024
100    0.0038995
101    0.0038868
102    0.00390178
103    0.00387995
104    0.00392165
105    0.00390046
106    0.00389304
107    0.00390786
108    0.00391584
109    0.00390907
110    0.00390061
111    0.00388417
112    0.00389976
113    0.0039237
114    0.00390889
115    0.00389959
116    0.00388504
117    0.0039198
118    0.00388567
119    0.00388337
120    0.0038915
121    0.00390603
122    0.00389143
123    0.00388052
124    0.00390154
125    0.00391692
126    0.003909
127    0.00389773
128    0.0039001
129    0.00393795
130    0.00391168
131    0.0038961
132    0.00392042
133    0.00389672
134    0.00390928
135    0.00389764
136    0.00390013
137    0.0038759
138    0.00389801
139    0.00390272
140    0.00390862
141    0.00390898
142    0.00391275
143    0.00391731
144    0.00388226
145    0.00389171
146    0.00389178
147    0.00389836
148    0.00390879
149    0.00391206
150    0.00389911
151    0.00390191
152    0.00392643
153    0.0039134
154    0.0038991
155    0.00391153
156    0.0038924
157    0.00391363
158    0.00387186
159    0.00390083
160    0.00390668
161    0.00388306
162    0.00392246
163    0.0039169
164    0.00389729
165    0.00393498
166    0.00392326
167    0.00391819
168    0.0039236
169    0.00389589
170    0.00387381
171    0.00391523
172    0.00387149
173    0.00391674
174    0.00390545
175    0.00388766
176    0.00390707
177    0.00391495
178    0.00391349
179    0.00390842
180    0.00389614
181    0.00390635
182    0.0039191
183    0.00390466
184    0.00390485
185    0.00390976
186    0.00389535
187    0.00390804
188    0.00390474
189    0.00392555
190    0.00388978
191    0.00392058
192    0.00395164
193    0.00391527
194    0.00393335
195    0.00392352
196    0.00391954
197    0.00392104
198    0.00390438
199    0.00390428
200    0.00390745
201    0.00389154
202    0.00390661
203    0.003907
204    0.00393462
205    0.00395007
206    0.0039358
207    0.00392858
208    0.00392597
209    0.0039038
210    0.00389372
211    0.00387055
212    0.00394641
213    0.00390099
214    0.0039403
215    0.00392435
216    0.00392225
217    0.00391908
218    0.00393262
219    0.0039229
220    0.00390952
221    0.00390725
222    0.00392191
223    0.00392255
224    0.00388522
225    0.00389908
226    0.00390247
227    0.00391478
228    0.00390603
229    0.00390065
230    0.00390503
231    0.00394553
232    0.00388435
233    0.0039067
234    0.00389041
235    0.00390655
236    0.003912
237    0.00395076
238    0.00390079
239    0.00392877
240    0.00389694
241    0.00391646
242    0.00389063
243    0.00391398
244    0.00392307
245    0.00390107
246    0.00391397
247    0.00391531
248    0.0039063
249    0.00390737
250    0.00391523
251    0.00395543
252    0.0038839
253    0.00390687
254    0.00389849
255    0.00390569
