0    0.00390489
1    0.00390744
2    0.0039074
3    0.00388809
4    0.00388987
5    0.00389262
6    0.00390341
7    0.00392179
8    0.00389812
9    0.00388185
10    0.00388838
11    0.00387304
12    0.00388099
13    0.00391429
14    0.00391483
15    0.00392176
16    0.00391188
17    0.00390402
18    0.00391215
19    0.0039077
20    0.00389722
21    0.00390147
22    0.00389655
23    0.00388192
24    0.00390361
25    0.00389738
26    0.00390054
27    0.00391239
28    0.00389895
29    0.00387381
30    0.00389416
31    0.00388755
32    0.00392967
33    0.00386545
34    0.00390011
35    0.00389852
36    0.00390011
37    0.0038952
38    0.00392307
39    0.0039043
40    0.00388536
41    0.00391626
42    0.00392803
43    0.00390107
44    0.00390949
45    0.00390142
46    0.00390811
47    0.0039001
48    0.00389235
49    0.00391163
50    0.00390023
51    0.0039003
52    0.00391985
53    0.00388811
54    0.00391538
55    0.00391214
56    0.00390826
57    0.00388535
58    0.00389171
59    0.00390243
60    0.00389705
61    0.0039351
62    0.00391912
63    0.00390675
64    0.00389175
65    0.00390744
66    0.00389494
67    0.00390759
68    0.00389029
69    0.0039079
70    0.00391399
71    0.00390751
72    0.00391692
73    0.0038998
74    0.00390412
75    0.00391284
76    0.00390473
77    0.00388524
78    0.00390598
79    0.00390912
80    0.00390916
81    0.00390787
82    0.00387234
83    0.00390512
84    0.00389376
85    0.00389281
86    0.00391138
87    0.00393385
88    0.00388721
89    0.00392364
90    0.00392041
91    0.00391021
92    0.00391456
93    0.00390604
94    0.00390232
95    0.00390572
96    0.00390453
97    0.00390954
98    0.00392665
99    0.00389053
100    0.00390199
101    0.00391325
102    0.00390062
103    0.00387666
104    0.00391493
105    0.00389265
106    0.0039065
107    0.00392298
108    0.00388817
109    0.00390652
110    0.00390565
111    0.00388648
112    0.0038997
113    0.00392071
114    0.0039107
115    0.00388196
116    0.00390495
117    0.00389369
118    0.00387691
119    0.00391026
120    0.00391395
121    0.00389644
122    0.00392554
123    0.00388985
124    0.00387913
125    0.00387627
126    0.00387635
127    0.00389603
128    0.00389657
129    0.00389043
130    0.0039074
131    0.00389106
132    0.00391085
133    0.00390534
134    0.00391351
135    0.00391959
136    0.00392875
137    0.00392057
138    0.00394534
139    0.00390333
140    0.00393772
141    0.00390462
142    0.00388131
143    0.00392297
144    0.00390928
145    0.00391235
146    0.00391069
147    0.00391463
148    0.00386993
149    0.00391201
150    0.00391684
151    0.00393226
152    0.00391442
153    0.00391831
154    0.00389411
155    0.00393602
156    0.00391629
157    0.00388025
158    0.00389074
159    0.00390727
160    0.00389905
161    0.00390912
162    0.00392318
163    0.00392442
164    0.00390664
165    0.00392183
166    0.00391343
167    0.00392465
168    0.00392935
169    0.00390413
170    0.00392158
171    0.00392725
172    0.0039224
173    0.00390629
174    0.00390059
175    0.00393421
176    0.00394529
177    0.00391524
178    0.00390822
179    0.00388218
180    0.00388461
181    0.00392138
182    0.00392466
183    0.00387674
184    0.00391256
185    0.0038718
186    0.0039032
187    0.00390331
188    0.00389955
189    0.00391378
190    0.00391005
191    0.00392625
192    0.00390126
193    0.0039069
194    0.00391341
195    0.00392946
196    0.00389579
197    0.00390889
198    0.00391444
199    0.00388597
200    0.00393567
201    0.00389731
202    0.00391012
203    0.00391276
204    0.00389654
205    0.00390666
206    0.00392311
207    0.00391685
208    0.00390114
209    0.00390338
210    0.00387465
211    0.00391584
212    0.00390654
213    0.00390871
214    0.00390246
215    0.00389942
216    0.00388431
217    0.00391113
218    0.00392367
219    0.00392721
220    0.00392185
221    0.00389157
222    0.00393509
223    0.00391154
224    0.00391743
225    0.00391907
226    0.00389038
227    0.00392997
228    0.00390092
229    0.00390708
230    0.00389229
231    0.00386528
232    0.00390658
233    0.00391406
234    0.0038971
235    0.00391304
236    0.00390512
237    0.00391021
238    0.00391389
239    0.00391515
240    0.00390441
241    0.00393812
242    0.0039181
243    0.00390739
244    0.00390171
245    0.00391792
246    0.00392557
247    0.00393443
248    0.00391585
249    0.00390718
250    0.00393153
251    0.00392161
252    0.00392826
253    0.00390209
254    0.00389994
255    0.0039142
