0    0.00391004
1    0.00388864
2    0.00390778
3    0.00390247
4    0.00389608
5    0.0038808
6    0.00390292
7    0.00392814
8    0.00392742
9    0.00389623
10    0.00392601
11    0.00390931
12    0.00388501
13    0.00389928
14    0.00388227
15    0.00390042
16    0.00388582
17    0.00393285
18    0.00388615
19    0.00389507
20    0.00392715
21    0.00389775
22    0.00391
23    0.00390577
24    0.00391518
25    0.00391609
26    0.00391845
27    0.00391556
28    0.00391367
29    0.00389242
30    0.00392032
31    0.00390084
32    0.00390744
33    0.00389655
34    0.00392131
35    0.00391921
36    0.00391279
37    0.00390727
38    0.00387857
39    0.00394037
40    0.00389969
41    0.00389954
42    0.00390388
43    0.00389709
44    0.00389845
45    0.00392054
46    0.00390311
47    0.00391879
48    0.00391477
49    0.00390954
50    0.00391553
51    0.00390685
52    0.00389404
53    0.00390839
54    0.00393371
55    0.00390881
56    0.00391251
57    0.00390391
58    0.00390564
59    0.00390771
60    0.00388262
61    0.00391533
62    0.00389626
63    0.00391365
64    0.00392595
65    0.00389996
66    0.00389777
67    0.00392028
68    0.00388183
69    0.0038978
70    0.00388043
71    0.00389305
72    0.00394166
73    0.00391911
74    0.00390631
75    0.00390601
76    0.00391132
77    0.00387414
78    0.00389686
79    0.00389435
80    0.00390946
81    0.00391806
82    0.00386338
83    0.00390131
84    0.00390578
85    0.00389523
86    0.00389042
87    0.00389851
88    0.00391071
89    0.00390453
90    0.00389853
91    0.00392215
92    0.00392204
93    0.0039193
94    0.00389827
95    0.00390846
96    0.00389547
97    0.00390111
98    0.00390136
99    0.00390172
100    0.00390678
101    0.00392095
102    0.00391739
103    0.00391783
104    0.00392497
105    0.00389544
106    0.00392023
107    0.00390234
108    0.00388789
109    0.00391626
110    0.00390287
111    0.00395098
112    0.00390648
113    0.00389586
114    0.0039142
115    0.00386356
116    0.00387624
117    0.00389469
118    0.00391071
119    0.00389476
120    0.00391499
121    0.0038877
122    0.00389939
123    0.00391589
124    0.00390412
125    0.00391162
126    0.0038898
127    0.00389306
128    0.00389407
129    0.00390784
130    0.00393995
131    0.00393233
132    0.00391017
133    0.00389238
134    0.00388688
135    0.00391112
136    0.00390317
137    0.00390851
138    0.00391055
139    0.00391188
140    0.00392289
141    0.00391137
142    0.0039127
143    0.00388114
144    0.00389674
145    0.00391661
146    0.00391495
147    0.00390532
148    0.0039007
149    0.00389933
150    0.00391677
151    0.00390577
152    0.00389454
153    0.00387778
154    0.00390453
155    0.00390452
156    0.00390176
157    0.00392462
158    0.00391281
159    0.00391571
160    0.00391628
161    0.00389518
162    0.00392284
163    0.00387912
164    0.00390187
165    0.00389886
166    0.00392718
167    0.00392431
168    0.00392185
169    0.00391084
170    0.00388507
171    0.00392414
172    0.00390691
173    0.00389284
174    0.00390965
175    0.00390721
176    0.00390083
177    0.00390357
178    0.00392233
179    0.00390849
180    0.00390639
181    0.00390798
182    0.00391106
183    0.00390348
184    0.00390672
185    0.00390535
186    0.00388053
187    0.00390513
188    0.00393153
189    0.00390776
190    0.00388896
191    0.0038983
192    0.00391689
193    0.00392266
194    0.00389387
195    0.00391344
196    0.00387966
197    0.00389396
198    0.00391258
199    0.00390919
200    0.0039054
201    0.00390125
202    0.00389224
203    0.00392044
204    0.00389381
205    0.00392484
206    0.00389211
207    0.00393438
208    0.00392736
209    0.00388438
210    0.00389234
211    0.00388773
212    0.00390961
213    0.0039053
214    0.00394078
215    0.00391793
216    0.00393679
217    0.00391432
218    0.00393078
219    0.00390049
220    0.0039281
221    0.003937
222    0.00389036
223    0.00391092
224    0.00387302
225    0.00388205
226    0.00391168
227    0.00390787
228    0.00389628
229    0.00390783
230    0.00389827
231    0.00387553
232    0.00389892
233    0.0039193
234    0.00391668
235    0.00391603
236    0.00390148
237    0.00390604
238    0.00390111
239    0.00392339
240    0.00390466
241    0.00389008
242    0.00391636
243    0.00389528
244    0.00390458
245    0.00392295
246    0.00391156
247    0.00390432
248    0.00390607
249    0.0039177
250    0.00387682
251    0.00392972
252    0.00388773
253    0.0039298
254    0.0039012
255    0.00392332
