0    0.00390226
1    0.00389378
2    0.00392395
3    0.0039077
4    0.00389838
5    0.00391031
6    0.00389563
7    0.0038859
8    0.00389768
9    0.00389321
10    0.00388557
11    0.00388889
12    0.00388077
13    0.00390823
14    0.00387814
15    0.00390067
16    0.00395237
17    0.00392353
18    0.00390984
19    0.00389118
20    0.00392841
21    0.00389207
22    0.0038851
23    0.00389291
24    0.00387199
25    0.00391952
26    0.00392576
27    0.00388035
28    0.00390065
29    0.00391123
30    0.00390868
31    0.00391049
32    0.0039381
33    0.00390909
34    0.00392109
35    0.00389132
36    0.00389738
37    0.00387788
38    0.00391134
39    0.00388497
40    0.00390724
41    0.00388436
42    0.00389879
43    0.00393696
44    0.00391324
45    0.00390387
46    0.00392724
47    0.00389502
48    0.00390352
49    0.00389629
50    0.00390057
51    0.00390558
52    0.00392145
53    0.00389806
54    0.00390041
55    0.00390808
56    0.00387016
57    0.00390304
58    0.00394502
59    0.00390775
60    0.00390112
61    0.00391446
62    0.00391863
63    0.0038857
64    0.00388958
65    0.0038899
66    0.00387979
67    0.00388862
68    0.00391621
69    0.00389367
70    0.0038626
71    0.00390227
72    0.00390655
73    0.00391916
74    0.0039059
75    0.00389912
76    0.00389276
77    0.00389015
78    0.00388792
79    0.00396281
80    0.00392824
81    0.00393529
82    0.00390979
83    0.0038802
84    0.00388578
85    0.00389699
86    0.00390644
87    0.00390259
88    0.00389241
89    0.00391876
90    0.00392007
91    0.00390724
92    0.00390338
93    0.00390181
94    0.00392044
95    0.00394047
96    0.00388743
97    0.00390613
98    0.00387621
99    0.00390691
100    0.00391247
101    0.00390255
102    0.00391309
103    0.00392308
104    0.00391494
105    0.00389794
106    0.00391935
107    0.00390924
108    0.00389467
109    0.00389188
110    0.00390424
111    0.00386971
112    0.00391885
113    0.00387282
114    0.00386575
115    0.00391415
116    0.0038707
117    0.00391218
118    0.00391307
119    0.00390443
120    0.00393456
121    0.0039369
122    0.00389753
123    0.00391203
124    0.00388314
125    0.00391014
126    0.00392158
127    0.00389224
128    0.00391574
129    0.00394245
130    0.00388891
131    0.00393138
132    0.00389312
133    0.00390424
134    0.00391281
135    0.00389958
136    0.00389007
137    0.00390987
138    0.0039157
139    0.00387817
140    0.00391594
141    0.00390691
142    0.00391467
143    0.0038739
144    0.00391675
145    0.00393505
146    0.00387399
147    0.0038844
148    0.00391986
149    0.00389812
150    0.00390112
151    0.00389512
152    0.00391326
153    0.00390385
154    0.00393002
155    0.00393005
156    0.00390876
157    0.00389728
158    0.00391768
159    0.00391446
160    0.00390105
161    0.00392449
162    0.00392166
163    0.00391795
164    0.00391031
165    0.00391313
166    0.00388167
167    0.00390975
168    0.00390993
169    0.00387826
170    0.00389236
171    0.00391776
172    0.00388845
173    0.00389418
174    0.00393057
175    0.00389359
176    0.00391197
177    0.00390328
178    0.00388806
179    0.00392514
180    0.00390035
181    0.00390536
182    0.00389575
183    0.00390397
184    0.00391412
185    0.00391887
186    0.00391313
187    0.00390377
188    0.00392057
189    0.0039202
190    0.00389337
191    0.00388944
192    0.00392095
193    0.00392269
194    0.00391833
195    0.00389338
196    0.00392306
197    0.00393051
198    0.00387915
199    0.00389014
200    0.0039072
201    0.00389995
202    0.00390618
203    0.00393593
204    0.00390064
205    0.00390824
206    0.00386956
207    0.00392089
208    0.00389623
209    0.00391757
210    0.00393435
211    0.00391898
212    0.00387951
213    0.00391401
214    0.00394502
215    0.00388312
216    0.00388267
217    0.00391539
218    0.00389812
219    0.0039093
220    0.00390825
221    0.00388132
222    0.00391869
223    0.00389812
224    0.00392773
225    0.0039002
226    0.00392152
227    0.0038992
228    0.00390841
229    0.00391826
230    0.00393021
231    0.00389724
232    0.00389496
233    0.00388694
234    0.00392503
235    0.00390948
236    0.00390765
237    0.00392723
238    0.00389846
239    0.00391961
240    0.00391517
241    0.00391082
242    0.00391215
243    0.00392153
244    0.00393685
245    0.00394229
246    0.00389807
247    0.00392904
248    0.00389942
249    0.00392213
250    0.00393299
251    0.0039219
252    0.00390493
253    0.00390217
254    0.00393707
255    0.00392852
