0    0.0039151
1    0.00391682
2    0.00392243
3    0.0039223
4    0.00387018
5    0.00390704
6    0.00392881
7    0.00390341
8    0.00392347
9    0.00389056
10    0.00388307
11    0.00390105
12    0.00391555
13    0.00388124
14    0.00390126
15    0.00390182
16    0.00390404
17    0.00388643
18    0.00390002
19    0.00387322
20    0.00390516
21    0.00391198
22    0.00388278
23    0.00391242
24    0.00391575
25    0.00388545
26    0.00390127
27    0.0039116
28    0.00390914
29    0.00387189
30    0.00390587
31    0.00390171
32    0.00391816
33    0.00388637
34    0.00394046
35    0.00391227
36    0.00390405
37    0.00389205
38    0.00388267
39    0.00391186
40    0.00391005
41    0.00389405
42    0.00390656
43    0.00392855
44    0.00389949
45    0.00392295
46    0.00393426
47    0.00394156
48    0.00392131
49    0.00391471
50    0.00388938
51    0.00392986
52    0.00389791
53    0.00387732
54    0.0038844
55    0.00393307
56    0.00391167
57    0.00391848
58    0.00390241
59    0.00387696
60    0.00390912
61    0.0039151
62    0.00391738
63    0.00389748
64    0.00392335
65    0.00392519
66    0.00392475
67    0.00388499
68    0.00393255
69    0.0039133
70    0.00391448
71    0.00393322
72    0.0039187
73    0.00388935
74    0.00387849
75    0.00393513
76    0.00391138
77    0.00391723
78    0.00392679
79    0.00390045
80    0.00388983
81    0.00390086
82    0.00390043
83    0.00390434
84    0.0039276
85    0.00390336
86    0.0039216
87    0.00392173
88    0.00385618
89    0.00389938
90    0.00391098
91    0.00389984
92    0.00388613
93    0.00391209
94    0.00387265
95    0.00389721
96    0.00389136
97    0.00390153
98    0.00388866
99    0.00389916
100    0.0039082
101    0.00389933
102    0.00392074
103    0.00388841
104    0.0039219
105    0.00389853
106    0.00390051
107    0.00390041
108    0.00390628
109    0.00389826
110    0.00390399
111    0.00389231
112    0.00391122
113    0.00392795
114    0.00389077
115    0.00388856
116    0.00391437
117    0.0039023
118    0.00389921
119    0.0039123
120    0.00388483
121    0.00391407
122    0.00392349
123    0.00391708
124    0.0039228
125    0.00391695
126    0.00389012
127    0.00391712
128    0.0039241
129    0.00389966
130    0.00393677
131    0.00392531
132    0.00391537
133    0.00394783
134    0.00388053
135    0.00390264
136    0.00387883
137    0.00390858
138    0.00387967
139    0.00391691
140    0.00390226
141    0.00391736
142    0.0039433
143    0.00389644
144    0.00388737
145    0.00392336
146    0.00389225
147    0.00390579
148    0.00390973
149    0.00390139
150    0.00391394
151    0.00389591
152    0.00386641
153    0.003922
154    0.00391127
155    0.00391955
156    0.00388347
157    0.00392253
158    0.00391527
159    0.00390612
160    0.00389495
161    0.00389052
162    0.00390463
163    0.00390829
164    0.00390193
165    0.00391005
166    0.00391463
167    0.003892
168    0.00387736
169    0.00390819
170    0.0039222
171    0.00392177
172    0.00391056
173    0.00386177
174    0.00389975
175    0.00388785
176    0.00393174
177    0.00389568
178    0.00390726
179    0.00389142
180    0.00388029
181    0.00388038
182    0.00390659
183    0.00391489
184    0.00390636
185    0.00391798
186    0.00388374
187    0.00388115
188    0.00392579
189    0.00390531
190    0.00390043
191    0.00389859
192    0.00389319
193    0.0038939
194    0.00391186
195    0.00390931
196    0.00391233
197    0.0039203
198    0.00392226
199    0.00387245
200    0.00389932
201    0.00392907
202    0.0039196
203    0.00387374
204    0.00392092
205    0.00389788
206    0.00391572
207    0.00390666
208    0.00389009
209    0.00390378
210    0.00392746
211    0.00393136
212    0.00389973
213    0.00392072
214    0.00390613
215    0.00389371
216    0.00390446
217    0.00393006
218    0.00387423
219    0.00390901
220    0.0039029
221    0.00391004
222    0.00392321
223    0.00389712
224    0.00391059
225    0.00390203
226    0.00391061
227    0.00389392
228    0.00393798
229    0.00389946
230    0.003907
231    0.00389806
232    0.00390833
233    0.00390278
234    0.00390799
235    0.00392598
236    0.00391189
237    0.00391229
238    0.00390875
239    0.00389506
240    0.00390862
241    0.00390933
242    0.00389912
243    0.00391744
244    0.00391909
245    0.00394595
246    0.00390672
247    0.00390539
248    0.00390811
249    0.00391484
250    0.00391199
251    0.0039148
252    0.00393253
253    0.00392303
254    0.00391592
255    0.00389486
