0    0.00393012
1    0.0038837
2    0.00388732
3    0.00391767
4    0.0038885
5    0.0039211
6    0.00390901
7    0.00393767
8    0.00388677
9    0.00392403
10    0.00390472
11    0.00386385
12    0.00388161
13    0.00390615
14    0.00390444
15    0.00390942
16    0.00392756
17    0.00387785
18    0.00390308
19    0.0038908
20    0.00389647
21    0.00393768
22    0.00389055
23    0.00391557
24    0.00389609
25    0.00387027
26    0.00388497
27    0.00389545
28    0.00394873
29    0.00391579
30    0.00388954
31    0.00388297
32    0.00391377
33    0.00391957
34    0.003893
35    0.00390956
36    0.0038878
37    0.00390858
38    0.00392143
39    0.00389407
40    0.00388516
41    0.00388315
42    0.00391189
43    0.00393541
44    0.00392975
45    0.00392324
46    0.00388578
47    0.00389287
48    0.00391432
49    0.00390599
50    0.00391321
51    0.00388798
52    0.00389925
53    0.0039
54    0.00391827
55    0.0039107
56    0.00388489
57    0.00389614
58    0.00391774
59    0.00392819
60    0.00387507
61    0.00387713
62    0.00391287
63    0.00392353
64    0.00387738
65    0.00390141
66    0.0038975
67    0.00391128
68    0.00390559
69    0.00393914
70    0.00390689
71    0.00391017
72    0.00388203
73    0.00390919
74    0.00390386
75    0.00390621
76    0.00390172
77    0.00389804
78    0.00389871
79    0.00389799
80    0.00391245
81    0.00389297
82    0.00390676
83    0.00390292
84    0.00390352
85    0.00394214
86    0.00389041
87    0.00391482
88    0.00390642
89    0.00387844
90    0.00387822
91    0.00390095
92    0.00388779
93    0.00391076
94    0.00392651
95    0.00391582
96    0.0038997
97    0.00390795
98    0.00389863
99    0.0039139
100    0.00392328
101    0.00391522
102    0.00388641
103    0.00388823
104    0.00389042
105    0.00392199
106    0.00390907
107    0.00391812
108    0.00389068
109    0.00392091
110    0.00393762
111    0.00391039
112    0.00390939
113    0.00390476
114    0.00392219
115    0.00389035
116    0.00390508
117    0.00391029
118    0.00390114
119    0.00393881
120    0.00388556
121    0.00393571
122    0.00391789
123    0.00389692
124    0.0038902
125    0.00391375
126    0.00391923
127    0.00390282
128    0.00389214
129    0.00391106
130    0.00389469
131    0.00391666
132    0.00389396
133    0.00391294
134    0.00393361
135    0.00389476
136    0.00390979
137    0.00391276
138    0.00391471
139    0.00393767
140    0.00390204
141    0.00393178
142    0.0038981
143    0.00389667
144    0.00392057
145    0.00389617
146    0.00390141
147    0.00390607
148    0.00389847
149    0.00389717
150    0.00388035
151    0.00390206
152    0.00391456
153    0.00389046
154    0.00388163
155    0.00391637
156    0.00391906
157    0.00390304
158    0.00390504
159    0.00386981
160    0.00388519
161    0.00389802
162    0.00390341
163    0.00389581
164    0.00388696
165    0.00388892
166    0.00390422
167    0.00392218
168    0.00391215
169    0.00391646
170    0.00390331
171    0.003923
172    0.00391985
173    0.00389869
174    0.00388858
175    0.00390908
176    0.00389994
177    0.0038962
178    0.00390779
179    0.00391131
180    0.00388104
181    0.00389753
182    0.00390839
183    0.00394118
184    0.00390614
185    0.0038893
186    0.00390646
187    0.00389135
188    0.00391122
189    0.00392269
190    0.00390081
191    0.003904
192    0.00395487
193    0.00389135
194    0.00390203
195    0.00392228
196    0.00390249
197    0.00392981
198    0.00392411
199    0.00390206
200    0.0039093
201    0.00389654
202    0.00391851
203    0.00390683
204    0.00392544
205    0.00390933
206    0.00389416
207    0.00392569
208    0.00392219
209    0.00390526
210    0.00390919
211    0.0039015
212    0.00390371
213    0.00389383
214    0.00392552
215    0.00389897
216    0.00392152
217    0.00391164
218    0.0039206
219    0.00391877
220    0.00389412
221    0.003875
222    0.00388529
223    0.00394168
224    0.00391835
225    0.00390979
226    0.00388674
227    0.00390824
228    0.00389982
229    0.00389199
230    0.00394642
231    0.00389838
232    0.00391688
233    0.00390306
234    0.00391325
235    0.00391518
236    0.00389479
237    0.00390099
238    0.0039169
239    0.00391514
240    0.0039039
241    0.00388231
242    0.00392031
243    0.00393902
244    0.00390588
245    0.00392343
246    0.00390343
247    0.00389747
248    0.00392908
249    0.003917
250    0.0038989
251    0.00393333
252    0.00389924
253    0.00391139
254    0.00391631
255    0.00391831
