0    0.00393329
1    0.00391625
2    0.00391574
3    0.00390838
4    0.00389145
5    0.00392249
6    0.00393683
7    0.00389406
8    0.00391994
9    0.00387564
10    0.00392448
11    0.00392018
12    0.0039286
13    0.00389558
14    0.00391362
15    0.00391654
16    0.00390606
17    0.0038706
18    0.00394232
19    0.00389423
20    0.00387368
21    0.00390469
22    0.00390125
23    0.0038977
24    0.00390424
25    0.00390208
26    0.00390518
27    0.00389688
28    0.00392162
29    0.00390714
30    0.00391915
31    0.00390231
32    0.00389112
33    0.00389533
34    0.00387782
35    0.00395306
36    0.00391116
37    0.00391361
38    0.0038833
39    0.0039202
40    0.00388674
41    0.00389032
42    0.00391982
43    0.00391631
44    0.00391411
45    0.00390536
46    0.00389235
47    0.00389201
48    0.00393311
49    0.00393155
50    0.00389293
51    0.00388898
52    0.00388538
53    0.00392365
54    0.00391229
55    0.0039223
56    0.00393446
57    0.00388871
58    0.00390423
59    0.00390775
60    0.00393604
61    0.00390374
62    0.00389961
63    0.00391365
64    0.00389783
65    0.00390475
66    0.00390352
67    0.00391659
68    0.0039189
69    0.00389132
70    0.00390662
71    0.00389415
72    0.00390027
73    0.00390919
74    0.00391632
75    0.0038964
76    0.00389592
77    0.00390209
78    0.00391367
79    0.00390586
80    0.00387792
81    0.00389052
82    0.00392122
83    0.0038888
84    0.00391196
85    0.00391011
86    0.00389297
87    0.00388512
88    0.00391387
89    0.00391256
90    0.00388117
91    0.00391996
92    0.00386943
93    0.0038932
94    0.00390702
95    0.00392163
96    0.00391208
97    0.00391446
98    0.0039384
99    0.00388405
100    0.00386665
101    0.0038907
102    0.00390652
103    0.00389507
104    0.00387
105    0.00393235
106    0.00390595
107    0.00389497
108    0.00391012
109    0.00389381
110    0.00388537
111    0.00390754
112    0.00389501
113    0.00390903
114    0.00391546
115    0.00389999
116    0.00387827
117    0.00390865
118    0.00391375
119    0.00389034
120    0.00387856
121    0.00387975
122    0.00390217
123    0.00387053
124    0.00393049
125    0.00389847
126    0.00388969
127    0.0039172
128    0.00389918
129    0.00390811
130    0.00390772
131    0.0039464
132    0.00390382
133    0.00389161
134    0.00388194
135    0.00390908
136    0.00390279
137    0.00392422
138    0.00389299
139    0.00391021
140    0.00390814
141    0.00394431
142    0.00388595
143    0.00390839
144    0.00389502
145    0.00390553
146    0.00388855
147    0.00390924
148    0.00391426
149    0.00388769
150    0.00392305
151    0.00387464
152    0.00390061
153    0.00390777
154    0.00387808
155    0.00390425
156    0.00389921
157    0.00389447
158    0.00390941
159    0.00389387
160    0.00391246
161    0.00393085
162    0.00389603
163    0.00389353
164    0.00390597
165    0.0038842
166    0.00391353
167    0.00389492
168    0.00391309
169    0.00390901
170    0.00391677
171    0.00392542
172    0.00392367
173    0.00392985
174    0.00392496
175    0.00392726
176    0.00390775
177    0.00392495
178    0.00391324
179    0.00388829
180    0.00392475
181    0.00392042
182    0.00392292
183    0.00393013
184    0.00389726
185    0.00393533
186    0.0039073
187    0.00390009
188    0.00392115
189    0.00393453
190    0.00386455
191    0.00391755
192    0.00392821
193    0.0038995
194    0.00391562
195    0.00390676
196    0.00389874
197    0.00388269
198    0.00387115
199    0.00391123
200    0.00391652
201    0.00389905
202    0.00392294
203    0.00390642
204    0.00388893
205    0.00388204
206    0.00390536
207    0.00391871
208    0.00390458
209    0.00387669
210    0.0039213
211    0.00390472
212    0.00392788
213    0.00392735
214    0.00389505
215    0.00389374
216    0.00391157
217    0.00392989
218    0.00391465
219    0.00391327
220    0.00390628
221    0.00392816
222    0.00391228
223    0.00389119
224    0.00391422
225    0.00390339
226    0.00392235
227    0.00391082
228    0.00386837
229    0.00389888
230    0.00391665
231    0.00390719
232    0.00389281
233    0.00391158
234    0.00391916
235    0.00390121
236    0.00392996
237    0.00391136
238    0.00388835
239    0.00391635
240    0.0038944
241    0.00392908
242    0.00390355
243    0.00391211
244    0.00392627
245    0.00390302
246    0.00392077
247    0.0039153
248    0.00388524
249    0.00393692
250    0.00391664
251    0.00393553
252    0.00389172
253    0.00392926
254    0.00389228
255    0.00390115
