0    0.0039226
1    0.00388123
2    0.00389578
3    0.00393222
4    0.00391932
5    0.00390561
6    0.00387771
7    0.00391662
8    0.00389256
9    0.00392608
10    0.00388294
11    0.00388982
12    0.00391681
13    0.00390134
14    0.00393479
15    0.00390024
16    0.00388
17    0.00389875
18    0.00389742
19    0.00389896
20    0.00389479
21    0.00393629
22    0.00391115
23    0.00390903
24    0.00392811
25    0.00388857
26    0.00389954
27    0.00390647
28    0.00391742
29    0.0039068
30    0.00389939
31    0.00391137
32    0.00392455
33    0.00390869
34    0.0039112
35    0.00391283
36    0.00392394
37    0.00388176
38    0.00388073
39    0.003909
40    0.00389068
41    0.00391844
42    0.00392042
43    0.00389915
44    0.00395845
45    0.00390797
46    0.00391651
47    0.00388748
48    0.0039103
49    0.00391623
50    0.00392302
51    0.00390088
52    0.00390906
53    0.00389798
54    0.00386765
55    0.00387647
56    0.0039193
57    0.00390294
58    0.00392685
59    0.00390426
60    0.0038892
61    0.00391247
62    0.00389613
63    0.0038721
64    0.00392536
65    0.00391142
66    0.00390705
67    0.00389887
68    0.00391624
69    0.00389821
70    0.0039254
71    0.00392233
72    0.00390866
73    0.00387966
74    0.00389139
75    0.00391743
76    0.0039104
77    0.00388761
78    0.00387344
79    0.00389728
80    0.00390682
81    0.00391455
82    0.00390675
83    0.0039152
84    0.00390065
85    0.0038996
86    0.00393009
87    0.00388183
88    0.00387603
89    0.00390258
90    0.00391178
91    0.00388556
92    0.00391486
93    0.0039273
94    0.00391378
95    0.00394107
96    0.00389174
97    0.00388409
98    0.00391301
99    0.00390151
100    0.00391718
101    0.00388086
102    0.00390297
103    0.00388533
104    0.00388432
105    0.00390098
106    0.00391321
107    0.00392517
108    0.00389731
109    0.00390285
110    0.00390311
111    0.00391688
112    0.00391315
113    0.00390218
114    0.00390861
115    0.00389539
116    0.00392731
117    0.00390182
118    0.00388827
119    0.00388178
120    0.00389076
121    0.00389387
122    0.00390588
123    0.00390724
124    0.00391153
125    0.00390244
126    0.00388535
127    0.00388329
128    0.00389815
129    0.0039051
130    0.00390903
131    0.00390385
132    0.00387332
133    0.00392863
134    0.00391513
135    0.0038645
136    0.00392043
137    0.00393146
138    0.003917
139    0.0039168
140    0.00390076
141    0.00393173
142    0.00390672
143    0.00392561
144    0.00390634
145    0.00388457
146    0.00391413
147    0.0038983
148    0.00391227
149    0.00392217
150    0.00390609
151    0.00390737
152    0.00388115
153    0.00391581
154    0.00389863
155    0.00391245
156    0.00389528
157    0.00389572
158    0.0038961
159    0.00392417
160    0.00392179
161    0.00393016
162    0.00390651
163    0.00389377
164    0.00390315
165    0.00392527
166    0.00391276
167    0.00391611
168    0.00390655
169    0.00393489
170    0.00389843
171    0.00390591
172    0.00390899
173    0.00389977
174    0.0039089
175    0.00390453
176    0.00387645
177    0.00388419
178    0.00392683
179    0.00389468
180    0.0038816
181    0.00389496
182    0.0039095
183    0.00388356
184    0.00388863
185    0.00389678
186    0.00391901
187    0.00389763
188    0.00391505
189    0.00387099
190    0.00390986
191    0.00392208
192    0.00392542
193    0.00390409
194    0.00390938
195    0.00390451
196    0.00389703
197    0.0039065
198    0.00391108
199    0.00391474
200    0.00389834
201    0.00390489
202    0.00391119
203    0.00391404
204    0.00392431
205    0.00389776
206    0.00387799
207    0.00389058
208    0.00390047
209    0.00392678
210    0.00393089
211    0.00391272
212    0.00390832
213    0.00389321
214    0.00392103
215    0.00389673
216    0.00388615
217    0.0039042
218    0.00390883
219    0.00391648
220    0.00391875
221    0.00391605
222    0.0039143
223    0.00391898
224    0.00391011
225    0.00390827
226    0.00390401
227    0.00389223
228    0.0039119
229    0.00392909
230    0.00391703
231    0.00389356
232    0.00389724
233    0.00393341
234    0.00393213
235    0.00388928
236    0.00393201
237    0.003893
238    0.00393141
239    0.00390725
240    0.00389055
241    0.00392232
242    0.00391109
243    0.00393696
244    0.00391115
245    0.00390427
246    0.00393813
247    0.00389341
248    0.00391374
249    0.00392674
250    0.00389737
251    0.00391603
252    0.00390851
253    0.00392349
254    0.00392052
255    0.00389503
