0    0.00392956
1    0.00391877
2    0.00389081
3    0.00390565
4    0.00391882
5    0.00389571
6    0.00388367
7    0.00392261
8    0.00389625
9    0.00390217
10    0.00390225
11    0.00391942
12    0.00391578
13    0.00390835
14    0.00390268
15    0.00389672
16    0.0038844
17    0.00390652
18    0.00389693
19    0.0038906
20    0.0038908
21    0.00389682
22    0.00390849
23    0.00392589
24    0.00392237
25    0.00389753
26    0.00390784
27    0.00389578
28    0.00390086
29    0.00392076
30    0.00389151
31    0.00388475
32    0.00394153
33    0.00392575
34    0.00387308
35    0.0039124
36    0.00392515
37    0.00392259
38    0.00390861
39    0.00389541
40    0.00392489
41    0.00390322
42    0.00390326
43    0.0039173
44    0.00388176
45    0.0038851
46    0.00391569
47    0.00390954
48    0.00389917
49    0.00388297
50    0.00391212
51    0.00390552
52    0.00389077
53    0.00392267
54    0.00392226
55    0.00388539
56    0.00388913
57    0.00392073
58    0.00389875
59    0.00391582
60    0.00388385
61    0.00391215
62    0.0039008
63    0.00389553
64    0.00389497
65    0.00392648
66    0.00391193
67    0.00389661
68    0.0039013
69    0.003893
70    0.00388888
71    0.00390601
72    0.00389784
73    0.00389206
74    0.00393607
75    0.00392571
76    0.00391489
77    0.00390442
78    0.0039186
79    0.00388527
80    0.00390072
81    0.00391868
82    0.0038844
83    0.00391842
84    0.00389381
85    0.00390785
86    0.00388676
87    0.00388655
88    0.00390724
89    0.00390333
90    0.00390585
91    0.00392186
92    0.00388593
93    0.00390425
94    0.00390323
95    0.00390964
96    0.00389841
97    0.00391714
98    0.00391377
99    0.00389026
100    0.003897
101    0.00391398
102    0.00388704
103    0.00392118
104    0.00389751
105    0.00389334
106    0.00389506
107    0.00391345
108    0.00390677
109    0.00392601
110    0.00389886
111    0.00389318
112    0.0039035
113    0.00390637
114    0.00389492
115    0.00389608
116    0.00387855
117    0.00387957
118    0.00389005
119    0.00393445
120    0.00390471
121    0.00388065
122    0.003902
123    0.00387862
124    0.00391602
125    0.00395116
126    0.00390271
127    0.00391666
128    0.0038991
129    0.00389656
130    0.00392486
131    0.00392448
132    0.00387502
133    0.00392888
134    0.00389483
135    0.00389629
136    0.00390342
137    0.00390544
138    0.00392474
139    0.00390722
140    0.00391208
141    0.00392601
142    0.00391576
143    0.00388895
144    0.00391758
145    0.00388702
146    0.0039174
147    0.0039123
148    0.0039472
149    0.00388067
150    0.00389694
151    0.00390698
152    0.00389651
153    0.00394461
154    0.00389153
155    0.0039093
156    0.00392526
157    0.00391679
158    0.00390083
159    0.00391602
160    0.00391386
161    0.00390932
162    0.00390795
163    0.00391968
164    0.00390759
165    0.00392234
166    0.00391264
167    0.00388965
168    0.00390347
169    0.00392291
170    0.00391089
171    0.00391531
172    0.00389254
173    0.00390723
174    0.00391312
175    0.00390902
176    0.00389232
177    0.00392894
178    0.00391188
179    0.0039021
180    0.00388782
181    0.00391194
182    0.00392216
183    0.00392991
184    0.00392922
185    0.00387596
186    0.00391852
187    0.00389495
188    0.00388012
189    0.00393162
190    0.00391556
191    0.0038959
192    0.0039004
193    0.00389226
194    0.00392613
195    0.00391566
196    0.00389396
197    0.00390311
198    0.00391097
199    0.00392282
200    0.00392285
201    0.00391065
202    0.00391893
203    0.00390064
204    0.00389839
205    0.00391771
206    0.00388182
207    0.00390736
208    0.00392301
209    0.0039204
210    0.00390821
211    0.00389969
212    0.00392611
213    0.00389322
214    0.00393268
215    0.00388641
216    0.00389368
217    0.00389836
218    0.00389018
219    0.00389682
220    0.00388299
221    0.00392205
222    0.00391216
223    0.00389631
224    0.00390692
225    0.00390202
226    0.0039169
227    0.00390976
228    0.00389414
229    0.00389731
230    0.00389584
231    0.0038774
232    0.00391202
233    0.0038951
234    0.00391123
235    0.00391587
236    0.00391294
237    0.00389022
238    0.00390313
239    0.00387861
240    0.00393812
241    0.00391842
242    0.0039083
243    0.00390835
244    0.00393621
245    0.00390069
246    0.00390198
247    0.00389495
248    0.00389288
249    0.00392016
250    0.00389528
251    0.00392999
252    0.00392032
253    0.00393044
254    0.00392278
255    0.00393309
