0    0.00392301
1    0.0038807
2    0.00390084
3    0.00390249
4    0.00388595
5    0.00390977
6    0.00391813
7    0.00393824
8    0.00388535
9    0.00388998
10    0.00391845
11    0.00392622
12    0.00389429
13    0.00391999
14    0.00388598
15    0.00388228
16    0.00389302
17    0.00393461
18    0.00390521
19    0.00393205
20    0.00392209
21    0.00389127
22    0.00386919
23    0.00390703
24    0.0039013
25    0.00391232
26    0.00390817
27    0.00388591
28    0.00389146
29    0.00389384
30    0.00391466
31    0.00389779
32    0.00391065
33    0.0039244
34    0.00389792
35    0.00391156
36    0.00390264
37    0.00390646
38    0.00386936
39    0.00388593
40    0.00388605
41    0.00389386
42    0.00390514
43    0.00391976
44    0.00391622
45    0.00388554
46    0.00390268
47    0.00391711
48    0.00390732
49    0.00388344
50    0.00391887
51    0.00389986
52    0.00388542
53    0.0038903
54    0.00389492
55    0.00392408
56    0.00391703
57    0.00389616
58    0.00390765
59    0.00392764
60    0.00393066
61    0.00390991
62    0.0039267
63    0.00391792
64    0.00389432
65    0.00389753
66    0.00390088
67    0.00385959
68    0.00387891
69    0.0038931
70    0.00389395
71    0.00388351
72    0.00391895
73    0.00393807
74    0.00389029
75    0.00391121
76    0.00387775
77    0.00388277
78    0.00388481
79    0.00390952
80    0.00393094
81    0.00388636
82    0.00392013
83    0.0039197
84    0.00391278
85    0.00391893
86    0.00389252
87    0.00389476
88    0.00389946
89    0.00391825
90    0.00391105
91    0.00391927
92    0.00389403
93    0.00391704
94    0.00390536
95    0.00391935
96    0.00392099
97    0.00392201
98    0.00390567
99    0.00391399
100    0.00391334
101    0.00392409
102    0.00389577
103    0.00391031
104    0.00387855
105    0.00389317
106    0.00392537
107    0.00390836
108    0.00390806
109    0.00390732
110    0.00392044
111    0.00390892
112    0.00389921
113    0.00392511
114    0.00391134
115    0.00392628
116    0.00389207
117    0.00390707
118    0.00392366
119    0.00391158
120    0.00385762
121    0.00390596
122    0.00390861
123    0.00392078
124    0.00390254
125    0.00390751
126    0.00388841
127    0.00391227
128    0.00389122
129    0.00390311
130    0.0038984
131    0.00388476
132    0.00390788
133    0.00389092
134    0.00390031
135    0.00389973
136    0.0039475
137    0.00392742
138    0.00390811
139    0.00390811
140    0.00389457
141    0.00391139
142    0.0038663
143    0.00391101
144    0.00393072
145    0.00391058
146    0.00390461
147    0.00392115
148    0.00393412
149    0.00392513
150    0.00390525
151    0.00392357
152    0.00389985
153    0.00394478
154    0.00391282
155    0.00389189
156    0.00391277
157    0.00391141
158    0.00388937
159    0.00389313
160    0.00390155
161    0.00391899
162    0.00392544
163    0.00393002
164    0.00391131
165    0.00392064
166    0.00393817
167    0.0039041
168    0.00389905
169    0.00390295
170    0.0038867
171    0.00390421
172    0.00391749
173    0.00388519
174    0.00388945
175    0.00391331
176    0.00390906
177    0.00391279
178    0.0039364
179    0.00389619
180    0.00393509
181    0.00391326
182    0.00390884
183    0.00388852
184    0.00391374
185    0.00388351
186    0.00390433
187    0.00388801
188    0.00389575
189    0.00393619
190    0.00391624
191    0.00392609
192    0.00388255
193    0.00390617
194    0.00388678
195    0.00391647
196    0.00386237
197    0.00390459
198    0.00389676
199    0.00392314
200    0.00393167
201    0.00390254
202    0.00388694
203    0.00390672
204    0.00388964
205    0.00387744
206    0.00389405
207    0.00390727
208    0.00391625
209    0.00389651
210    0.00389797
211    0.00391276
212    0.00390303
213    0.00388287
214    0.00392607
215    0.0039297
216    0.00389512
217    0.00390261
218    0.00392818
219    0.00390545
220    0.00390372
221    0.00393829
222    0.00391298
223    0.00390673
224    0.0038898
225    0.0038805
226    0.00388107
227    0.00388663
228    0.00390559
229    0.00389513
230    0.00393739
231    0.00389262
232    0.00388907
233    0.0039514
234    0.00391298
235    0.00391801
236    0.00392331
237    0.003921
238    0.00390151
239    0.00391511
240    0.00391512
241    0.00390219
242    0.00389882
243    0.00389928
244    0.00387769
245    0.00390565
246    0.00392026
247    0.00393875
248    0.00393678
249    0.00392552
250    0.00391202
251    0.00387668
252    0.00392217
253    0.00392027
254    0.00389851
255    0.00391516
