0    0.00392503
1    0.0038957
2    0.00389192
3    0.00390319
4    0.00390626
5    0.00389508
6    0.00391916
7    0.00389971
8    0.00389758
9    0.00391598
10    0.00390666
11    0.00387527
12    0.00392382
13    0.00391848
14    0.00392359
15    0.00387598
16    0.00389996
17    0.0039075
18    0.00389258
19    0.00389476
20    0.00390602
21    0.00389671
22    0.00391694
23    0.00391413
24    0.00388734
25    0.00390772
26    0.00390179
27    0.00389802
28    0.00390078
29    0.00390647
30    0.0038892
31    0.00390865
32    0.00389136
33    0.00391453
34    0.00388927
35    0.00392117
36    0.00389943
37    0.00388989
38    0.00394276
39    0.00389856
40    0.0038863
41    0.00392999
42    0.00387984
43    0.00392105
44    0.00389589
45    0.00393216
46    0.00389508
47    0.00387853
48    0.00388563
49    0.00390229
50    0.00389045
51    0.00388508
52    0.00388912
53    0.00388229
54    0.00390899
55    0.00392347
56    0.00390676
57    0.00388833
58    0.00390727
59    0.00391892
60    0.00389653
61    0.00390424
62    0.00389835
63    0.00391118
64    0.00389288
65    0.00391167
66    0.00389844
67    0.00390258
68    0.00391186
69    0.00392268
70    0.00388715
71    0.0039217
72    0.00391475
73    0.0039099
74    0.0039265
75    0.00391183
76    0.00390838
77    0.00391145
78    0.00388634
79    0.00391838
80    0.00392279
81    0.00391463
82    0.00390809
83    0.00392168
84    0.0039058
85    0.00389072
86    0.00392485
87    0.00389626
88    0.00391437
89    0.00390582
90    0.0038882
91    0.00387309
92    0.00391597
93    0.00391301
94    0.00391145
95    0.00388143
96    0.00392597
97    0.00389422
98    0.0039098
99    0.00387252
100    0.00392568
101    0.00390768
102    0.00392218
103    0.0039164
104    0.00392542
105    0.00394278
106    0.00391848
107    0.00389385
108    0.00391034
109    0.00391288
110    0.0038929
111    0.00392597
112    0.00390172
113    0.00392553
114    0.00388642
115    0.00391467
116    0.00390052
117    0.00390347
118    0.00388623
119    0.00392803
120    0.00393405
121    0.00390844
122    0.00390884
123    0.00392507
124    0.00391622
125    0.00390271
126    0.00388475
127    0.00391891
128    0.00388966
129    0.00392714
130    0.00389376
131    0.00388231
132    0.00389203
133    0.0039053
134    0.00392592
135    0.00391113
136    0.00388889
137    0.00391181
138    0.00392469
139    0.00391826
140    0.00391042
141    0.00388538
142    0.00390719
143    0.0039201
144    0.00388798
145    0.0039172
146    0.0038909
147    0.00389728
148    0.00391506
149    0.00393082
150    0.00390793
151    0.00391186
152    0.00390323
153    0.00394242
154    0.00389794
155    0.00389829
156    0.00389092
157    0.0039351
158    0.00387722
159    0.00391
160    0.00390377
161    0.00389264
162    0.00391706
163    0.00390468
164    0.00390697
165    0.00389809
166    0.00393081
167    0.00390187
168    0.00391148
169    0.00390828
170    0.00388195
171    0.0039206
172    0.00389601
173    0.00390521
174    0.00391978
175    0.0039151
176    0.00388501
177    0.00390556
178    0.00390782
179    0.00388907
180    0.0038785
181    0.00394831
182    0.0038924
183    0.00391789
184    0.00389334
185    0.00391717
186    0.00390156
187    0.00389531
188    0.00392493
189    0.00391883
190    0.00391666
191    0.00393853
192    0.00390805
193    0.00392044
194    0.00387665
195    0.00392858
196    0.0038952
197    0.00391008
198    0.00391245
199    0.00391028
200    0.00389948
201    0.00393987
202    0.00393724
203    0.00390043
204    0.00390288
205    0.00391108
206    0.00391583
207    0.00390036
208    0.00391247
209    0.00391955
210    0.00389554
211    0.00391185
212    0.00389436
213    0.00388736
214    0.00389574
215    0.00391921
216    0.00388865
217    0.00390503
218    0.00390187
219    0.00390543
220    0.00390045
221    0.00389989
222    0.00388256
223    0.00388119
224    0.00389571
225    0.00390245
226    0.00389713
227    0.00390198
228    0.0039119
229    0.0039173
230    0.00390526
231    0.0038965
232    0.00391562
233    0.00389516
234    0.0039106
235    0.00390022
236    0.00391122
237    0.00391272
238    0.00392191
239    0.00391682
240    0.0039
241    0.00391539
242    0.00388942
243    0.0039514
244    0.00389756
245    0.00391088
246    0.00389438
247    0.00387942
248    0.00389683
249    0.00389314
250    0.00392421
251    0.00391249
252    0.00391579
253    0.00394624
254    0.00391165
255    0.00389129
