0    0.00390598
1    0.00388798
2    0.00392224
3    0.00388537
4    0.00390351
5    0.00391927
6    0.00390615
7    0.00390229
8    0.00391289
9    0.00389236
10    0.00390611
11    0.00391683
12    0.00391014
13    0.00390795
14    0.00393763
15    0.00390797
16    0.0039024
17    0.00390199
18    0.00389819
19    0.00389219
20    0.00391933
21    0.00389274
22    0.00389427
23    0.00390496
24    0.00392473
25    0.00391702
26    0.0038897
27    0.00391805
28    0.00390348
29    0.00392671
30    0.00390995
31    0.00393085
32    0.00390421
33    0.00388384
34    0.00390536
35    0.0039091
36    0.003898
37    0.00391483
38    0.00391487
39    0.00391307
40    0.00388618
41    0.00390815
42    0.00390539
43    0.00388819
44    0.00393507
45    0.00391993
46    0.00390147
47    0.00388113
48    0.00390213
49    0.00389815
50    0.00390793
51    0.00388403
52    0.00388857
53    0.00389774
54    0.00390829
55    0.00387898
56    0.00391089
57    0.00389489
58    0.00389668
59    0.00391093
60    0.00390806
61    0.00392141
62    0.00388735
63    0.00391281
64    0.00388605
65    0.00389465
66    0.00391079
67    0.00394429
68    0.00389321
69    0.00389892
70    0.00393037
71    0.00391232
72    0.00389768
73    0.0038791
74    0.00390144
75    0.00386558
76    0.00390224
77    0.00388619
78    0.00388652
79    0.00391174
80    0.00390663
81    0.00390154
82    0.00391933
83    0.00388447
84    0.00388215
85    0.00388718
86    0.00388041
87    0.00392061
88    0.00391239
89    0.00388632
90    0.00391644
91    0.00391346
92    0.00392735
93    0.00390354
94    0.00392591
95    0.0038795
96    0.00391619
97    0.00391014
98    0.00392121
99    0.00392447
100    0.00393545
101    0.00394531
102    0.0038971
103    0.00391401
104    0.00392476
105    0.00387589
106    0.00391223
107    0.00391663
108    0.00392021
109    0.00389782
110    0.00391639
111    0.00391032
112    0.00388492
113    0.00390405
114    0.00391094
115    0.00389463
116    0.00391593
117    0.00389828
118    0.00389983
119    0.00390242
120    0.00387949
121    0.00389284
122    0.00392085
123    0.00389923
124    0.00394282
125    0.00394434
126    0.00392975
127    0.00391394
128    0.00391093
129    0.00390732
130    0.00386778
131    0.00388452
132    0.00387478
133    0.00390688
134    0.00390756
135    0.00388933
136    0.0039064
137    0.00390152
138    0.00389485
139    0.00390384
140    0.00393469
141    0.00391978
142    0.00390718
143    0.00387029
144    0.0039254
145    0.00389137
146    0.00388218
147    0.00393548
148    0.00389893
149    0.00391998
150    0.00389325
151    0.00391682
152    0.00393087
153    0.00389783
154    0.00390718
155    0.00388913
156    0.00391063
157    0.00393186
158    0.00390703
159    0.00389715
160    0.00389863
161    0.00387731
162    0.00390601
163    0.00392317
164    0.00391564
165    0.00391889
166    0.00391103
167    0.00390495
168    0.00388926
169    0.00391069
170    0.0038757
171    0.00391527
172    0.00390628
173    0.00389398
174    0.00392989
175    0.00389523
176    0.0039161
177    0.00390524
178    0.0039245
179    0.00391826
180    0.00391033
181    0.00392178
182    0.0039058
183    0.00391484
184    0.00390233
185    0.0039508
186    0.00392738
187    0.00388432
188    0.00391149
189    0.0039011
190    0.00390785
191    0.00391844
192    0.00390199
193    0.00391492
194    0.00386996
195    0.00390628
196    0.00388958
197    0.00387936
198    0.00388323
199    0.0039264
200    0.00388838
201    0.00391528
202    0.00390008
203    0.00393189
204    0.00389363
205    0.00389777
206    0.00389528
207    0.00390013
208    0.00392405
209    0.00389151
210    0.00390429
211    0.00390135
212    0.00391333
213    0.00390623
214    0.00390544
215    0.00392994
216    0.00390627
217    0.00391808
218    0.0038991
219    0.00390114
220    0.0039252
221    0.0039047
222    0.00391654
223    0.0038786
224    0.00390973
225    0.00389015
226    0.00390402
227    0.00393697
228    0.00390485
229    0.00392647
230    0.00391547
231    0.00388806
232    0.0038735
233    0.00389631
234    0.00389987
235    0.0039116
236    0.00391001
237    0.00391926
238    0.00391888
239    0.00391584
240    0.00390108
241    0.00390834
242    0.00388451
243    0.00392425
244    0.0039137
245    0.00389973
246    0.00392991
247    0.00390568
248    0.00392614
249    0.00391845
250    0.00391416
251    0.00389769
252    0.00391103
253    0.0039272
254    0.00392807
255    0.00390435
