0    0.00392996
1    0.00388778
2    0.00392433
3    0.00393562
4    0.00392342
5    0.00392504
6    0.00390335
7    0.00390535
8    0.00392901
9    0.00389444
10    0.00390735
11    0.00391432
12    0.00389849
13    0.00392505
14    0.00390518
15    0.00392015
16    0.00390648
17    0.00390471
18    0.00391302
19    0.00391018
20    0.00394598
21    0.00390991
22    0.00389346
23    0.00390494
24    0.00392516
25    0.00391365
26    0.00389042
27    0.00392445
28    0.00390377
29    0.00391036
30    0.0039016
31    0.00389958
32    0.00391942
33    0.00393112
34    0.00393062
35    0.00391081
36    0.00388134
37    0.00390767
38    0.00389713
39    0.00391777
40    0.00390101
41    0.00390205
42    0.00392062
43    0.00391593
44    0.00388849
45    0.00389953
46    0.00387661
47    0.00389917
48    0.00393633
49    0.00387165
50    0.00391017
51    0.00389075
52    0.0039124
53    0.00391986
54    0.00388412
55    0.00391573
56    0.00391876
57    0.00394269
58    0.00390976
59    0.00392493
60    0.00390787
61    0.00392222
62    0.00391263
63    0.00387073
64    0.00389594
65    0.00392033
66    0.00388866
67    0.00390621
68    0.00391365
69    0.00392951
70    0.0038807
71    0.00390679
72    0.00391578
73    0.00390743
74    0.00390159
75    0.0039014
76    0.00389032
77    0.00390029
78    0.00391761
79    0.00392144
80    0.00391776
81    0.0039094
82    0.0038763
83    0.00389236
84    0.00391826
85    0.00389634
86    0.00390506
87    0.00389923
88    0.00390893
89    0.00393216
90    0.00389938
91    0.00390191
92    0.00391204
93    0.00386918
94    0.00390202
95    0.00388342
96    0.00389123
97    0.00390139
98    0.00389422
99    0.00387769
100    0.00387964
101    0.00390818
102    0.00392566
103    0.0038872
104    0.00388335
105    0.00391
106    0.00392978
107    0.00391425
108    0.00391738
109    0.00387625
110    0.0039189
111    0.00387159
112    0.00390195
113    0.00388908
114    0.00390067
115    0.00391641
116    0.00388444
117    0.00386958
118    0.00389589
119    0.00388171
120    0.00389249
121    0.00389732
122    0.00394147
123    0.00390973
124    0.0039243
125    0.00389885
126    0.00390091
127    0.00389786
128    0.00388887
129    0.00392075
130    0.00387966
131    0.00391591
132    0.00390556
133    0.00391026
134    0.00389163
135    0.00391349
136    0.00390231
137    0.00390079
138    0.00389257
139    0.00390505
140    0.0038798
141    0.0038999
142    0.00390092
143    0.00390114
144    0.00392485
145    0.00390677
146    0.00390234
147    0.00388969
148    0.00388446
149    0.00391803
150    0.0038878
151    0.00390843
152    0.00388877
153    0.00392565
154    0.00390084
155    0.00391592
156    0.00388481
157    0.00391174
158    0.00391503
159    0.00389752
160    0.00388882
161    0.00393181
162    0.00390425
163    0.00389712
164    0.00390363
165    0.00393082
166    0.00392081
167    0.00389029
168    0.00393385
169    0.00391752
170    0.00390817
171    0.00388872
172    0.00391649
173    0.00389927
174    0.0039029
175    0.00390821
176    0.0039099
177    0.00390784
178    0.00390683
179    0.00390073
180    0.00391826
181    0.00390385
182    0.00390987
183    0.00391918
184    0.00392125
185    0.00390223
186    0.00392586
187    0.00393131
188    0.0039449
189    0.00387357
190    0.00392266
191    0.00390458
192    0.00388451
193    0.00390134
194    0.00392044
195    0.00387627
196    0.00389867
197    0.00388385
198    0.00389698
199    0.00391574
200    0.00389162
201    0.00392785
202    0.0038842
203    0.00393107
204    0.00389839
205    0.0038649
206    0.00393185
207    0.00389835
208    0.00393658
209    0.00391098
210    0.00391748
211    0.00389387
212    0.00391709
213    0.00390544
214    0.00388386
215    0.00389998
216    0.0038904
217    0.00393195
218    0.00392175
219    0.00389307
220    0.00391491
221    0.00389683
222    0.00391061
223    0.00392919
224    0.00389317
225    0.00390782
226    0.00391084
227    0.0038985
228    0.00390153
229    0.00390822
230    0.00391342
231    0.00392235
232    0.00392449
233    0.0038891
234    0.00391069
235    0.0039115
236    0.00391367
237    0.00391449
238    0.0039246
239    0.00388861
240    0.00392692
241    0.00392553
242    0.00392885
243    0.00389989
244    0.00391336
245    0.00388424
246    0.00392028
247    0.00391055
248    0.00391621
249    0.0039094
250    0.00391228
251    0.00390711
252    0.00387885
253    0.00390535
254    0.00389268
255    0.0039115
