0    0.00392517
1    0.0038937
2    0.00390882
3    0.00390675
4    0.00391411
5    0.00391526
6    0.00389368
7    0.00388186
8    0.00389288
9    0.00390041
10    0.00391572
11    0.00388633
12    0.00389135
13    0.00389179
14    0.00389843
15    0.00389632
16    0.00392229
17    0.00387453
18    0.00388353
19    0.00391203
20    0.0039142
21    0.00390562
22    0.00391402
23    0.00389694
24    0.00391081
25    0.00392057
26    0.00391211
27    0.00390809
28    0.00390825
29    0.00389832
30    0.00391569
31    0.00390953
32    0.00391301
33    0.00392468
34    0.00389702
35    0.0039112
36    0.00390909
37    0.00390575
38    0.00389875
39    0.00391131
40    0.00387645
41    0.00387582
42    0.00390796
43    0.0038829
44    0.00391221
45    0.00389828
46    0.00391731
47    0.00389424
48    0.0038867
49    0.0038935
50    0.00391498
51    0.00390704
52    0.00387641
53    0.00392499
54    0.00387116
55    0.00390924
56    0.00389641
57    0.00392137
58    0.00389206
59    0.00391376
60    0.00391173
61    0.00391134
62    0.00391172
63    0.00389335
64    0.00392692
65    0.00389152
66    0.00391425
67    0.00391265
68    0.00391885
69    0.0038811
70    0.00391175
71    0.00389196
72    0.00389551
73    0.00391288
74    0.0039107
75    0.00389751
76    0.003912
77    0.00389715
78    0.00390062
79    0.00391056
80    0.00392585
81    0.0039229
82    0.00394822
83    0.00392099
84    0.00388313
85    0.00391747
86    0.0038803
87    0.00387448
88    0.00390715
89    0.00390717
90    0.00389555
91    0.00388893
92    0.00391154
93    0.00389754
94    0.00392739
95    0.00390921
96    0.0038967
97    0.00391111
98    0.00393506
99    0.0039249
100    0.00391295
101    0.00390196
102    0.00390578
103    0.00391905
104    0.00390323
105    0.00392241
106    0.00391307
107    0.00390883
108    0.00388838
109    0.00391813
110    0.00389706
111    0.00391123
112    0.00390635
113    0.00389133
114    0.00387947
115    0.00392456
116    0.00390775
117    0.00392005
118    0.00390025
119    0.00389528
120    0.00390217
121    0.00390203
122    0.00390838
123    0.0039167
124    0.00389612
125    0.00389937
126    0.00388186
127    0.00393783
128    0.00392485
129    0.00390011
130    0.00392919
131    0.00391457
132    0.00391708
133    0.00391303
134    0.00392163
135    0.00390014
136    0.00390072
137    0.00392821
138    0.00391092
139    0.00389527
140    0.00391359
141    0.00390468
142    0.00390755
143    0.00391488
144    0.00394105
145    0.00387732
146    0.00389111
147    0.00388193
148    0.00392383
149    0.00388244
150    0.00389349
151    0.0039079
152    0.00390215
153    0.00392234
154    0.00388889
155    0.00391469
156    0.00393392
157    0.00389493
158    0.00390701
159    0.00390888
160    0.00390151
161    0.00394291
162    0.00390628
163    0.00387571
164    0.00390176
165    0.00392928
166    0.00388106
167    0.00389055
168    0.00387364
169    0.0039074
170    0.00390717
171    0.00388849
172    0.00392204
173    0.00388096
174    0.00390108
175    0.00392412
176    0.00391627
177    0.00390779
178    0.00392676
179    0.00389405
180    0.00391911
181    0.00387665
182    0.00392381
183    0.00392146
184    0.00388556
185    0.00390643
186    0.00392299
187    0.00386594
188    0.0039334
189    0.00390627
190    0.00392736
191    0.0038831
192    0.00393229
193    0.00393552
194    0.00389054
195    0.00391966
196    0.00391656
197    0.00389887
198    0.00390183
199    0.00391952
200    0.00390499
201    0.00390688
202    0.00391304
203    0.00390588
204    0.00390684
205    0.00392154
206    0.00388111
207    0.00387299
208    0.00391459
209    0.00388856
210    0.00388877
211    0.00391141
212    0.00390564
213    0.00390923
214    0.00392993
215    0.00390617
216    0.00392315
217    0.00391305
218    0.00392023
219    0.00392078
220    0.00390602
221    0.00391689
222    0.00391489
223    0.00391405
224    0.00389591
225    0.00391917
226    0.00390239
227    0.0038936
228    0.00388694
229    0.00391566
230    0.00388995
231    0.00390457
232    0.00387165
233    0.00391156
234    0.00392269
235    0.0038888
236    0.00392054
237    0.00392526
238    0.00391273
239    0.00390373
240    0.00391169
241    0.00388804
242    0.00389743
243    0.00390458
244    0.00389669
245    0.00393066
246    0.00390517
247    0.00391417
248    0.00393068
249    0.00392664
250    0.00389125
251    0.0039078
252    0.00391555
253    0.00391978
254    0.0039106
255    0.00391956
