0    0.00394116
1    0.00390559
2    0.00391095
3    0.00389178
4    0.00390274
5    0.00394612
6    0.00391189
7    0.00389625
8    0.00390476
9    0.00391983
10    0.0039096
11    0.00390709
12    0.00391525
13    0.00387233
14    0.00388819
15    0.00390477
16    0.00389846
17    0.00393636
18    0.00389968
19    0.00393119
20    0.00391545
21    0.00388769
22    0.00390235
23    0.00390504
24    0.00389012
25    0.00392199
26    0.00392149
27    0.00392178
28    0.00391929
29    0.00392085
30    0.00389207
31    0.00390257
32    0.00390464
33    0.00391021
34    0.00391123
35    0.00390255
36    0.0039132
37    0.0039179
38    0.00390663
39    0.00390202
40    0.00390911
41    0.00391387
42    0.00390812
43    0.00388528
44    0.00391494
45    0.00388359
46    0.0039217
47    0.00391272
48    0.00392629
49    0.00392369
50    0.0039147
51    0.00390434
52    0.00387885
53    0.00388342
54    0.00389009
55    0.00392407
56    0.0039156
57    0.00391632
58    0.00391166
59    0.00389779
60    0.00390034
61    0.00388514
62    0.00389483
63    0.00391497
64    0.00389797
65    0.00391202
66    0.00391256
67    0.00389528
68    0.00392964
69    0.00393051
70    0.00389675
71    0.00391998
72    0.0038973
73    0.00392607
74    0.00391202
75    0.00387599
76    0.00394459
77    0.00391674
78    0.00389613
79    0.00390455
80    0.00388951
81    0.00390698
82    0.00390849
83    0.00390171
84    0.00392952
85    0.00391012
86    0.00389356
87    0.00389615
88    0.00390952
89    0.00390222
90    0.00388506
91    0.0038961
92    0.00393311
93    0.00389817
94    0.00391452
95    0.00390277
96    0.00389235
97    0.00387943
98    0.00390597
99    0.0039131
100    0.00390772
101    0.00391871
102    0.00391559
103    0.00389528
104    0.00392099
105    0.00392087
106    0.00390614
107    0.00387853
108    0.0039279
109    0.00392265
110    0.00391599
111    0.00390844
112    0.0039035
113    0.00391808
114    0.00390631
115    0.00390424
116    0.00390886
117    0.00392422
118    0.00391766
119    0.00386674
120    0.00391746
121    0.00386734
122    0.00391441
123    0.00388777
124    0.00391325
125    0.00390924
126    0.00391825
127    0.00391122
128    0.0039056
129    0.00390032
130    0.00390755
131    0.00389086
132    0.00392397
133    0.00390488
134    0.00389584
135    0.00391323
136    0.00388758
137    0.00389387
138    0.00386802
139    0.0038925
140    0.00391222
141    0.00393323
142    0.003909
143    0.00390945
144    0.00389496
145    0.0039362
146    0.00388162
147    0.00390427
148    0.00392552
149    0.00390152
150    0.00391069
151    0.00391095
152    0.00390989
153    0.00387807
154    0.00390365
155    0.00392346
156    0.00390129
157    0.00387825
158    0.00390467
159    0.00389078
160    0.00392444
161    0.00390196
162    0.00390737
163    0.0038816
164    0.00390012
165    0.00391799
166    0.00389479
167    0.00389824
168    0.0039233
169    0.00388524
170    0.00390772
171    0.00392847
172    0.00392906
173    0.00391654
174    0.00390873
175    0.00390911
176    0.00390943
177    0.00390707
178    0.00389736
179    0.00389031
180    0.00387147
181    0.00392201
182    0.00389362
183    0.00392639
184    0.00389852
185    0.00391014
186    0.00389954
187    0.00391963
188    0.00393884
189    0.00388129
190    0.00389769
191    0.00392512
192    0.00391437
193    0.00388588
194    0.00390539
195    0.00391094
196    0.00390476
197    0.00389238
198    0.00389942
199    0.00388953
200    0.00388566
201    0.00391977
202    0.00391535
203    0.00388535
204    0.00389461
205    0.00392592
206    0.00390295
207    0.00390176
208    0.00391477
209    0.00388632
210    0.00390063
211    0.00391182
212    0.00389288
213    0.00388006
214    0.00389868
215    0.00390115
216    0.00389986
217    0.00393399
218    0.003917
219    0.00388209
220    0.00390007
221    0.00389767
222    0.00393734
223    0.00390914
224    0.00390771
225    0.00391662
226    0.00390815
227    0.00392137
228    0.00390363
229    0.00390534
230    0.00390209
231    0.00391282
232    0.00389773
233    0.00387382
234    0.00390276
235    0.00392194
236    0.00390019
237    0.00392068
238    0.00391219
239    0.00391461
240    0.00392153
241    0.00391035
242    0.00392631
243    0.00388917
244    0.00389473
245    0.00390163
246    0.00389576
247    0.00391073
248    0.00389626
249    0.0038936
250    0.00388566
251    0.00391255
252    0.00391208
253    0.00390327
254    0.00391064
255    0.0039313
