0    0.00393248
1    0.00389862
2    0.0039123
3    0.00391121
4    0.00391529
5    0.00390672
6    0.0038744
7    0.00389141
8    0.0038916
9    0.00390701
10    0.00387779
11    0.00390094
12    0.00389883
13    0.00390747
14    0.00393632
15    0.0038675
16    0.00390968
17    0.00389585
18    0.00390299
19    0.00391272
20    0.00397116
21    0.00391783
22    0.00388882
23    0.00388717
24    0.00386595
25    0.00388869
26    0.00389459
27    0.00388853
28    0.00389211
29    0.0038908
30    0.00390728
31    0.00390194
32    0.00391975
33    0.00389645
34    0.00391146
35    0.003882
36    0.00389532
37    0.00390597
38    0.00392665
39    0.00390808
40    0.00390079
41    0.00391324
42    0.0038828
43    0.00389878
44    0.00391987
45    0.00387229
46    0.00389333
47    0.00388177
48    0.00393859
49    0.00390447
50    0.00389841
51    0.00388201
52    0.00388253
53    0.00390958
54    0.00391193
55    0.0038779
56    0.00392103
57    0.00390662
58    0.00392375
59    0.00389025
60    0.00392368
61    0.0039153
62    0.00391995
63    0.00388765
64    0.00391454
65    0.00389177
66    0.00389857
67    0.0039226
68    0.00392065
69    0.00390311
70    0.00389905
71    0.00389894
72    0.00389915
73    0.00390175
74    0.00391163
75    0.00390661
76    0.00389165
77    0.00389287
78    0.0038798
79    0.00389815
80    0.00390492
81    0.0038955
82    0.00388259
83    0.00391758
84    0.00392743
85    0.0038881
86    0.00393122
87    0.00389615
88    0.00390375
89    0.00390765
90    0.00390992
91    0.00391951
92    0.00392291
93    0.00389312
94    0.00390527
95    0.00391351
96    0.00388227
97    0.00390009
98    0.00393113
99    0.00391858
100    0.00389537
101    0.00392766
102    0.0039133
103    0.00391692
104    0.00391038
105    0.00393225
106    0.00390106
107    0.00392406
108    0.00389677
109    0.00388699
110    0.00391409
111    0.00391876
112    0.00388132
113    0.00390268
114    0.00389431
115    0.00389503
116    0.0039344
117    0.00391999
118    0.00390709
119    0.00392071
120    0.0039226
121    0.00389398
122    0.00389569
123    0.00391755
124    0.00389292
125    0.00387407
126    0.00391369
127    0.00391657
128    0.00391904
129    0.00394018
130    0.00391894
131    0.00390116
132    0.00390718
133    0.00390008
134    0.00389495
135    0.00389986
136    0.0039133
137    0.00391593
138    0.00389209
139    0.00392425
140    0.00391721
141    0.00389595
142    0.00389783
143    0.00390596
144    0.00389959
145    0.00389529
146    0.00391612
147    0.00388775
148    0.00390878
149    0.00391172
150    0.00389156
151    0.00392864
152    0.00390706
153    0.0038941
154    0.00389783
155    0.00390752
156    0.00387849
157    0.00387723
158    0.0038892
159    0.00394557
160    0.00392257
161    0.00389059
162    0.00390001
163    0.00392095
164    0.00389981
165    0.00390186
166    0.00390919
167    0.00391203
168    0.00390358
169    0.00390342
170    0.00388665
171    0.00391679
172    0.00391725
173    0.00391627
174    0.00391726
175    0.00392703
176    0.00389414
177    0.00390165
178    0.00391921
179    0.00391502
180    0.00389396
181    0.00393091
182    0.00389014
183    0.0039167
184    0.00389635
185    0.00391601
186    0.00387889
187    0.00390409
188    0.00388815
189    0.00390683
190    0.00392345
191    0.00390329
192    0.00390462
193    0.00390719
194    0.00390315
195    0.00388619
196    0.00390008
197    0.00388717
198    0.00391022
199    0.00391551
200    0.00390923
201    0.00386991
202    0.00390211
203    0.00391962
204    0.00388321
205    0.00392412
206    0.00391962
207    0.00391495
208    0.00389763
209    0.00394681
210    0.00389367
211    0.00390311
212    0.0039178
213    0.00392383
214    0.00391289
215    0.00390845
216    0.00388807
217    0.00390196
218    0.00392323
219    0.00393567
220    0.00390474
221    0.00392614
222    0.00392512
223    0.00393179
224    0.00390779
225    0.00391523
226    0.00390805
227    0.00389631
228    0.00390155
229    0.00388503
230    0.00390864
231    0.00390528
232    0.00390965
233    0.00388564
234    0.00392108
235    0.00391302
236    0.00391518
237    0.00391273
238    0.00391076
239    0.00391987
240    0.00392348
241    0.00390335
242    0.00390542
243    0.00393192
244    0.0038986
245    0.00390742
246    0.0039203
247    0.00392082
248    0.00391417
249    0.0039153
250    0.00391596
251    0.00390449
252    0.00392337
253    0.0039022
254    0.00392366
255    0.0039211
