0    0.00392552
1    0.00390491
2    0.00389484
3    0.00388892
4    0.00390786
5    0.00390333
6    0.00389018
7    0.00390022
8    0.00394409
9    0.00391513
10    0.00388622
11    0.00390198
12    0.00390514
13    0.00388324
14    0.00389942
15    0.00388945
16    0.00390244
17    0.00389958
18    0.00392296
19    0.00390318
20    0.00388565
21    0.0038959
22    0.00389685
23    0.0039195
24    0.00389376
25    0.00391951
26    0.0039038
27    0.00390445
28    0.00389768
29    0.00393877
30    0.00393018
31    0.00394603
32    0.00391394
33    0.0039172
34    0.00390266
35    0.00389969
36    0.00391401
37    0.00389686
38    0.00391256
39    0.00390052
40    0.00391718
41    0.00392486
42    0.00394155
43    0.00391057
44    0.00387538
45    0.00389538
46    0.00389173
47    0.00389649
48    0.00389986
49    0.00389417
50    0.00390743
51    0.0038758
52    0.00390579
53    0.00391436
54    0.00393002
55    0.00391032
56    0.0039168
57    0.0038783
58    0.00390074
59    0.00388508
60    0.00391377
61    0.00389115
62    0.00392034
63    0.00388334
64    0.00388297
65    0.00388643
66    0.00391511
67    0.00389632
68    0.00391909
69    0.00389503
70    0.00389684
71    0.00391104
72    0.00387434
73    0.00391049
74    0.00386562
75    0.00390135
76    0.0038747
77    0.00389431
78    0.00391934
79    0.00391562
80    0.00391003
81    0.00391749
82    0.00389647
83    0.00387426
84    0.00392258
85    0.00390135
86    0.00392026
87    0.003898
88    0.00393302
89    0.00389628
90    0.00390953
91    0.00391708
92    0.00389261
93    0.0038944
94    0.00390893
95    0.00390947
96    0.00390813
97    0.0039154
98    0.00394699
99    0.00391659
100    0.00391477
101    0.00390344
102    0.00391589
103    0.00390393
104    0.00388425
105    0.00388441
106    0.00391858
107    0.00388961
108    0.00392001
109    0.00391376
110    0.00391305
111    0.00388168
112    0.0039013
113    0.00392351
114    0.00393451
115    0.00391615
116    0.0039088
117    0.00388573
118    0.00389502
119    0.00391987
120    0.00389425
121    0.00389726
122    0.00390923
123    0.00389082
124    0.00391581
125    0.00389903
126    0.00391661
127    0.00391992
128    0.00390714
129    0.00393244
130    0.00392896
131    0.00390746
132    0.00392294
133    0.00390603
134    0.00391805
135    0.00389684
136    0.00389051
137    0.00391516
138    0.00391197
139    0.00388119
140    0.00387934
141    0.00391625
142    0.00390875
143    0.003901
144    0.00390196
145    0.00390776
146    0.00390427
147    0.00390248
148    0.00387977
149    0.00391333
150    0.00392486
151    0.00391789
152    0.00390471
153    0.00392143
154    0.00392926
155    0.00389853
156    0.00393436
157    0.00390044
158    0.00390561
159    0.00387366
160    0.0039043
161    0.00390583
162    0.00387961
163    0.00391176
164    0.00392691
165    0.00392414
166    0.00390759
167    0.00391804
168    0.00393604
169    0.0039003
170    0.00392488
171    0.0039106
172    0.00391175
173    0.00390422
174    0.00392857
175    0.00390699
176    0.00389944
177    0.00387252
178    0.00390003
179    0.00393189
180    0.00390766
181    0.00389278
182    0.00388818
183    0.00390433
184    0.00391772
185    0.00390675
186    0.00390992
187    0.00389181
188    0.00390022
189    0.00388245
190    0.00391016
191    0.00392524
192    0.00390172
193    0.00388036
194    0.00389785
195    0.00390129
196    0.00391545
197    0.00389552
198    0.00388281
199    0.00390875
200    0.0038951
201    0.00392478
202    0.00390514
203    0.00389036
204    0.0039035
205    0.00392082
206    0.00389018
207    0.00390821
208    0.00390194
209    0.00390743
210    0.00389858
211    0.00390215
212    0.00390628
213    0.00389298
214    0.0039032
215    0.00391869
216    0.00392078
217    0.00391628
218    0.00389857
219    0.00390205
220    0.00388482
221    0.00391835
222    0.00393565
223    0.00390406
224    0.00392018
225    0.00390702
226    0.00392185
227    0.00390957
228    0.00390979
229    0.0038956
230    0.0038786
231    0.00390972
232    0.00390746
233    0.0039037
234    0.00390194
235    0.00389211
236    0.00391118
237    0.00389708
238    0.0039034
239    0.00392615
240    0.00390764
241    0.00390455
242    0.00393634
243    0.0039316
244    0.00392349
245    0.00391371
246    0.00388737
247    0.00390063
248    0.00389719
249    0.00392045
250    0.00392414
251    0.00391751
252    0.00389379
253    0.00389682
254    0.0039422
255    0.00392937
