0    0.00395012
1    0.00390651
2    0.00392044
3    0.00392382
4    0.00392022
5    0.00392069
6    0.00391242
7    0.00390597
8    0.00392123
9    0.00390912
10    0.00388796
11    0.00388373
12    0.00391507
13    0.00389279
14    0.00390031
15    0.00389521
16    0.00388001
17    0.00390185
18    0.00393468
19    0.0038913
20    0.00389521
21    0.00392159
22    0.00393523
23    0.00387679
24    0.00389139
25    0.00390624
26    0.00386599
27    0.00390136
28    0.00389633
29    0.00391237
30    0.00389216
31    0.00389736
32    0.00387785
33    0.0039012
34    0.00392525
35    0.00392793
36    0.0039346
37    0.00391563
38    0.00392225
39    0.00390353
40    0.00391252
41    0.00391344
42    0.00393418
43    0.00390239
44    0.00388491
45    0.00390858
46    0.0038966
47    0.00389987
48    0.00390478
49    0.00391021
50    0.00389964
51    0.00391556
52    0.0039248
53    0.003889
54    0.00390179
55    0.00390846
56    0.0038788
57    0.00389674
58    0.00390527
59    0.00390815
60    0.00391841
61    0.00393313
62    0.00392293
63    0.00389716
64    0.00390278
65    0.00392511
66    0.00390912
67    0.00391862
68    0.00386994
69    0.00391649
70    0.00390854
71    0.00389182
72    0.00390905
73    0.00391564
74    0.00390964
75    0.00390311
76    0.00391798
77    0.003902
78    0.00387909
79    0.00391658
80    0.00391317
81    0.00392435
82    0.00390234
83    0.00389374
84    0.0038832
85    0.00391286
86    0.00387665
87    0.00387924
88    0.0038845
89    0.00390028
90    0.00391433
91    0.00391847
92    0.00389338
93    0.00392391
94    0.00391314
95    0.00389911
96    0.00392378
97    0.0038914
98    0.00390543
99    0.00391817
100    0.00390984
101    0.0039089
102    0.00388078
103    0.00392548
104    0.0039247
105    0.00390005
106    0.00393253
107    0.00388773
108    0.00389695
109    0.00392767
110    0.00392289
111    0.00390402
112    0.00391493
113    0.00389693
114    0.00389632
115    0.00391677
116    0.00391272
117    0.00389408
118    0.00389079
119    0.00389034
120    0.00388279
121    0.00390096
122    0.00391199
123    0.00388026
124    0.00390722
125    0.00392493
126    0.00390765
127    0.00389282
128    0.00391036
129    0.00391179
130    0.00390169
131    0.00390456
132    0.00390965
133    0.00389648
134    0.00392828
135    0.00391593
136    0.00390282
137    0.00393498
138    0.00388722
139    0.00391446
140    0.00392442
141    0.00392096
142    0.00388677
143    0.00391483
144    0.00389102
145    0.00388141
146    0.00391445
147    0.00388816
148    0.00390921
149    0.00389617
150    0.00390947
151    0.00390596
152    0.00389621
153    0.00391353
154    0.00388996
155    0.00388797
156    0.00389938
157    0.0039236
158    0.00390227
159    0.00391003
160    0.00390375
161    0.00393096
162    0.00387048
163    0.00389853
164    0.00392293
165    0.00390987
166    0.00390068
167    0.00391272
168    0.00390455
169    0.00391744
170    0.00391405
171    0.00391561
172    0.00388663
173    0.00392218
174    0.00390431
175    0.00389548
176    0.00391867
177    0.00387468
178    0.00391025
179    0.00391888
180    0.00391412
181    0.00390461
182    0.0039019
183    0.0039039
184    0.00391024
185    0.00392333
186    0.003933
187    0.0038941
188    0.00391725
189    0.00388996
190    0.00392191
191    0.00392299
192    0.00388486
193    0.0039175
194    0.00391419
195    0.00392569
196    0.00389953
197    0.0039192
198    0.00391857
199    0.00390358
200    0.00391612
201    0.00392063
202    0.00390344
203    0.00390778
204    0.00389807
205    0.00388008
206    0.00387906
207    0.00391151
208    0.00391108
209    0.00385969
210    0.00390381
211    0.00391758
212    0.00388398
213    0.00389818
214    0.0039102
215    0.00392205
216    0.00391495
217    0.00393838
218    0.00391888
219    0.00392069
220    0.00393011
221    0.00391613
222    0.00391647
223    0.00391799
224    0.00391183
225    0.00389204
226    0.00390421
227    0.00391007
228    0.00392919
229    0.00393545
230    0.00391581
231    0.00388919
232    0.00389737
233    0.00389965
234    0.00390814
235    0.00389977
236    0.00391512
237    0.00390091
238    0.00389532
239    0.00389558
240    0.00389831
241    0.00389372
242    0.00391082
243    0.00390557
244    0.00388967
245    0.00390066
246    0.00391549
247    0.00391044
248    0.00387629
249    0.00392261
250    0.0039025
251    0.00388782
252    0.00391814
253    0.00388809
254    0.00390718
255    0.003888
