0    0.00390411
1    0.00391175
2    0.00391846
3    0.00389015
4    0.00389334
5    0.00391662
6    0.00391311
7    0.00388164
8    0.00390042
9    0.0039074
10    0.00391719
11    0.00390223
12    0.00389146
13    0.00387186
14    0.00389431
15    0.0039153
16    0.00389071
17    0.00391727
18    0.00386736
19    0.00388329
20    0.00392357
21    0.00390318
22    0.00392066
23    0.00391302
24    0.00391532
25    0.00392168
26    0.00390937
27    0.00391231
28    0.00391224
29    0.00391671
30    0.00391863
31    0.00391767
32    0.00391188
33    0.00389544
34    0.00389301
35    0.00388625
36    0.00391839
37    0.00394242
38    0.00387836
39    0.00391252
40    0.00391436
41    0.0038917
42    0.00392915
43    0.00390569
44    0.00391857
45    0.00391855
46    0.00387667
47    0.00391045
48    0.00390043
49    0.00391148
50    0.00391523
51    0.00390141
52    0.00388397
53    0.00388432
54    0.00390568
55    0.00390954
56    0.0039104
57    0.00391433
58    0.00391519
59    0.00390275
60    0.00388596
61    0.00388777
62    0.00391836
63    0.0038878
64    0.00393021
65    0.00388529
66    0.00391206
67    0.00387562
68    0.00390491
69    0.00390477
70    0.00386112
71    0.00389253
72    0.00391025
73    0.00389985
74    0.00390461
75    0.00388816
76    0.00389695
77    0.00389783
78    0.00389721
79    0.00391043
80    0.00391782
81    0.00388732
82    0.00392327
83    0.00388052
84    0.003915
85    0.00392586
86    0.00389576
87    0.00390314
88    0.00390576
89    0.00389463
90    0.00390463
91    0.00391404
92    0.00387524
93    0.00391525
94    0.00393935
95    0.00386038
96    0.00390995
97    0.00390672
98    0.00390769
99    0.00390913
100    0.00391636
101    0.00390781
102    0.0038914
103    0.0038972
104    0.00389869
105    0.0038941
106    0.00390646
107    0.00389175
108    0.00391486
109    0.00391141
110    0.00390545
111    0.00391508
112    0.00387739
113    0.00388872
114    0.00388512
115    0.00389224
116    0.0038995
117    0.00389414
118    0.00390092
119    0.00391519
120    0.00388966
121    0.00391906
122    0.00390244
123    0.00388697
124    0.00389537
125    0.00391154
126    0.00391359
127    0.00389302
128    0.0039046
129    0.00390302
130    0.00388847
131    0.00390333
132    0.00390257
133    0.0039058
134    0.00390463
135    0.00389833
136    0.00391007
137    0.00391964
138    0.00390493
139    0.00391028
140    0.00389491
141    0.00389289
142    0.00392367
143    0.00388178
144    0.00390399
145    0.00391586
146    0.00390897
147    0.00388741
148    0.00388669
149    0.00392378
150    0.00392649
151    0.00391156
152    0.00390133
153    0.00393304
154    0.0038905
155    0.0038812
156    0.00390305
157    0.00391342
158    0.00389756
159    0.00391255
160    0.00389956
161    0.00392387
162    0.00393555
163    0.00389718
164    0.00391719
165    0.00392122
166    0.00389251
167    0.00391975
168    0.0038989
169    0.0039165
170    0.00389288
171    0.00392144
172    0.00390016
173    0.0038917
174    0.00390549
175    0.00389762
176    0.00392445
177    0.00392558
178    0.00391178
179    0.00390114
180    0.00390096
181    0.00390479
182    0.00388123
183    0.00392549
184    0.0039177
185    0.00394319
186    0.00392263
187    0.0039181
188    0.00390744
189    0.00390698
190    0.00391634
191    0.00390857
192    0.00387597
193    0.00391843
194    0.00387371
195    0.00390309
196    0.00393163
197    0.00391018
198    0.00392921
199    0.00393168
200    0.00390631
201    0.00394106
202    0.00391448
203    0.003887
204    0.00388935
205    0.00392901
206    0.00390057
207    0.00392474
208    0.00392241
209    0.00390176
210    0.00392506
211    0.00391635
212    0.00391228
213    0.00391189
214    0.00392604
215    0.00391981
216    0.00390024
217    0.00391389
218    0.00392632
219    0.00388708
220    0.00391271
221    0.00389719
222    0.00391702
223    0.00389344
224    0.00388417
225    0.00390677
226    0.00394169
227    0.00388777
228    0.00390645
229    0.00391548
230    0.00393687
231    0.00392175
232    0.00389889
233    0.0039014
234    0.00389659
235    0.00393235
236    0.00391449
237    0.00389373
238    0.00390471
239    0.00389637
240    0.00390959
241    0.00390114
242    0.00391888
243    0.00391172
244    0.0038798
245    0.00392284
246    0.00394396
247    0.00391326
248    0.00390894
249    0.00392838
250    0.00390774
251    0.00392641
252    0.00392453
253    0.00391119
254    0.00390255
255    0.00391639
