0    0.00393603
1    0.00391524
2    0.0038894
3    0.00387696
4    0.00390334
5    0.00393269
6    0.00389689
7    0.00385686
8    0.00389251
9    0.00390573
10    0.00388023
11    0.00394058
12    0.00389337
13    0.00391641
14    0.00387603
15    0.00390423
16    0.00391448
17    0.00392921
18    0.00391086
19    0.00391015
20    0.00388521
21    0.00392014
22    0.0039248
23    0.00391015
24    0.00392037
25    0.00389636
26    0.003919
27    0.00389438
28    0.00389259
29    0.00389447
30    0.00388623
31    0.00389712
32    0.00391812
33    0.00392141
34    0.00393091
35    0.00391144
36    0.00389589
37    0.00389044
38    0.00390947
39    0.0039067
40    0.00393509
41    0.00391933
42    0.00389914
43    0.00390157
44    0.00391568
45    0.00391864
46    0.00389633
47    0.00391549
48    0.00389729
49    0.00391449
50    0.00388871
51    0.00391065
52    0.00389653
53    0.00392
54    0.00391678
55    0.00393645
56    0.00388441
57    0.00390606
58    0.00391618
59    0.00389213
60    0.00390441
61    0.00392185
62    0.00392018
63    0.00390272
64    0.00391486
65    0.00390062
66    0.00390409
67    0.0039264
68    0.00390364
69    0.00390262
70    0.00391614
71    0.00390753
72    0.00389165
73    0.00390631
74    0.00388816
75    0.00390972
76    0.00390741
77    0.00390111
78    0.00389114
79    0.00389524
80    0.00391691
81    0.00389046
82    0.00389753
83    0.00388883
84    0.00392664
85    0.0039409
86    0.00391818
87    0.00391298
88    0.00393219
89    0.00392287
90    0.00388325
91    0.00389963
92    0.00393086
93    0.00390904
94    0.00389818
95    0.00389309
96    0.00390783
97    0.00390519
98    0.00390471
99    0.00390488
100    0.00389091
101    0.00388669
102    0.0039101
103    0.00387656
104    0.00390398
105    0.00390452
106    0.00392289
107    0.00391231
108    0.00391329
109    0.00389331
110    0.00390541
111    0.00390718
112    0.0039083
113    0.00391506
114    0.00391998
115    0.00393822
116    0.00391444
117    0.00390285
118    0.00390223
119    0.0039035
120    0.00389199
121    0.00390763
122    0.00388999
123    0.00390347
124    0.00388518
125    0.00390554
126    0.00391686
127    0.00389147
128    0.0039349
129    0.00390099
130    0.00394136
131    0.00389865
132    0.0039228
133    0.00391313
134    0.00387111
135    0.00390352
136    0.00389553
137    0.00391343
138    0.00391741
139    0.00391189
140    0.00392359
141    0.00392866
142    0.00388285
143    0.00390739
144    0.00391837
145    0.00389368
146    0.00390242
147    0.00390121
148    0.00389016
149    0.00391214
150    0.0038821
151    0.00390634
152    0.00391806
153    0.00389646
154    0.00388929
155    0.00388877
156    0.00389696
157    0.00387736
158    0.00387391
159    0.00393478
160    0.00391517
161    0.00390944
162    0.00392719
163    0.00393356
164    0.00390467
165    0.00392619
166    0.00391124
167    0.00389119
168    0.00387047
169    0.00391854
170    0.00390759
171    0.00391672
172    0.00389614
173    0.00389646
174    0.00390917
175    0.00391632
176    0.00389378
177    0.00390497
178    0.00390785
179    0.00391903
180    0.00392508
181    0.00391703
182    0.00390753
183    0.00391813
184    0.00391039
185    0.00390972
186    0.00390279
187    0.00392803
188    0.00388882
189    0.00390836
190    0.00388879
191    0.00388523
192    0.0039295
193    0.00391623
194    0.00390154
195    0.00390479
196    0.00387289
197    0.0038838
198    0.00391754
199    0.00389878
200    0.00390358
201    0.00390221
202    0.00392247
203    0.00388966
204    0.00390348
205    0.0039167
206    0.00388757
207    0.00387561
208    0.00393742
209    0.00391303
210    0.00390541
211    0.00389769
212    0.00392856
213    0.00391205
214    0.00390334
215    0.00390501
216    0.00391358
217    0.00389688
218    0.00391887
219    0.00390919
220    0.00391069
221    0.00390254
222    0.00392488
223    0.00389725
224    0.00387975
225    0.00391624
226    0.00388697
227    0.00390443
228    0.00390535
229    0.00391043
230    0.00391341
231    0.00388737
232    0.00390771
233    0.00393303
234    0.00391517
235    0.00391877
236    0.00390884
237    0.00389916
238    0.00390469
239    0.00391495
240    0.00389351
241    0.00392996
242    0.00388335
243    0.00391222
244    0.00388569
245    0.0039146
246    0.00389279
247    0.00391247
248    0.00391847
249    0.00391625
250    0.00388945
251    0.00389772
252    0.00390366
253    0.00389278
254    0.00393014
255    0.00389197
