0    0.0039165
1    0.0038522
2    0.003917
3    0.00391238
4    0.00390622
5    0.00387984
6    0.00390918
7    0.00391492
8    0.00394243
9    0.00391765
10    0.00392158
11    0.00390965
12    0.00388708
13    0.00392132
14    0.00387501
15    0.00389348
16    0.00391023
17    0.00392915
18    0.0039281
19    0.00389101
20    0.00388816
21    0.00388254
22    0.00388581
23    0.00389644
24    0.00391939
25    0.00391164
26    0.00387649
27    0.00393017
28    0.00390941
29    0.00388908
30    0.00388107
31    0.00389509
32    0.0038948
33    0.00390524
34    0.00390135
35    0.00388285
36    0.00390062
37    0.00388184
38    0.00391428
39    0.00393824
40    0.00390113
41    0.00392426
42    0.00389514
43    0.00393591
44    0.00389306
45    0.00393551
46    0.00392443
47    0.00393479
48    0.0039348
49    0.00389523
50    0.00389064
51    0.00389032
52    0.0039159
53    0.00390953
54    0.00391487
55    0.00390682
56    0.00390001
57    0.00386889
58    0.00388232
59    0.00391757
60    0.00390454
61    0.00389478
62    0.00391874
63    0.00388045
64    0.00390198
65    0.00391052
66    0.00390397
67    0.0039273
68    0.00392865
69    0.00390416
70    0.0038823
71    0.00391264
72    0.00392032
73    0.00389655
74    0.00392883
75    0.00388232
76    0.00390229
77    0.0039074
78    0.00391511
79    0.00390467
80    0.00390872
81    0.00393091
82    0.00389288
83    0.003919
84    0.00391426
85    0.00392299
86    0.0039138
87    0.00390271
88    0.0039165
89    0.00390939
90    0.00392538
91    0.00387106
92    0.00391804
93    0.0039099
94    0.00391685
95    0.00391289
96    0.00391834
97    0.00388448
98    0.00390843
99    0.00388993
100    0.00391062
101    0.00391839
102    0.00391178
103    0.0039147
104    0.00389102
105    0.00390416
106    0.00390201
107    0.00392478
108    0.0039083
109    0.00390334
110    0.003911
111    0.00390147
112    0.00388929
113    0.00388642
114    0.00388159
115    0.00389801
116    0.00389915
117    0.00392227
118    0.00392481
119    0.00391837
120    0.00388135
121    0.00391631
122    0.00390842
123    0.0039051
124    0.00390362
125    0.00390601
126    0.00390247
127    0.00390442
128    0.00392008
129    0.00391049
130    0.00389449
131    0.00388335
132    0.00390502
133    0.00390046
134    0.00387459
135    0.00391422
136    0.00388239
137    0.00389235
138    0.00390211
139    0.0039059
140    0.00391939
141    0.00393607
142    0.00392437
143    0.00389661
144    0.00390398
145    0.00390655
146    0.00389242
147    0.00390864
148    0.00393007
149    0.00388293
150    0.00389738
151    0.00391881
152    0.00388476
153    0.00391762
154    0.00392533
155    0.00391052
156    0.00392603
157    0.00391531
158    0.00388123
159    0.00388517
160    0.00393648
161    0.00389363
162    0.00387905
163    0.00388178
164    0.00392706
165    0.00391374
166    0.00389698
167    0.00391982
168    0.00393578
169    0.00393124
170    0.00388495
171    0.00388678
172    0.00391282
173    0.00388845
174    0.00393151
175    0.00389049
176    0.00387769
177    0.00388453
178    0.00392552
179    0.00391081
180    0.00390686
181    0.00389409
182    0.0039031
183    0.00394524
184    0.00389255
185    0.00388755
186    0.00391602
187    0.0038946
188    0.0039242
189    0.0038982
190    0.0039063
191    0.00391481
192    0.00389552
193    0.00391669
194    0.00387974
195    0.00392335
196    0.00392429
197    0.00390005
198    0.00391128
199    0.00390934
200    0.00387844
201    0.00392081
202    0.00389027
203    0.00389186
204    0.0039291
205    0.00390526
206    0.00393236
207    0.00391685
208    0.00387204
209    0.00393107
210    0.00391363
211    0.00390602
212    0.00391179
213    0.00389536
214    0.00394265
215    0.00391264
216    0.00390442
217    0.00391978
218    0.00390122
219    0.00391575
220    0.00391039
221    0.00388712
222    0.00391094
223    0.00391974
224    0.00388993
225    0.0039421
226    0.00390972
227    0.0039208
228    0.00389738
229    0.00393203
230    0.00389011
231    0.00390308
232    0.00390232
233    0.00390673
234    0.00392075
235    0.00391231
236    0.00389844
237    0.00391681
238    0.00391115
239    0.00393135
240    0.00391645
241    0.00389284
242    0.00389753
243    0.00392469
244    0.00388924
245    0.00390188
246    0.00389694
247    0.00390777
248    0.00390495
249    0.00390133
250    0.00390506
251    0.00388402
252    0.00389165
253    0.00390344
254    0.00391296
255    0.00390946
