0    0.00388645
1    0.00389801
2    0.00391155
3    0.00391612
4    0.00388816
5    0.00392163
6    0.00390594
7    0.00391219
8    0.00392217
9    0.00392854
10    0.00390556
11    0.00391212
12    0.0039105
13    0.00394457
14    0.00392032
15    0.00390175
16    0.00391461
17    0.00392201
18    0.00391224
19    0.00389883
20    0.00389535
21    0.00391265
22    0.00389619
23    0.00390844
24    0.00387973
25    0.00390555
26    0.00389015
27    0.00390489
28    0.00390102
29    0.00390609
30    0.00391787
31    0.00394269
32    0.00393389
33    0.00390078
34    0.00390282
35    0.00389627
36    0.00389333
37    0.00391041
38    0.00391728
39    0.00389839
40    0.0039183
41    0.0039187
42    0.00392331
43    0.00391927
44    0.0039105
45    0.00390958
46    0.003894
47    0.00391587
48    0.00389084
49    0.00387647
50    0.00389031
51    0.00392809
52    0.00390585
53    0.00388955
54    0.00390868
55    0.00391475
56    0.00388815
57    0.0039117
58    0.00389107
59    0.00387905
60    0.00390726
61    0.00388522
62    0.00387415
63    0.00388894
64    0.00387589
65    0.00390826
66    0.00390383
67    0.00392107
68    0.00389111
69    0.00393916
70    0.00388809
71    0.00392494
72    0.00392094
73    0.00392145
74    0.00391322
75    0.00387843
76    0.00391435
77    0.00393183
78    0.0038955
79    0.0038986
80    0.00391643
81    0.00392682
82    0.00391814
83    0.00391836
84    0.00391138
85    0.00389997
86    0.0039067
87    0.00389414
88    0.00387647
89    0.0039057
90    0.00389062
91    0.00389395
92    0.00392294
93    0.00393029
94    0.00389323
95    0.00391939
96    0.00390762
97    0.00390569
98    0.00388887
99    0.00392199
100    0.00389473
101    0.00388552
102    0.00390881
103    0.00391376
104    0.00391954
105    0.00390652
106    0.00389821
107    0.00391889
108    0.00391863
109    0.00392594
110    0.00391151
111    0.00392099
112    0.00390155
113    0.00388365
114    0.00389068
115    0.00391581
116    0.00389344
117    0.00389136
118    0.00392625
119    0.00389659
120    0.00391749
121    0.00388913
122    0.0038763
123    0.00393245
124    0.00390221
125    0.00390817
126    0.00391833
127    0.00391915
128    0.00390272
129    0.00392706
130    0.00392917
131    0.00389067
132    0.00389072
133    0.00390269
134    0.00387608
135    0.00389455
136    0.00390911
137    0.00389498
138    0.00388198
139    0.00392504
140    0.00392187
141    0.00391982
142    0.00393495
143    0.00389733
144    0.00391343
145    0.00390926
146    0.00390238
147    0.00389382
148    0.00390475
149    0.00391131
150    0.00391847
151    0.00390432
152    0.00389099
153    0.00389952
154    0.00387341
155    0.00392241
156    0.00390903
157    0.00390067
158    0.00388538
159    0.00393623
160    0.00392135
161    0.00390295
162    0.0038901
163    0.00389516
164    0.00389863
165    0.00390508
166    0.00391623
167    0.00391003
168    0.00394053
169    0.00389469
170    0.00391297
171    0.00389597
172    0.00389615
173    0.00387883
174    0.00390892
175    0.00391361
176    0.0039185
177    0.00392933
178    0.00389817
179    0.00392049
180    0.003908
181    0.00390657
182    0.00390242
183    0.00391589
184    0.00392133
185    0.00389367
186    0.00389151
187    0.00390966
188    0.00387792
189    0.00388896
190    0.00391782
191    0.00388443
192    0.00388343
193    0.00390399
194    0.0039103
195    0.00390635
196    0.00391901
197    0.00392028
198    0.00390618
199    0.00388682
200    0.00393521
201    0.00390272
202    0.00391078
203    0.00390694
204    0.00391741
205    0.00389579
206    0.00392384
207    0.00389879
208    0.00390455
209    0.00389475
210    0.00388572
211    0.00393848
212    0.00390486
213    0.00389804
214    0.00390747
215    0.00390973
216    0.00389428
217    0.00390451
218    0.00390024
219    0.00390119
220    0.00389662
221    0.00393176
222    0.003889
223    0.00389804
224    0.00389371
225    0.00391094
226    0.00392314
227    0.00391784
228    0.0039001
229    0.0039184
230    0.00391376
231    0.00391453
232    0.00392484
233    0.00390382
234    0.00390079
235    0.00393491
236    0.00390023
237    0.00390909
238    0.00394774
239    0.00389246
240    0.00388401
241    0.00389996
242    0.00390467
243    0.00391411
244    0.00390099
245    0.00391241
246    0.00388957
247    0.00392492
248    0.00390246
249    0.00390573
250    0.00389265
251    0.0039039
252    0.00388511
253    0.00391113
254    0.00391618
255    0.00387112
