0    0.00391304
1    0.00391754
2    0.00392449
3    0.00391323
4    0.00387975
5    0.00391855
6    0.00392842
7    0.00391519
8    0.00392379
9    0.00388808
10    0.00389126
11    0.00389249
12    0.00388908
13    0.00391613
14    0.00389448
15    0.00393361
16    0.00388442
17    0.00390031
18    0.00391037
19    0.00391316
20    0.0039085
21    0.00389518
22    0.00389429
23    0.00391085
24    0.00392243
25    0.00392716
26    0.00391107
27    0.00393131
28    0.00390972
29    0.00392166
30    0.00392735
31    0.00391313
32    0.00391499
33    0.00390689
34    0.00392684
35    0.00393943
36    0.00393789
37    0.00389552
38    0.0038977
39    0.00390762
40    0.00392841
41    0.00390538
42    0.00392165
43    0.00389139
44    0.00390474
45    0.00390452
46    0.00389358
47    0.00389441
48    0.00392046
49    0.00389776
50    0.00390501
51    0.00390875
52    0.00388775
53    0.00389818
54    0.00391798
55    0.00389572
56    0.00392044
57    0.00390862
58    0.00388505
59    0.00391254
60    0.00393126
61    0.00391958
62    0.003884
63    0.00389627
64    0.00391128
65    0.00390193
66    0.0038934
67    0.00391055
68    0.00391928
69    0.00390157
70    0.00389124
71    0.00387704
72    0.00390323
73    0.00390392
74    0.00392625
75    0.00390275
76    0.00392296
77    0.00391181
78    0.0039114
79    0.00392922
80    0.00386453
81    0.00390417
82    0.00387269
83    0.00390065
84    0.00389434
85    0.00390063
86    0.00395236
87    0.00392851
88    0.00390304
89    0.00391522
90    0.00388212
91    0.00390115
92    0.00390502
93    0.00390596
94    0.00389256
95    0.00390727
96    0.00389388
97    0.00392043
98    0.00393509
99    0.00389399
100    0.0039023
101    0.00389884
102    0.0038856
103    0.00392439
104    0.00390699
105    0.00390534
106    0.00388944
107    0.00387177
108    0.00390481
109    0.00391385
110    0.00389712
111    0.0039062
112    0.00388375
113    0.00388373
114    0.00391993
115    0.00390078
116    0.00391832
117    0.00392607
118    0.00388476
119    0.00391162
120    0.00388218
121    0.00388778
122    0.00391667
123    0.00390661
124    0.00389098
125    0.00388076
126    0.00389685
127    0.00391274
128    0.00391171
129    0.00388914
130    0.00391013
131    0.00388952
132    0.00389764
133    0.00390638
134    0.00390393
135    0.00389019
136    0.00389664
137    0.00389946
138    0.00390489
139    0.00388898
140    0.0038874
141    0.00387539
142    0.00391456
143    0.0039127
144    0.00388645
145    0.00393063
146    0.00391169
147    0.00390049
148    0.00389449
149    0.00389959
150    0.00391497
151    0.00392029
152    0.00388879
153    0.00390324
154    0.00391632
155    0.0038972
156    0.00391975
157    0.00387932
158    0.00390795
159    0.00392089
160    0.00394175
161    0.0038966
162    0.00390419
163    0.00390479
164    0.00392882
165    0.00390394
166    0.00393533
167    0.00391345
168    0.00392222
169    0.00388105
170    0.00391298
171    0.00391359
172    0.003921
173    0.00391396
174    0.00391704
175    0.00389738
176    0.00388513
177    0.00392291
178    0.00390408
179    0.0038891
180    0.00390493
181    0.00391316
182    0.00390893
183    0.0038813
184    0.0038974
185    0.00390158
186    0.00391176
187    0.00388659
188    0.00388928
189    0.00390633
190    0.00389382
191    0.00389884
192    0.00391096
193    0.00390003
194    0.00389327
195    0.00391002
196    0.00388539
197    0.003928
198    0.00390806
199    0.00390692
200    0.00391939
201    0.00389553
202    0.00390645
203    0.00389965
204    0.00392179
205    0.00388753
206    0.00392599
207    0.00389313
208    0.00390316
209    0.00391153
210    0.00393123
211    0.00392822
212    0.00387763
213    0.00390943
214    0.00388755
215    0.00391338
216    0.00390324
217    0.00391343
218    0.00390545
219    0.00391388
220    0.00389564
221    0.00386151
222    0.00389811
223    0.00391374
224    0.00391546
225    0.00391376
226    0.00389909
227    0.00391972
228    0.00392049
229    0.00390622
230    0.00390892
231    0.00391237
232    0.00393678
233    0.00391125
234    0.00389498
235    0.00389999
236    0.00390659
237    0.00391299
238    0.00393346
239    0.00391957
240    0.00391058
241    0.00389367
242    0.0039071
243    0.00390544
244    0.00391194
245    0.00392889
246    0.00389116
247    0.00391134
248    0.00391285
249    0.00387929
250    0.00392341
251    0.00391428
252    0.00390548
253    0.00393564
254    0.00391847
255    0.00392362
