0    0.00390818
1    0.00390324
2    0.00390332
3    0.00391422
4    0.00390165
5    0.00390982
6    0.00391033
7    0.0038729
8    0.0039056
9    0.00389798
10    0.00390875
11    0.00389921
12    0.00390105
13    0.00391297
14    0.00392445
15    0.00391909
16    0.00391985
17    0.0038841
18    0.00390924
19    0.00388942
20    0.00390894
21    0.00388335
22    0.0039025
23    0.00389493
24    0.00390175
25    0.00392079
26    0.00390567
27    0.00392386
28    0.0039259
29    0.00390632
30    0.00390462
31    0.00390615
32    0.00392514
33    0.00390179
34    0.00392571
35    0.00391673
36    0.00390701
37    0.00392144
38    0.00392549
39    0.00391792
40    0.00389996
41    0.00390079
42    0.00392116
43    0.00389358
44    0.00392021
45    0.00392517
46    0.00388942
47    0.00390436
48    0.00386706
49    0.00390039
50    0.00392919
51    0.00388666
52    0.00391948
53    0.00390875
54    0.00389365
55    0.00393122
56    0.0039182
57    0.00389497
58    0.00393431
59    0.0038962
60    0.00388736
61    0.00392324
62    0.00390335
63    0.00391461
64    0.00392382
65    0.00391521
66    0.00390663
67    0.00392088
68    0.00392044
69    0.00389093
70    0.00389494
71    0.00389772
72    0.00392625
73    0.00392221
74    0.00391912
75    0.00392575
76    0.00390735
77    0.00389979
78    0.00386928
79    0.00388746
80    0.00389309
81    0.00390086
82    0.00390282
83    0.00391799
84    0.00388918
85    0.00388405
86    0.00391581
87    0.00390974
88    0.00391461
89    0.00391177
90    0.00386573
91    0.00389444
92    0.00390083
93    0.00390387
94    0.00392233
95    0.00393846
96    0.00387623
97    0.00391568
98    0.00390274
99    0.0039201
100    0.00390781
101    0.00390718
102    0.00390177
103    0.00388942
104    0.00387749
105    0.00391766
106    0.00389801
107    0.00391421
108    0.00392102
109    0.00388477
110    0.00393478
111    0.00392132
112    0.00386962
113    0.0038997
114    0.00388481
115    0.00388324
116    0.00390464
117    0.00388526
118    0.00392535
119    0.00390336
120    0.00391063
121    0.00394033
122    0.00391246
123    0.00390843
124    0.00390422
125    0.00388696
126    0.00390868
127    0.00389678
128    0.00389058
129    0.00389297
130    0.00391246
131    0.00389272
132    0.00390361
133    0.00388501
134    0.00388782
135    0.00391773
136    0.00393076
137    0.00389094
138    0.00389652
139    0.00391767
140    0.00390104
141    0.00389677
142    0.00391174
143    0.00388699
144    0.00391794
145    0.00388395
146    0.00391865
147    0.00391119
148    0.00391977
149    0.00391784
150    0.00392516
151    0.00391151
152    0.00393194
153    0.00391602
154    0.00388431
155    0.00389819
156    0.00390474
157    0.00390415
158    0.00390375
159    0.00390945
160    0.00390847
161    0.0039069
162    0.0039046
163    0.00389832
164    0.00393193
165    0.00390381
166    0.00388055
167    0.00387535
168    0.00389681
169    0.00391675
170    0.0038894
171    0.00388426
172    0.00390649
173    0.0039028
174    0.00391269
175    0.00393309
176    0.00389953
177    0.00391095
178    0.00391444
179    0.00394956
180    0.00388929
181    0.0039081
182    0.00393345
183    0.00390949
184    0.00390165
185    0.00389913
186    0.00389693
187    0.0039511
188    0.00391715
189    0.00391442
190    0.00391544
191    0.0039254
192    0.00391481
193    0.00388989
194    0.00391955
195    0.00391901
196    0.00390809
197    0.00388607
198    0.00392722
199    0.00391064
200    0.00392031
201    0.00388267
202    0.00391527
203    0.00388477
204    0.00386807
205    0.00389345
206    0.00391481
207    0.00391224
208    0.00392222
209    0.00388817
210    0.00390504
211    0.00388759
212    0.00390681
213    0.0039193
214    0.00389579
215    0.00389373
216    0.00389915
217    0.00390308
218    0.00390231
219    0.00391453
220    0.00391201
221    0.00388959
222    0.00391193
223    0.00388544
224    0.00391175
225    0.00389753
226    0.00390566
227    0.00390787
228    0.00389865
229    0.00391408
230    0.00389603
231    0.003896
232    0.00389099
233    0.00390364
234    0.00393227
235    0.00390216
236    0.00391458
237    0.00390976
238    0.00391403
239    0.00389365
240    0.00391738
241    0.00391352
242    0.00390553
243    0.00390098
244    0.00391193
245    0.00391586
246    0.00393442
247    0.00389902
248    0.00390388
249    0.00391282
250    0.00389122
251    0.00389186
252    0.00390802
253    0.00391277
254    0.00391603
255    0.00391774
