0    0.00388664
1    0.00388981
2    0.00388727
3    0.00389073
4    0.00388704
5    0.00389276
6    0.00390551
7    0.00390666
8    0.00390874
9    0.00388533
10    0.0039329
11    0.00391567
12    0.00393032
13    0.00390542
14    0.0038915
15    0.00389068
16    0.00389673
17    0.00389461
18    0.00390631
19    0.00387536
20    0.0039469
21    0.00389177
22    0.0039019
23    0.00391262
24    0.00391308
25    0.00391688
26    0.00390792
27    0.00390626
28    0.00389634
29    0.00388579
30    0.00392259
31    0.00391906
32    0.0039441
33    0.0039005
34    0.00387927
35    0.0039004
36    0.00389002
37    0.00388703
38    0.00391037
39    0.00391381
40    0.00389868
41    0.00389795
42    0.00392141
43    0.00388361
44    0.00389063
45    0.00390899
46    0.00388859
47    0.00389559
48    0.00389981
49    0.00390777
50    0.00392359
51    0.00389549
52    0.00388225
53    0.00390745
54    0.0038841
55    0.00388415
56    0.00387959
57    0.00390172
58    0.003901
59    0.00389153
60    0.00391303
61    0.00390345
62    0.00392043
63    0.00389956
64    0.00391949
65    0.00391623
66    0.00391738
67    0.00390861
68    0.00392809
69    0.00393121
70    0.00393712
71    0.00391704
72    0.00388466
73    0.00387643
74    0.0039059
75    0.00388895
76    0.00394197
77    0.00391348
78    0.00390142
79    0.00390573
80    0.00388916
81    0.00390702
82    0.00390398
83    0.00389551
84    0.0039062
85    0.00392075
86    0.00389982
87    0.00391555
88    0.00390611
89    0.00390973
90    0.00388729
91    0.00390843
92    0.00390243
93    0.00389577
94    0.00390183
95    0.00392662
96    0.00389835
97    0.00393235
98    0.00389581
99    0.00389759
100    0.00390166
101    0.00387414
102    0.0039122
103    0.0039176
104    0.00387235
105    0.0039145
106    0.00391863
107    0.00392715
108    0.00389307
109    0.00390378
110    0.00389731
111    0.00389727
112    0.00391608
113    0.00388766
114    0.00390554
115    0.0039258
116    0.00391382
117    0.00389292
118    0.00391595
119    0.00391761
120    0.00391378
121    0.00389689
122    0.00388719
123    0.00392958
124    0.00392875
125    0.00391282
126    0.00389903
127    0.00390115
128    0.00392403
129    0.00392599
130    0.0039269
131    0.00388699
132    0.00391733
133    0.00386106
134    0.00390789
135    0.00390071
136    0.00391586
137    0.00391326
138    0.00391863
139    0.00390058
140    0.00392767
141    0.00392157
142    0.00386252
143    0.00394065
144    0.00390729
145    0.00390545
146    0.00390174
147    0.00389654
148    0.00392705
149    0.00391883
150    0.00392122
151    0.00388903
152    0.00389759
153    0.00391479
154    0.00390774
155    0.00390666
156    0.00390948
157    0.00388606
158    0.00393373
159    0.003908
160    0.00390331
161    0.00392546
162    0.00389369
163    0.00391893
164    0.00389652
165    0.00390532
166    0.0038878
167    0.00391756
168    0.0039163
169    0.00392899
170    0.00389617
171    0.00389235
172    0.00391798
173    0.00390067
174    0.00394777
175    0.00394414
176    0.00391407
177    0.00392379
178    0.00392971
179    0.00389916
180    0.00391502
181    0.00388006
182    0.00388861
183    0.00389315
184    0.00391801
185    0.00392783
186    0.00390844
187    0.00391551
188    0.00390385
189    0.00389913
190    0.00390352
191    0.00389659
192    0.00391375
193    0.00391436
194    0.00389789
195    0.00390656
196    0.00388553
197    0.00388012
198    0.0039106
199    0.00389004
200    0.00392398
201    0.00391841
202    0.00389528
203    0.00391504
204    0.00393587
205    0.00388769
206    0.00391814
207    0.00389507
208    0.00391269
209    0.00391961
210    0.00389941
211    0.00392902
212    0.00389378
213    0.00389365
214    0.00394756
215    0.00389148
216    0.00394168
217    0.00390177
218    0.00390775
219    0.00390703
220    0.00390911
221    0.00389929
222    0.0039
223    0.00391776
224    0.00391041
225    0.00390979
226    0.0039013
227    0.00391254
228    0.00391394
229    0.00389845
230    0.00388701
231    0.00391402
232    0.00388907
233    0.00391784
234    0.00393263
235    0.00391892
236    0.00390889
237    0.00391263
238    0.0039043
239    0.00390669
240    0.00390324
241    0.00389199
242    0.00389535
243    0.003904
244    0.00390845
245    0.00391483
246    0.00390583
247    0.00389611
248    0.00393643
249    0.00389121
250    0.00389443
251    0.00389838
252    0.00388932
253    0.00387375
254    0.00391066
255    0.0039202
