0 0.00391471
1 0.00390449
2 0.00390449
3 0.0039045
4 0.00390462
5 0.00390456
6 0.00390457
7 0.0039046
8 0.0039046
9 0.00390461
10 0.00390463
11 0.00390463
12 0.00390465
13 0.00390466
14 0.00390467
15 0.00390468
16 0.00390471
17 0.00390473
18 0.00390474
19 0.00390476
20 0.00390477
21 0.00390476
22 0.00390478
23 0.0039048
24 0.00390484
25 0.00390484
26 0.00390485
27 0.00390488
28 0.00390488
29 0.00390488
30 0.00390491
31 0.0039049
32 0.00390495
33 0.00390495
34 0.00390494
35 0.00390499
36 0.00390497
37 0.003905
38 0.003905
39 0.00390502
40 0.00390504
41 0.00390506
42 0.00390507
43 0.00390507
44 0.00390509
45 0.00390513
46 0.0039051
47 0.00390515
48 0.00390516
49 0.00390516
50 0.00390516
51 0.0039052
52 0.0039052
53 0.00390523
54 0.00390523
55 0.00390525
56 0.00390525
57 0.00390525
58 0.00390527
59 0.00390531
60 0.0039053
61 0.00390522
62 0.00390532
63 0.00390532
64 0.00390541
65 0.00390537
66 0.00390537
67 0.00390541
68 0.00390539
69 0.00390542
70 0.00390542
71 0.00390544
72 0.00390544
73 0.00390547
74 0.00390548
75 0.00390548
76 0.00390552
77 0.00390552
78 0.00390554
79 0.00390555
80 0.00390557
81 0.00390559
82 0.00390557
83 0.00390558
84 0.0039056
85 0.0039056
86 0.00390562
87 0.00390563
88 0.00390565
89 0.00390568
90 0.00390568
91 0.00390566
92 0.0039057
93 0.0039057
94 0.00390572
95 0.00390572
96 0.00390578
97 0.00390574
98 0.00390576
99 0.00390576
100 0.00390579
101 0.00390581
102 0.0039058
103 0.00390582
104 0.00390582
105 0.00390584
106 0.00390584
107 0.00390584
108 0.00390591
109 0.00390588
110 0.0039059
111 0.0039059
112 0.00390592
113 0.00390593
114 0.00390592
115 0.00390593
116 0.00390595
117 0.00390595
118 0.00390595
119 0.00390599
120 0.00390602
121 0.00390569
122 0.00391033
123 0.00390512
124 0.00390516
125 0.00390516
126 0.00390516
127 0.0039052
128 0.00390533
129 0.00390524
130 0.00390526
131 0.00390527
132 0.00390531
133 0.00390533
134 0.00390535
135 0.00390539
136 0.0039054
137 0.00390544
138 0.00390547
139 0.00390551
140 0.00390552
141 0.00390554
142 0.00390557
143 0.00390558
144 0.00390561
145 0.00390564
146 0.00390566
147 0.0039057
148 0.00390573
149 0.00390574
150 0.00390574
151 0.00390579
152 0.0039058
153 0.00390584
154 0.00390586
155 0.0039059
156 0.0039059
157 0.00390593
158 0.00390596
159 0.003906
160 0.00390603
161 0.00390603
162 0.00390609
163 0.00390609
164 0.00390613
165 0.00390616
166 0.00390619
167 0.0039062
168 0.00390622
169 0.00390628
170 0.0039063
171 0.00390631
172 0.00390635
173 0.00390637
174 0.0039064
175 0.00390646
176 0.00390647
177 0.0039065
178 0.00390652
179 0.00390655
180 0.00390658
181 0.00390662
182 0.00390665
183 0.00390667
184 0.00390672
185 0.00390675
186 0.00390676
187 0.00390682
188 0.00390684
189 0.00390686
190 0.00390692
191 0.00390693
192 0.00390697
193 0.00390701
194 0.00390703
195 0.00390709
196 0.0039071
197 0.00390714
198 0.00390717
199 0.00390719
200 0.00390722
201 0.00390729
202 0.00390729
203 0.00390733
204 0.00390736
205 0.0039074
206 0.00390745
207 0.00390749
208 0.00390751
209 0.00390758
210 0.0039076
211 0.00390762
212 0.00390766
213 0.0039077
214 0.00390774
215 0.00390779
216 0.00390781
217 0.00390786
218 0.00390791
219 0.00390794
220 0.00390797
221 0.00390802
222 0.00390807
223 0.0039081
224 0.00390815
225 0.00390818
226 0.00390823
227 0.00390827
228 0.00390831
229 0.00390835
230 0.0039084
231 0.00390844
232 0.00390848
233 0.00390852
234 0.00390858
235 0.00390862
236 0.00390865
237 0.00390872
238 0.00390875
239 0.00390879
240 0.00390883
241 0.00390889
242 0.00390891
243 0.00390897
244 0.00390904
245 0.00390907
246 0.00390911
247 0.00390916
248 0.0039092
249 0.00390928
250 0.00390928
251 0.00390938
252 0.00390936
253 0.00390945
254 0.00390948
255 0.00390956
