0 0.00391757
1 0.00390429
2 0.00390435
3 0.00390432
4 0.00390462
5 0.00390438
6 0.00390444
7 0.00390444
8 0.00390445
9 0.00390443
10 0.00390449
11 0.00390451
12 0.00390451
13 0.00390455
14 0.00390455
15 0.00390456
16 0.00390462
17 0.00390461
18 0.00390466
19 0.00390461
20 0.00390458
21 0.0039047
22 0.00390471
23 0.00390469
24 0.00390472
25 0.00390473
26 0.00390478
27 0.00390479
28 0.0039048
29 0.00390482
30 0.00390483
31 0.00390485
32 0.00390491
33 0.00390489
34 0.00390491
35 0.00390493
36 0.0039049
37 0.00390493
38 0.00390496
39 0.003905
40 0.003905
41 0.00390502
42 0.0039051
43 0.00390505
44 0.00390509
45 0.00390506
46 0.00390512
47 0.00390509
48 0.00390519
49 0.00390515
50 0.00390517
51 0.00390518
52 0.00390518
53 0.00390521
54 0.00390524
55 0.00390525
56 0.00390525
57 0.00390529
58 0.00390531
59 0.0039053
60 0.00390534
61 0.00390534
62 0.00390534
63 0.00390538
64 0.00390561
65 0.0039054
66 0.00390542
67 0.00390544
68 0.00390547
69 0.00390548
70 0.00390549
71 0.0039055
72 0.00390552
73 0.00390553
74 0.00390554
75 0.00390557
76 0.00390556
77 0.00390558
78 0.00390561
79 0.00390561
80 0.00390567
81 0.00390571
82 0.00390529
83 0.00391396
84 0.00390415
85 0.00390421
86 0.00390419
87 0.00390419
88 0.00390426
89 0.00390426
90 0.00390427
91 0.00390432
92 0.00390431
93 0.00390434
94 0.00390436
95 0.00390439
96 0.00390443
97 0.00390444
98 0.00390447
99 0.00390448
100 0.0039045
101 0.00390453
102 0.00390454
103 0.00390458
104 0.00390459
105 0.00390463
106 0.00390464
107 0.00390466
108 0.0039047
109 0.00390471
110 0.00390475
111 0.00390477
112 0.00390481
113 0.00390481
114 0.00390483
115 0.00390485
116 0.00390488
117 0.00390487
118 0.00390493
119 0.00390494
120 0.00390499
121 0.003905
122 0.00390503
123 0.00390504
124 0.00390509
125 0.00390509
126 0.00390513
127 0.00390516
128 0.00390535
129 0.0039052
130 0.00390524
131 0.00390525
132 0.00390528
133 0.00390531
134 0.00390534
135 0.00390537
136 0.00390538
137 0.00390541
138 0.00390544
139 0.00390547
140 0.00390551
141 0.00390553
142 0.00390555
143 0.00390559
144 0.00390563
145 0.00390565
146 0.00390567
147 0.00390569
148 0.00390572
149 0.00390577
150 0.00390579
151 0.00390582
152 0.00390583
153 0.00390588
154 0.00390592
155 0.00390594
156 0.00390596
157 0.00390601
158 0.00390605
159 0.00390607
160 0.00390611
161 0.00390615
162 0.00390617
163 0.0039062
164 0.00390624
165 0.00390628
166 0.00390629
167 0.00390632
168 0.00390639
169 0.00390639
170 0.00390649
171 0.00390646
172 0.0039065
173 0.00390655
174 0.00390658
175 0.00390662
176 0.00390667
177 0.00390672
178 0.00390675
179 0.0039068
180 0.00390684
181 0.00390685
182 0.00390691
183 0.00390692
184 0.00390698
185 0.003907
186 0.00390706
187 0.00390708
188 0.00390711
189 0.00390716
190 0.00390719
191 0.00390724
192 0.0039073
193 0.00390742
194 0.00390739
195 0.00390739
196 0.00390744
197 0.0039075
198 0.00390755
199 0.00390758
200 0.00390763
201 0.00390767
202 0.0039077
203 0.00390774
204 0.0039078
205 0.00390783
206 0.00390788
207 0.00390791
208 0.00390798
209 0.00390804
210 0.00390809
211 0.00390805
212 0.00390817
213 0.00390821
214 0.00390826
215 0.0039083
216 0.00390838
217 0.00390838
218 0.00390844
219 0.00390848
220 0.00390853
221 0.00390858
222 0.00390863
223 0.00390867
224 0.00390872
225 0.00390878
226 0.00390878
227 0.00390887
228 0.00390891
229 0.00390896
230 0.00390901
231 0.00390907
232 0.00390913
233 0.00390917
234 0.00390924
235 0.00390928
236 0.00390934
237 0.00390938
238 0.00390945
239 0.0039095
240 0.00390956
241 0.00390959
242 0.00390965
243 0.00390972
244 0.00390979
245 0.00390983
246 0.00390988
247 0.00390994
248 0.00391003
249 0.00391007
250 0.00391013
251 0.00391018
252 0.00391025
253 0.00391029
254 0.00391035
255 0.00391045
