0 0.00391003
1 0.00390563
2 0.00390565
3 0.00390564
4 0.00390566
5 0.00390565
6 0.00390566
7 0.00390566
8 0.00390567
9 0.00390569
10 0.00390569
11 0.0039057
12 0.0039057
13 0.00390571
14 0.00390573
15 0.00390572
16 0.00390572
17 0.00390573
18 0.00390574
19 0.00390572
20 0.00390575
21 0.00390575
22 0.00390578
23 0.00390577
24 0.00390578
25 0.00390576
26 0.0039058
27 0.00390579
28 0.0039058
29 0.0039058
30 0.00390581
31 0.00390581
32 0.00390583
33 0.00390583
34 0.00390584
35 0.00390583
36 0.00390585
37 0.00390585
38 0.00390584
39 0.00390587
40 0.00390588
41 0.00390585
42 0.00390589
43 0.00390591
44 0.00390588
45 0.0039059
46 0.00390593
47 0.00390592
48 0.00390594
49 0.00390592
50 0.00390595
51 0.00390593
52 0.00390596
53 0.00390595
54 0.00390594
55 0.00390597
56 0.00390598
57 0.00390598
58 0.00390599
59 0.00390598
60 0.00390601
61 0.003906
62 0.003906
63 0.00390601
64 0.00390604
65 0.00390605
66 0.00390604
67 0.00390604
68 0.00390604
69 0.00390604
70 0.00390606
71 0.00390607
72 0.00390607
73 0.00390606
74 0.0039061
75 0.00390609
76 0.00390609
77 0.00390611
78 0.00390611
79 0.00390612
80 0.00390614
81 0.00390612
82 0.00390612
83 0.00390613
84 0.00390612
85 0.00390615
86 0.00390617
87 0.00390616
88 0.00390616
89 0.00390616
90 0.00390618
91 0.00390618
92 0.00390619
93 0.0039062
94 0.0039062
95 0.0039062
96 0.00390623
97 0.00390623
98 0.00390623
99 0.00390623
100 0.00390623
101 0.00390623
102 0.00390625
103 0.00390623
104 0.00390627
105 0.00390626
106 0.00390626
107 0.00390627
108 0.00390628
109 0.0039063
110 0.00390625
111 0.00390628
112 0.00390628
113 0.00390628
114 0.0039063
115 0.00390632
116 0.00390632
117 0.0039063
118 0.00390633
119 0.00390634
120 0.00390635
121 0.00390632
122 0.00390634
123 0.00390635
124 0.00390635
125 0.00390635
126 0.00390632
127 0.00390637
128 0.00390639
129 0.00390639
130 0.00390636
131 0.00390638
132 0.0039064
133 0.00390638
134 0.00390639
135 0.0039064
136 0.0039064
137 0.0039064
138 0.0039064
139 0.00390644
140 0.00390641
141 0.00390641
142 0.00390643
143 0.00390644
144 0.00390641
145 0.00390644
146 0.00390643
147 0.00390643
148 0.00390645
149 0.00390646
150 0.00390646
151 0.00390647
152 0.00390648
153 0.00390644
154 0.00390646
155 0.00390647
156 0.00390646
157 0.00390644
158 0.00390648
159 0.00390649
160 0.00390649
161 0.00390647
162 0.00390647
163 0.0039065
164 0.00390649
165 0.00390649
166 0.00390651
167 0.00390648
168 0.00390649
169 0.00390651
170 0.0039065
171 0.00390649
172 0.00390652
173 0.00390651
174 0.00390651
175 0.00390649
176 0.00390653
177 0.00390649
178 0.00390649
179 0.00390648
180 0.00390653
181 0.0039065
182 0.00390651
183 0.00390653
184 0.00390648
185 0.0039065
186 0.00390651
187 0.00390651
188 0.00390651
189 0.0039065
190 0.0039065
191 0.00390652
192 0.0039065
193 0.0039065
194 0.0039065
195 0.0039065
196 0.00390649
197 0.00390649
198 0.0039065
199 0.0039065
200 0.00390651
201 0.00390649
202 0.00390649
203 0.00390649
204 0.00390649
205 0.00390647
206 0.00390647
207 0.00390646
208 0.00390646
209 0.00390647
210 0.00390646
211 0.00390645
212 0.00390644
213 0.00390643
214 0.00390644
215 0.00390644
216 0.00390644
217 0.0039064
218 0.00390643
219 0.00390642
220 0.00390642
221 0.0039064
222 0.00390641
223 0.00390639
224 0.00390639
225 0.0039064
226 0.00390639
227 0.00390641
228 0.00390635
229 0.00390638
230 0.00390634
231 0.00390632
232 0.00390634
233 0.00390635
234 0.00390631
235 0.00390632
236 0.00390632
237 0.00390631
238 0.00390627
239 0.00390628
240 0.00390628
241 0.00390626
242 0.00390625
243 0.00390624
244 0.00390625
245 0.00390623
246 0.00390621
247 0.0039062
248 0.0039062
249 0.00390617
250 0.00390618
251 0.00390605
252 0.00390646
253 0.00390773
254 0.00390774
255 0.00390775
