0 0.00392369
1 0.00390429
2 0.00390429
3 0.00390432
4 0.0039046
5 0.00390443
6 0.00390448
7 0.00390447
8 0.00390439
9 0.00390453
10 0.00390471
11 0.00390458
12 0.00390469
13 0.00390471
14 0.00390465
15 0.00390473
16 0.00390472
17 0.00390472
18 0.00390475
19 0.00390478
20 0.00390483
21 0.00390479
22 0.00390489
23 0.00390502
24 0.0039043
25 0.00392456
26 0.00390257
27 0.00390267
28 0.00390262
29 0.00390266
30 0.00390264
31 0.00390306
32 0.0039028
33 0.00390274
34 0.00390282
35 0.00390277
36 0.00390283
37 0.00390282
38 0.00390285
39 0.00390288
40 0.00390293
41 0.00390291
42 0.00390296
43 0.00390296
44 0.00390303
45 0.003903
46 0.00390303
47 0.00390311
48 0.00390311
49 0.00390314
50 0.00390317
51 0.00390317
52 0.00390322
53 0.00390323
54 0.00390326
55 0.00390327
56 0.00390333
57 0.00390341
58 0.00390336
59 0.00390338
60 0.0039034
61 0.00390345
62 0.00390344
63 0.00390345
64 0.00390352
65 0.00390356
66 0.00390355
67 0.00390357
68 0.00390362
69 0.00390363
70 0.00390366
71 0.00390367
72 0.00390375
73 0.00390374
74 0.0039038
75 0.00390382
76 0.00390385
77 0.00390388
78 0.00390392
79 0.00390394
80 0.00390397
81 0.0039039
82 0.00390395
83 0.00390394
84 0.00390395
85 0.00390398
86 0.003904
87 0.00390391
88 0.00390396
89 0.00390395
90 0.00390401
91 0.003904
92 0.0039041
93 0.00390415
94 0.00390415
95 0.0039042
96 0.00390424
97 0.00390509
98 0.00390434
99 0.00390435
100 0.00390439
101 0.00390443
102 0.00390434
103 0.00390443
104 0.00390448
105 0.00390452
106 0.00390455
107 0.00390458
108 0.00390461
109 0.00390464
110 0.00390468
111 0.00390474
112 0.00390478
113 0.00390479
114 0.00390482
115 0.00390484
116 0.00390488
117 0.00390491
118 0.00390494
119 0.00390499
120 0.00390503
121 0.00390504
122 0.00390505
123 0.0039051
124 0.00390514
125 0.00390518
126 0.0039052
127 0.00390526
128 0.00390561
129 0.00390531
130 0.00390532
131 0.00390533
132 0.00390537
133 0.0039054
134 0.00390547
135 0.00390549
136 0.00390554
137 0.00390555
138 0.0039056
139 0.00390565
140 0.00390569
141 0.00390578
142 0.00390576
143 0.00390582
144 0.00390589
145 0.00390589
146 0.00390592
147 0.00390597
148 0.00390601
149 0.00390601
150 0.00390606
151 0.00390611
152 0.00390623
153 0.00390611
154 0.00390627
155 0.00390628
156 0.00390632
157 0.00390635
158 0.00390639
159 0.00390644
160 0.00390651
161 0.00390652
162 0.00390658
163 0.00390659
164 0.00390665
165 0.00390667
166 0.00390674
167 0.003907
168 0.00390681
169 0.00390684
170 0.00390688
171 0.00390691
172 0.00390697
173 0.00390701
174 0.00390706
175 0.00390707
176 0.00390716
177 0.00390723
178 0.00390726
179 0.00390739
180 0.00390735
181 0.0039074
182 0.00390746
183 0.00390752
184 0.00390762
185 0.00390763
186 0.00390769
187 0.00390771
188 0.00390776
189 0.00390781
190 0.00390788
191 0.00390798
192 0.003908
193 0.00390801
194 0.00390807
195 0.00390811
196 0.00390817
197 0.0039082
198 0.00390829
199 0.00390832
200 0.0039084
201 0.00390843
202 0.00390852
203 0.00390858
204 0.00390863
205 0.00390868
206 0.00390875
207 0.00390881
208 0.00390889
209 0.00390893
210 0.00390897
211 0.00390903
212 0.00390912
213 0.00390917
214 0.00390923
215 0.0039093
216 0.00390939
217 0.00390939
218 0.00390941
219 0.00390948
220 0.0039096
221 0.00390964
222 0.0039097
223 0.00390977
224 0.00390983
225 0.00390991
226 0.00390995
227 0.00391002
228 0.00391011
229 0.00391015
230 0.00391024
231 0.00391034
232 0.00391039
233 0.00391043
234 0.00391065
235 0.00391054
236 0.00391071
237 0.00391077
238 0.00391083
239 0.00391089
240 0.00391104
241 0.00391102
242 0.00391114
243 0.00391114
244 0.00391137
245 0.00391128
246 0.00391149
247 0.00391142
248 0.00391169
249 0.00391159
250 0.00391122
251 0.00391174
252 0.00391191
253 0.00391197
254 0.00391207
255 0.00391218
