0 0.00391013
1 0.00390556
2 0.00390555
3 0.00390557
4 0.00390564
5 0.00390558
6 0.00390558
7 0.00390559
8 0.00390561
9 0.0039056
10 0.00390561
11 0.00390564
12 0.00390565
13 0.00390565
14 0.00390566
15 0.00390565
16 0.00390567
17 0.00390567
18 0.00390567
19 0.00390567
20 0.00390571
21 0.0039057
22 0.00390569
23 0.00390573
24 0.00390574
25 0.00390572
26 0.00390573
27 0.00390574
28 0.00390575
29 0.00390576
30 0.00390574
31 0.00390575
32 0.00390577
33 0.00390577
34 0.00390578
35 0.0039058
36 0.00390581
37 0.0039058
38 0.00390579
39 0.00390582
40 0.0039058
41 0.00390582
42 0.00390583
43 0.00390583
44 0.00390586
45 0.00390586
46 0.00390587
47 0.00390585
48 0.00390587
49 0.00390587
50 0.00390589
51 0.0039059
52 0.0039059
53 0.00390591
54 0.0039059
55 0.00390592
56 0.00390595
57 0.00390591
58 0.00390593
59 0.00390594
60 0.00390595
61 0.00390593
62 0.00390596
63 0.003906
64 0.00390597
65 0.00390599
66 0.00390599
67 0.003906
68 0.00390601
69 0.00390601
70 0.00390602
71 0.00390601
72 0.00390602
73 0.00390604
74 0.00390601
75 0.00390603
76 0.00390604
77 0.00390607
78 0.00390605
79 0.00390607
80 0.00390609
81 0.00390609
82 0.00390608
83 0.00390609
84 0.00390608
85 0.0039061
86 0.0039061
87 0.00390614
88 0.00390613
89 0.00390614
90 0.00390612
91 0.00390614
92 0.00390616
93 0.00390616
94 0.00390616
95 0.00390616
96 0.00390618
97 0.00390619
98 0.00390618
99 0.0039062
100 0.00390619
101 0.00390621
102 0.00390622
103 0.00390621
104 0.00390624
105 0.00390622
106 0.00390623
107 0.00390625
108 0.00390624
109 0.00390624
110 0.00390625
111 0.00390626
112 0.00390627
113 0.00390625
114 0.00390628
115 0.00390629
116 0.0039063
117 0.0039063
118 0.00390629
119 0.00390633
120 0.0039063
121 0.00390631
122 0.00390629
123 0.00390629
124 0.00390633
125 0.00390632
126 0.00390634
127 0.00390634
128 0.00390636
129 0.00390635
130 0.00390635
131 0.00390635
132 0.00390634
133 0.00390637
134 0.00390636
135 0.00390636
136 0.00390635
137 0.00390638
138 0.00390639
139 0.00390638
140 0.0039064
141 0.00390639
142 0.0039064
143 0.0039064
144 0.0039064
145 0.00390641
146 0.00390641
147 0.00390641
148 0.00390643
149 0.00390642
150 0.00390644
151 0.00390644
152 0.00390643
153 0.00390645
154 0.00390645
155 0.00390643
156 0.00390644
157 0.00390644
158 0.00390645
159 0.00390645
160 0.00390645
161 0.00390646
162 0.00390646
163 0.00390648
164 0.00390646
165 0.00390647
166 0.00390647
167 0.00390647
168 0.00390646
169 0.00390648
170 0.00390648
171 0.00390648
172 0.00390647
173 0.00390648
174 0.00390647
175 0.00390646
176 0.00390648
177 0.00390649
178 0.00390649
179 0.00390648
180 0.00390649
181 0.00390647
182 0.00390647
183 0.00390648
184 0.00390649
185 0.00390648
186 0.00390648
187 0.00390647
188 0.00390647
189 0.00390648
190 0.00390647
191 0.00390646
192 0.00390648
193 0.00390646
194 0.00390647
195 0.00390646
196 0.00390648
197 0.00390648
198 0.00390646
199 0.00390647
200 0.00390646
201 0.00390645
202 0.00390645
203 0.00390644
204 0.00390645
205 0.00390645
206 0.00390642
207 0.00390646
208 0.00390642
209 0.00390644
210 0.00390643
211 0.00390643
212 0.00390644
213 0.00390642
214 0.0039064
215 0.00390641
216 0.0039064
217 0.0039064
218 0.00390637
219 0.00390641
220 0.00390638
221 0.0039064
222 0.00390637
223 0.00390636
224 0.00390636
225 0.00390634
226 0.00390635
227 0.00390634
228 0.00390634
229 0.00390632
230 0.00390631
231 0.00390632
232 0.0039063
233 0.0039063
234 0.00390629
235 0.00390629
236 0.00390627
237 0.00390626
238 0.00390625
239 0.00390625
240 0.00390624
241 0.00390622
242 0.00390622
243 0.0039062
244 0.00390623
245 0.00390608
246 0.00390651
247 0.00390763
248 0.00390767
249 0.00390766
250 0.0039077
251 0.00390772
252 0.00390774
253 0.00390778
254 0.00390777
255 0.00390781
