0 0.00392188
1 0.00390427
2 0.00390429
3 0.00390427
4 0.00390454
5 0.0039044
6 0.00390444
7 0.00390468
8 0.00390448
9 0.0039046
10 0.0039045
11 0.00390456
12 0.00390455
13 0.00390456
14 0.0039046
15 0.00390461
16 0.00390509
17 0.00390462
18 0.00390467
19 0.00390469
20 0.00390453
21 0.00390472
22 0.00390474
23 0.0039049
24 0.00390481
25 0.00390486
26 0.00390486
27 0.00390487
28 0.00390488
29 0.0039049
30 0.00390495
31 0.00390494
32 0.00390554
33 0.00390498
34 0.00390502
35 0.00390505
36 0.00390502
37 0.00390512
38 0.00390521
39 0.00390452
40 0.00392086
41 0.00390297
42 0.00390306
43 0.00390299
44 0.00390304
45 0.00390305
46 0.00390312
47 0.0039031
48 0.00390321
49 0.00390322
50 0.00390323
51 0.00390319
52 0.00390324
53 0.00390326
54 0.0039033
55 0.00390333
56 0.00390336
57 0.00390331
58 0.0039034
59 0.00390338
60 0.00390346
61 0.00390343
62 0.00390348
63 0.00390343
64 0.0039036
65 0.00390352
66 0.00390357
67 0.00390356
68 0.00390365
69 0.00390362
70 0.00390368
71 0.00390366
72 0.00390375
73 0.00390373
74 0.00390381
75 0.00390378
76 0.00390386
77 0.00390387
78 0.00390392
79 0.0039039
80 0.00390396
81 0.00390395
82 0.00390401
83 0.00390401
84 0.00390408
85 0.00390403
86 0.00390413
87 0.00390412
88 0.00390418
89 0.00390413
90 0.00390419
91 0.00390417
92 0.00390424
93 0.00390424
94 0.00390431
95 0.00390433
96 0.00390435
97 0.00390428
98 0.00390435
99 0.0039043
100 0.00390438
101 0.00390437
102 0.00390444
103 0.00390445
104 0.00390447
105 0.0039045
106 0.00390456
107 0.00390454
108 0.00390462
109 0.00390461
110 0.00390466
111 0.00390467
112 0.00390476
113 0.0039051
114 0.00390478
115 0.00390478
116 0.00390482
117 0.00390483
118 0.0039049
119 0.00390491
120 0.00390497
121 0.00390496
122 0.00390505
123 0.00390501
124 0.00390509
125 0.00390507
126 0.00390515
127 0.00390518
128 0.00390554
129 0.00390523
130 0.00390529
131 0.00390527
132 0.00390533
133 0.00390534
134 0.00390539
135 0.00390543
136 0.00390549
137 0.00390548
138 0.00390555
139 0.00390555
140 0.00390563
141 0.00390561
142 0.00390572
143 0.00390573
144 0.00390583
145 0.00390577
146 0.00390587
147 0.00390585
148 0.00390587
149 0.00390592
150 0.003906
151 0.00390601
152 0.00390608
153 0.00390608
154 0.00390615
155 0.00390614
156 0.00390622
157 0.00390625
158 0.00390633
159 0.0039063
160 0.00390647
161 0.00390639
162 0.00390649
163 0.00390647
164 0.00390656
165 0.00390656
166 0.00390676
167 0.0039067
168 0.00390666
169 0.00390678
170 0.00390683
171 0.00390683
172 0.00390688
173 0.0039069
174 0.00390696
175 0.003907
176 0.00390711
177 0.00390707
178 0.00390711
179 0.00390715
180 0.0039072
181 0.00390723
182 0.00390727
183 0.00390737
184 0.0039074
185 0.00390743
186 0.0039075
187 0.00390753
188 0.00390756
189 0.00390761
190 0.00390769
191 0.00390777
192 0.00390785
193 0.00390779
194 0.00390782
195 0.00390784
196 0.00390793
197 0.00390793
198 0.00390799
199 0.00390804
200 0.00390807
201 0.00390816
202 0.00390821
203 0.00390827
204 0.00390837
205 0.00390837
206 0.00390843
207 0.00390849
208 0.00390858
209 0.00390862
210 0.00390865
211 0.00390869
212 0.00390876
213 0.00390882
214 0.00390885
215 0.00390891
216 0.00390897
217 0.00390902
218 0.00390908
219 0.00390915
220 0.00390921
221 0.00390928
222 0.00390936
223 0.00390943
224 0.00390952
225 0.00390999
226 0.00390967
227 0.0039097
228 0.0039098
229 0.00390982
230 0.00390996
231 0.00390999
232 0.00391005
233 0.00390996
234 0.00391021
235 0.00391025
236 0.00391034
237 0.00391035
238 0.00391043
239 0.00391048
240 0.00391065
241 0.00391068
242 0.00391082
243 0.00391084
244 0.00391087
245 0.00391099
246 0.00391113
247 0.00391113
248 0.00391121
249 0.00391115
250 0.00391132
251 0.00391138
252 0.00391152
253 0.00391146
254 0.00391165
255 0.00391167
