0 0.00392024
1 0.00390425
2 0.00390428
3 0.00390426
4 0.0039045
5 0.00390435
6 0.00390441
7 0.0039044
8 0.00390438
9 0.00390443
10 0.00390448
11 0.00390447
12 0.00390453
13 0.0039045
14 0.00390456
15 0.00390459
16 0.00390475
17 0.00390461
18 0.00390463
19 0.00390462
20 0.00390468
21 0.00390469
22 0.00390468
23 0.00390471
24 0.00390451
25 0.00390478
26 0.00390479
27 0.00390485
28 0.00390489
29 0.00390486
30 0.00390489
31 0.00390483
32 0.0039051
33 0.00390493
34 0.00390494
35 0.00390498
36 0.00390501
37 0.00390497
38 0.00390507
39 0.00390504
40 0.00390511
41 0.00390509
42 0.00390512
43 0.00390511
44 0.00390514
45 0.00390513
46 0.00390519
47 0.00390521
48 0.00390516
49 0.00390525
50 0.00390526
51 0.00390528
52 0.00390535
53 0.00390539
54 0.00390488
55 0.00391818
56 0.00390342
57 0.00390347
58 0.00390346
59 0.0039035
60 0.00390353
61 0.00390353
62 0.00390355
63 0.00390354
64 0.00390369
65 0.00390361
66 0.00390366
67 0.00390366
68 0.00390368
69 0.0039037
70 0.00390376
71 0.00390374
72 0.00390377
73 0.0039038
74 0.00390382
75 0.00390384
76 0.00390388
77 0.0039039
78 0.00390395
79 0.00390395
80 0.00390401
81 0.00390397
82 0.00390401
83 0.00390403
84 0.00390405
85 0.00390404
86 0.00390411
87 0.00390411
88 0.00390414
89 0.00390414
90 0.0039042
91 0.00390419
92 0.00390425
93 0.00390424
94 0.00390428
95 0.0039043
96 0.00390439
97 0.00390437
98 0.00390439
99 0.00390439
100 0.00390444
101 0.00390443
102 0.0039045
103 0.0039045
104 0.00390453
105 0.00390453
106 0.00390458
107 0.00390459
108 0.00390464
109 0.00390465
110 0.00390469
111 0.00390468
112 0.00390474
113 0.00390474
114 0.00390476
115 0.00390478
116 0.00390482
117 0.00390483
118 0.00390492
119 0.0039049
120 0.00390496
121 0.00390494
122 0.00390491
123 0.00390497
124 0.00390503
125 0.00390503
126 0.00390508
127 0.0039051
128 0.00390542
129 0.00390553
130 0.00390525
131 0.00390522
132 0.00390528
133 0.00390533
134 0.00390534
135 0.00390535
136 0.00390538
137 0.00390538
138 0.00390547
139 0.00390546
140 0.00390552
141 0.00390555
142 0.00390558
143 0.00390562
144 0.00390568
145 0.00390567
146 0.00390574
147 0.00390573
148 0.00390579
149 0.00390581
150 0.00390589
151 0.00390586
152 0.00390593
153 0.00390596
154 0.003906
155 0.00390603
156 0.00390613
157 0.00390611
158 0.00390617
159 0.00390619
160 0.00390627
161 0.00390624
162 0.00390631
163 0.00390633
164 0.00390637
165 0.00390645
166 0.00390647
167 0.00390647
168 0.00390655
169 0.00390656
170 0.00390661
171 0.00390663
172 0.0039067
173 0.00390673
174 0.00390678
175 0.00390682
176 0.00390689
177 0.0039069
178 0.00390696
179 0.00390698
180 0.00390705
181 0.00390707
182 0.00390718
183 0.00390711
184 0.00390724
185 0.00390726
186 0.00390732
187 0.00390736
188 0.0039074
189 0.00390741
190 0.0039075
191 0.00390754
192 0.00390765
193 0.00390763
194 0.00390768
195 0.0039077
196 0.00390777
197 0.00390781
198 0.00390789
199 0.00390791
200 0.00390798
201 0.00390801
202 0.00390808
203 0.00390812
204 0.00390821
205 0.00390826
206 0.00390833
207 0.00390839
208 0.00390844
209 0.00390848
210 0.00390851
211 0.00390857
212 0.00390864
213 0.00390866
214 0.00390876
215 0.00390877
216 0.00390884
217 0.0039089
218 0.00390896
219 0.00390901
220 0.00390905
221 0.00390911
222 0.00390918
223 0.00390924
224 0.00390932
225 0.00390934
226 0.00390938
227 0.00390945
228 0.00390953
229 0.00390954
230 0.00390961
231 0.00390969
232 0.00390976
233 0.00390981
234 0.00390986
235 0.00390991
236 0.00390999
237 0.00391005
238 0.00391011
239 0.00391016
240 0.00391028
241 0.00391032
242 0.00391037
243 0.00391042
244 0.0039105
245 0.00391057
246 0.00391066
247 0.00391066
248 0.00391056
249 0.00391085
250 0.00391093
251 0.00391097
252 0.00391102
253 0.00391104
254 0.00391116
255 0.00391124
