0 0.00391592
1 0.00390438
2 0.00390439
3 0.0039044
4 0.00390453
5 0.00390447
6 0.00390448
7 0.00390449
8 0.00390451
9 0.00390457
10 0.00390455
11 0.00390457
12 0.00390458
13 0.00390458
14 0.00390459
15 0.00390463
16 0.00390468
17 0.00390467
18 0.00390466
19 0.00390469
20 0.0039047
21 0.00390473
22 0.00390474
23 0.00390476
24 0.00390476
25 0.00390477
26 0.00390479
27 0.0039048
28 0.00390479
29 0.00390484
30 0.00390484
31 0.00390487
32 0.0039049
33 0.0039049
34 0.00390491
35 0.00390492
36 0.00390494
37 0.00390495
38 0.00390494
39 0.00390501
40 0.003905
41 0.00390504
42 0.00390502
43 0.00390505
44 0.00390505
45 0.00390506
46 0.00390507
47 0.00390511
48 0.00390514
49 0.00390515
50 0.00390514
51 0.00390518
52 0.00390509
53 0.00390519
54 0.00390521
55 0.00390521
56 0.00390525
57 0.00390522
58 0.00390526
59 0.00390528
60 0.00390529
61 0.00390531
62 0.00390534
63 0.00390533
64 0.00390544
65 0.00390535
66 0.00390537
67 0.00390537
68 0.00390539
69 0.00390542
70 0.00390545
71 0.00390546
72 0.00390548
73 0.00390547
74 0.00390547
75 0.00390552
76 0.00390552
77 0.00390553
78 0.00390553
79 0.00390554
80 0.00390559
81 0.00390559
82 0.00390558
83 0.00390562
84 0.00390562
85 0.00390562
86 0.00390564
87 0.00390565
88 0.00390566
89 0.00390569
90 0.00390567
91 0.0039057
92 0.00390569
93 0.00390572
94 0.00390575
95 0.00390575
96 0.00390581
97 0.00390577
98 0.00390579
99 0.0039058
100 0.00390581
101 0.00390583
102 0.00390589
103 0.00390551
104 0.00391174
105 0.00390466
106 0.00390473
107 0.00390471
108 0.00390473
109 0.00390476
110 0.00390477
111 0.00390483
112 0.00390482
113 0.00390487
114 0.00390486
115 0.0039049
116 0.00390489
117 0.00390494
118 0.00390497
119 0.003905
120 0.00390499
121 0.00390503
122 0.00390505
123 0.00390508
124 0.00390509
125 0.00390512
126 0.00390515
127 0.00390517
128 0.00390534
129 0.00390521
130 0.00390523
131 0.00390525
132 0.00390528
133 0.0039053
134 0.00390534
135 0.00390536
136 0.00390538
137 0.0039054
138 0.00390544
139 0.00390546
140 0.00390547
141 0.00390553
142 0.00390552
143 0.00390557
144 0.00390558
145 0.00390563
146 0.00390564
147 0.00390568
148 0.00390571
149 0.00390571
150 0.00390576
151 0.00390578
152 0.00390579
153 0.00390582
154 0.00390585
155 0.00390592
156 0.00390594
157 0.00390597
158 0.00390601
159 0.00390605
160 0.00390607
161 0.00390613
162 0.00390612
163 0.00390616
164 0.00390619
165 0.00390621
166 0.00390623
167 0.00390627
168 0.0039063
169 0.00390635
170 0.00390635
171 0.00390639
172 0.00390643
173 0.00390645
174 0.0039065
175 0.00390652
176 0.00390655
177 0.0039066
178 0.00390662
179 0.00390667
180 0.00390664
181 0.00390672
182 0.00390674
183 0.00390677
184 0.00390682
185 0.00390686
186 0.00390689
187 0.00390692
188 0.00390697
189 0.00390701
190 0.00390701
191 0.00390707
192 0.00390713
193 0.00390714
194 0.00390717
195 0.00390722
196 0.00390726
197 0.00390729
198 0.00390733
199 0.00390736
200 0.00390741
201 0.00390745
202 0.00390748
203 0.00390753
204 0.00390754
205 0.0039076
206 0.00390764
207 0.00390769
208 0.00390773
209 0.00390777
210 0.0039078
211 0.00390783
212 0.00390788
213 0.00390791
214 0.00390797
215 0.00390802
216 0.00390803
217 0.0039081
218 0.00390813
219 0.00390818
220 0.00390823
221 0.00390825
222 0.0039083
223 0.00390836
224 0.00390841
225 0.00390847
226 0.0039085
227 0.00390854
228 0.00390857
229 0.00390863
230 0.00390869
231 0.00390874
232 0.00390871
233 0.00390885
234 0.00390887
235 0.00390893
236 0.00390897
237 0.00390901
238 0.00390906
239 0.0039091
240 0.00390913
241 0.0039092
242 0.00390925
243 0.0039093
244 0.00390937
245 0.00390942
246 0.00390946
247 0.00390954
248 0.00390956
249 0.00390963
250 0.00390966
251 0.00390972
252 0.00390979
253 0.00390984
254 0.00390988
255 0.00390994
