0 0.00391771
1 0.00390436
2 0.00390433
3 0.00390427
4 0.00390449
5 0.00390435
6 0.00390442
7 0.00390441
8 0.00390445
9 0.00390443
10 0.00390447
11 0.00390448
12 0.00390451
13 0.00390453
14 0.00390453
15 0.00390455
16 0.00390455
17 0.00390461
18 0.00390467
19 0.00390465
20 0.00390465
21 0.00390466
22 0.0039047
23 0.00390471
24 0.00390473
25 0.00390474
26 0.00390476
27 0.00390478
28 0.00390481
29 0.00390481
30 0.00390484
31 0.00390484
32 0.00390478
33 0.00390489
34 0.00390481
35 0.00390492
36 0.00390495
37 0.00390496
38 0.00390495
39 0.00390498
40 0.00390501
41 0.00390506
42 0.00390503
43 0.00390505
44 0.00390507
45 0.00390509
46 0.0039051
47 0.0039051
48 0.00390513
49 0.00390514
50 0.00390514
51 0.00390517
52 0.00390519
53 0.00390521
54 0.00390523
55 0.00390528
56 0.00390528
57 0.00390529
58 0.00390529
59 0.00390533
60 0.00390533
61 0.00390535
62 0.00390537
63 0.00390539
64 0.00390566
65 0.00390539
66 0.00390543
67 0.00390546
68 0.00390546
69 0.00390547
70 0.00390547
71 0.00390552
72 0.00390552
73 0.00390553
74 0.00390558
75 0.00390559
76 0.00390559
77 0.00390559
78 0.00390563
79 0.00390568
80 0.00390523
81 0.00391417
82 0.00390408
83 0.00390414
84 0.00390412
85 0.00390415
86 0.00390418
87 0.0039042
88 0.0039042
89 0.00390426
90 0.00390425
91 0.00390428
92 0.00390431
93 0.00390432
94 0.00390435
95 0.00390435
96 0.00390441
97 0.00390445
98 0.00390445
99 0.00390445
100 0.00390449
101 0.0039045
102 0.00390455
103 0.00390454
104 0.0039046
105 0.00390461
106 0.00390462
107 0.00390463
108 0.00390468
109 0.00390469
110 0.00390472
111 0.00390476
112 0.00390478
113 0.00390481
114 0.00390482
115 0.00390485
116 0.00390489
117 0.0039049
118 0.00390492
119 0.00390493
120 0.00390499
121 0.00390498
122 0.00390499
123 0.00390505
124 0.00390507
125 0.0039051
126 0.00390515
127 0.00390518
128 0.00390534
129 0.00390522
130 0.00390525
131 0.00390524
132 0.00390528
133 0.00390531
134 0.00390533
135 0.00390537
136 0.00390541
137 0.00390541
138 0.00390545
139 0.00390548
140 0.00390551
141 0.00390555
142 0.00390555
143 0.00390561
144 0.00390563
145 0.00390566
146 0.00390569
147 0.00390574
148 0.00390574
149 0.00390578
150 0.0039058
151 0.00390583
152 0.00390587
153 0.00390589
154 0.00390594
155 0.00390594
156 0.003906
157 0.00390603
158 0.00390607
159 0.00390608
160 0.00390614
161 0.00390616
162 0.00390618
163 0.00390626
164 0.00390625
165 0.0039063
166 0.00390631
167 0.00390635
168 0.00390638
169 0.00390647
170 0.00390646
171 0.00390649
172 0.00390654
173 0.00390656
174 0.0039066
175 0.00390662
176 0.00390677
177 0.00390679
178 0.00390679
179 0.00390683
180 0.00390685
181 0.00390689
182 0.00390695
183 0.00390697
184 0.00390702
185 0.00390704
186 0.00390708
187 0.00390713
188 0.00390717
189 0.00390722
190 0.00390725
191 0.0039073
192 0.00390734
193 0.00390734
194 0.00390742
195 0.00390746
196 0.0039075
197 0.00390753
198 0.00390757
199 0.0039076
200 0.00390764
201 0.00390769
202 0.00390775
203 0.00390778
204 0.00390782
205 0.00390786
206 0.00390791
207 0.00390795
208 0.00390806
209 0.00390799
210 0.00390811
211 0.00390814
212 0.00390817
213 0.00390821
214 0.00390828
215 0.00390831
216 0.00390836
217 0.00390842
218 0.00390847
219 0.00390851
220 0.00390857
221 0.00390862
222 0.00390867
223 0.00390871
224 0.00390876
225 0.00390883
226 0.00390885
227 0.0039089
228 0.00390896
229 0.00390899
230 0.00390905
231 0.0039091
232 0.00390916
233 0.00390921
234 0.00390927
235 0.00390934
236 0.00390939
237 0.00390942
238 0.00390949
239 0.00390954
240 0.00390961
241 0.00390965
242 0.0039097
243 0.00390976
244 0.00390982
245 0.00390987
246 0.00390994
247 0.00390999
248 0.00391005
249 0.00391012
250 0.00391017
251 0.00391021
252 0.00391027
253 0.00391035
254 0.0039104
255 0.00391047
