0 0.00391241
1 0.00390484
2 0.00390482
3 0.00390481
4 0.00390491
5 0.00390486
6 0.00390488
7 0.00390487
8 0.00390489
9 0.0039049
10 0.00390492
11 0.00390492
12 0.00390494
13 0.00390493
14 0.00390495
15 0.00390497
16 0.00390498
17 0.00390497
18 0.00390498
19 0.003905
20 0.00390503
21 0.00390503
22 0.00390504
23 0.00390504
24 0.00390507
25 0.00390506
26 0.0039051
27 0.0039051
28 0.0039051
29 0.0039051
30 0.00390513
31 0.00390513
32 0.00390515
33 0.00390515
34 0.00390515
35 0.0039052
36 0.0039052
37 0.00390519
38 0.00390521
39 0.00390521
40 0.00390523
41 0.00390526
42 0.00390527
43 0.00390525
44 0.00390525
45 0.00390528
46 0.00390532
47 0.0039053
48 0.00390533
49 0.00390533
50 0.00390535
51 0.00390535
52 0.00390538
53 0.00390537
54 0.00390538
55 0.00390539
56 0.0039054
57 0.00390541
58 0.00390543
59 0.00390543
60 0.00390545
61 0.00390547
62 0.00390546
63 0.00390548
64 0.0039055
65 0.00390551
66 0.00390551
67 0.00390553
68 0.00390554
69 0.00390552
70 0.00390555
71 0.00390555
72 0.00390556
73 0.00390559
74 0.00390559
75 0.0039056
76 0.00390561
77 0.00390561
78 0.00390563
79 0.00390563
80 0.00390563
81 0.00390566
82 0.00390566
83 0.00390568
84 0.00390572
85 0.00390569
86 0.00390571
87 0.00390572
88 0.00390573
89 0.00390574
90 0.00390573
91 0.00390577
92 0.0039058
93 0.00390579
94 0.0039058
95 0.00390581
96 0.00390583
97 0.00390581
98 0.00390584
99 0.00390584
100 0.00390586
101 0.00390586
102 0.00390588
103 0.00390589
104 0.00390591
105 0.00390588
106 0.00390591
107 0.0039059
108 0.00390593
109 0.00390594
110 0.00390595
111 0.00390595
112 0.00390597
113 0.00390597
114 0.00390599
115 0.00390599
116 0.00390598
117 0.00390599
118 0.00390601
119 0.00390603
120 0.00390603
121 0.00390602
122 0.00390605
123 0.00390602
124 0.00390607
125 0.00390606
126 0.00390606
127 0.00390608
128 0.00390611
129 0.00390611
130 0.00390609
131 0.00390609
132 0.0039061
133 0.00390612
134 0.00390612
135 0.00390614
136 0.00390612
137 0.00390613
138 0.00390615
139 0.00390613
140 0.00390615
141 0.00390618
142 0.00390617
143 0.00390616
144 0.00390617
145 0.00390617
146 0.00390617
147 0.00390619
148 0.00390617
149 0.0039062
150 0.00390621
151 0.00390622
152 0.00390622
153 0.00390623
154 0.00390622
155 0.00390621
156 0.00390622
157 0.00390622
158 0.00390623
159 0.00390622
160 0.00390626
161 0.00390624
162 0.00390624
163 0.00390625
164 0.00390626
165 0.00390629
166 0.00390605
167 0.0039081
168 0.00390614
169 0.00390621
170 0.0039062
171 0.00390622
172 0.00390624
173 0.00390627
174 0.00390628
175 0.00390631
176 0.00390632
177 0.00390635
178 0.00390638
179 0.0039064
180 0.00390641
181 0.00390647
182 0.00390647
183 0.0039065
184 0.00390652
185 0.00390654
186 0.00390656
187 0.00390659
188 0.00390661
189 0.00390664
190 0.00390667
191 0.00390669
192 0.0039067
193 0.00390674
194 0.00390676
195 0.00390678
196 0.00390684
197 0.00390686
198 0.00390686
199 0.00390689
200 0.00390694
201 0.00390697
202 0.00390699
203 0.00390698
204 0.00390702
205 0.00390705
206 0.00390708
207 0.00390712
208 0.00390715
209 0.00390717
210 0.00390722
211 0.00390722
212 0.00390728
213 0.00390729
214 0.0039073
215 0.00390735
216 0.00390736
217 0.00390742
218 0.00390744
219 0.00390746
220 0.00390749
221 0.00390753
222 0.00390756
223 0.00390759
224 0.0039076
225 0.00390766
226 0.00390769
227 0.00390772
228 0.00390776
229 0.00390778
230 0.00390781
231 0.00390784
232 0.00390788
233 0.00390791
234 0.00390795
235 0.003908
236 0.00390801
237 0.00390803
238 0.0039081
239 0.00390812
240 0.00390816
241 0.00390819
242 0.00390823
243 0.00390827
244 0.00390828
245 0.00390833
246 0.00390837
247 0.00390841
248 0.00390844
249 0.0039085
250 0.00390852
251 0.00390857
252 0.0039086
253 0.00390863
254 0.00390869
255 0.00390871
