0 0.00392641
1 0.00390441
2 0.00390442
3 0.00390424
4 0.00390468
5 0.00390365
6 0.00393053
7 0.00390199
8 0.00390212
9 0.00390207
10 0.00390211
11 0.00390214
12 0.00390215
13 0.00390219
14 0.00390221
15 0.00390223
16 0.00390234
17 0.00390229
18 0.00390231
19 0.00390236
20 0.00390234
21 0.0039024
22 0.00390241
23 0.00390245
24 0.00390246
25 0.00390251
26 0.0039025
27 0.00390253
28 0.00390254
29 0.00390255
30 0.0039026
31 0.00390239
32 0.00390264
33 0.00390273
34 0.00390264
35 0.00390276
36 0.00390268
37 0.00390277
38 0.00390287
39 0.00390283
40 0.00390282
41 0.00390291
42 0.00390287
43 0.00390296
44 0.00390291
45 0.00390298
46 0.00390295
47 0.0039031
48 0.003903
49 0.00390311
50 0.00390307
51 0.00390314
52 0.00390313
53 0.00390323
54 0.00390313
55 0.00390323
56 0.00390321
57 0.00390327
58 0.00390326
59 0.00390331
60 0.00390333
61 0.00390339
62 0.00390336
63 0.00390343
64 0.00390347
65 0.00390348
66 0.00390349
67 0.00390354
68 0.00390352
69 0.00390362
70 0.00390361
71 0.00390363
72 0.00390362
73 0.00390366
74 0.00390365
75 0.00390371
76 0.00390374
77 0.00390378
78 0.00390378
79 0.00390384
80 0.00390383
81 0.0039039
82 0.00390389
83 0.00390394
84 0.00390395
85 0.00390401
86 0.003904
87 0.00390404
88 0.00390404
89 0.00390409
90 0.00390409
91 0.00390417
92 0.00390415
93 0.00390423
94 0.00390423
95 0.00390428
96 0.00390429
97 0.00390434
98 0.00390433
99 0.00390437
100 0.0039044
101 0.00390448
102 0.00390449
103 0.00390452
104 0.00390451
105 0.00390458
106 0.0039046
107 0.00390463
108 0.00390465
109 0.00390472
110 0.00390471
111 0.00390478
112 0.00390476
113 0.00390484
114 0.00390484
115 0.00390491
116 0.00390494
117 0.00390497
118 0.00390499
119 0.00390502
120 0.00390506
121 0.0039051
122 0.00390513
123 0.00390519
124 0.00390528
125 0.00390525
126 0.00390526
127 0.00390521
128 0.00390571
129 0.0039054
130 0.00390541
131 0.0039054
132 0.0039055
133 0.00390567
134 0.00390553
135 0.00390566
136 0.00390561
137 0.00390567
138 0.00390571
139 0.00390576
140 0.00390577
141 0.00390585
142 0.00390585
143 0.00390593
144 0.00390595
145 0.00390602
146 0.00390602
147 0.00390609
148 0.00390613
149 0.00390619
150 0.0039062
151 0.00390625
152 0.00390629
153 0.00390636
154 0.00390636
155 0.00390643
156 0.00390647
157 0.00390652
158 0.00390654
159 0.00390662
160 0.00390665
161 0.00390672
162 0.00390673
163 0.00390681
164 0.00390683
165 0.00390691
166 0.00390691
167 0.00390699
168 0.00390698
169 0.00390709
170 0.00390709
171 0.00390715
172 0.0039072
173 0.00390726
174 0.0039073
175 0.00390738
176 0.00390743
177 0.00390746
178 0.0039075
179 0.00390759
180 0.0039076
181 0.00390766
182 0.00390768
183 0.00390777
184 0.00390781
185 0.00390791
186 0.00390792
187 0.00390798
188 0.00390801
189 0.00390809
190 0.00390813
191 0.00390823
192 0.00390825
193 0.00390838
194 0.0039084
195 0.00390847
196 0.0039085
197 0.00390863
198 0.00390864
199 0.00390878
200 0.00390869
201 0.00390877
202 0.00390885
203 0.00390891
204 0.00390897
205 0.00390902
206 0.00390907
207 0.00390914
208 0.00390923
209 0.00390928
210 0.00390935
211 0.00390936
212 0.00390946
213 0.00390955
214 0.00390959
215 0.00390995
216 0.00390969
217 0.00390974
218 0.00390983
219 0.00390991
220 0.00391001
221 0.00391004
222 0.00391016
223 0.00391018
224 0.00391026
225 0.00391037
226 0.00391045
227 0.00391041
228 0.00391061
229 0.00391054
230 0.00391071
231 0.00391183
232 0.00391081
233 0.00391085
234 0.00391104
235 0.00391108
236 0.00391114
237 0.00391122
238 0.00391133
239 0.00391142
240 0.00391149
241 0.00391155
242 0.00391163
243 0.00391173
244 0.00391182
245 0.00391191
246 0.00391196
247 0.00391199
248 0.00391215
249 0.00391224
250 0.00391233
251 0.00391242
252 0.00391246
253 0.00391266
254 0.00391272
255 0.00391277
