0 0.00391653
1 0.00390437
2 0.00390433
3 0.00390438
4 0.00390453
5 0.00390441
6 0.00390447
7 0.00390446
8 0.00390448
9 0.00390448
10 0.00390452
11 0.00390454
12 0.00390453
13 0.00390457
14 0.0039046
15 0.00390462
16 0.00390463
17 0.0039046
18 0.00390463
19 0.00390466
20 0.00390469
21 0.00390469
22 0.0039047
23 0.00390471
24 0.00390472
25 0.00390474
26 0.00390476
27 0.0039048
28 0.0039048
29 0.00390481
30 0.00390481
31 0.00390488
32 0.0039049
33 0.00390489
34 0.00390488
35 0.0039049
36 0.00390491
37 0.00390495
38 0.00390495
39 0.00390497
40 0.00390498
41 0.00390501
42 0.003905
43 0.00390502
44 0.00390505
45 0.00390507
46 0.00390507
47 0.00390506
48 0.00390501
49 0.00390506
50 0.00390513
51 0.00390515
52 0.00390517
53 0.00390518
54 0.00390519
55 0.00390519
56 0.00390522
57 0.00390524
58 0.00390525
59 0.00390526
60 0.00390527
61 0.00390529
62 0.0039053
63 0.00390534
64 0.00390529
65 0.00390519
66 0.00390537
67 0.00390539
68 0.00390539
69 0.00390539
70 0.00390543
71 0.00390542
72 0.00390544
73 0.00390545
74 0.00390546
75 0.00390548
76 0.00390549
77 0.0039055
78 0.00390553
79 0.00390555
80 0.0039056
81 0.00390555
82 0.00390559
83 0.00390559
84 0.0039056
85 0.00390563
86 0.00390563
87 0.00390565
88 0.00390568
89 0.00390567
90 0.00390568
91 0.00390571
92 0.00390569
93 0.00390572
94 0.00390579
95 0.0039053
96 0.00391212
97 0.00390438
98 0.0039044
99 0.0039044
100 0.0039044
101 0.00390443
102 0.00390444
103 0.00390448
104 0.00390449
105 0.00390452
106 0.00390452
107 0.00390456
108 0.00390457
109 0.0039046
110 0.00390463
111 0.00390467
112 0.00390464
113 0.0039047
114 0.00390471
115 0.00390473
116 0.00390476
117 0.00390476
118 0.00390478
119 0.00390482
120 0.00390483
121 0.00390488
122 0.0039049
123 0.00390492
124 0.00390494
125 0.00390497
126 0.00390497
127 0.003905
128 0.00390518
129 0.00390504
130 0.00390507
131 0.0039051
132 0.00390512
133 0.00390514
134 0.00390518
135 0.00390519
136 0.00390521
137 0.00390526
138 0.00390527
139 0.00390531
140 0.00390532
141 0.00390536
142 0.00390537
143 0.0039054
144 0.00390544
145 0.00390547
146 0.00390549
147 0.00390553
148 0.00390555
149 0.00390557
150 0.0039056
151 0.00390562
152 0.00390568
153 0.00390568
154 0.00390571
155 0.00390573
156 0.00390575
157 0.00390577
158 0.00390583
159 0.00390592
160 0.00392252
161 0.00390598
162 0.00390607
163 0.00390613
164 0.00390618
165 0.00390621
166 0.00390625
167 0.00390625
168 0.00390628
169 0.00390632
170 0.00390635
171 0.00390638
172 0.00390643
173 0.00390645
174 0.00390652
175 0.00390652
176 0.0039065
177 0.00390659
178 0.00390662
179 0.00390667
180 0.00390667
181 0.00390673
182 0.00390675
183 0.00390679
184 0.00390681
185 0.00390688
186 0.0039069
187 0.00390694
188 0.00390696
189 0.00390701
190 0.00390704
191 0.00390711
192 0.00390714
193 0.00390714
194 0.0039072
195 0.00390723
196 0.00390727
197 0.00390732
198 0.00390735
199 0.00390739
200 0.00390742
201 0.00390747
202 0.00390751
203 0.00390757
204 0.00390759
205 0.00390763
206 0.0039077
207 0.00390772
208 0.00390775
209 0.0039078
210 0.00390787
211 0.00390789
212 0.00390791
213 0.00390798
214 0.00390802
215 0.00390806
216 0.00390811
217 0.00390816
218 0.0039082
219 0.00390824
220 0.0039083
221 0.00390833
222 0.00390839
223 0.00390843
224 0.00390842
225 0.00390856
226 0.00390857
227 0.00390863
228 0.00390866
229 0.0039087
230 0.00390876
231 0.00390882
232 0.00390888
233 0.00390889
234 0.00390896
235 0.00390902
236 0.00390906
237 0.00390911
238 0.00390917
239 0.00390922
240 0.00390927
241 0.00390932
242 0.00390937
243 0.00390944
244 0.00390949
245 0.00390952
246 0.0039096
247 0.00390964
248 0.00390969
249 0.00390974
250 0.00390981
251 0.00390985
252 0.00390993
253 0.00390997
254 0.00391002
255 0.00391009
