0 0.00391038
1 0.00390543
2 0.00390544
3 0.00390546
4 0.00390549
5 0.00390546
6 0.00390547
7 0.00390548
8 0.00390549
9 0.00390549
10 0.00390549
11 0.0039055
12 0.00390551
13 0.00390549
14 0.00390551
15 0.00390553
16 0.00390555
17 0.00390555
18 0.00390554
19 0.00390556
20 0.00390556
21 0.00390556
22 0.0039056
23 0.0039056
24 0.0039056
25 0.00390563
26 0.00390561
27 0.00390563
28 0.00390564
29 0.00390564
30 0.00390566
31 0.00390565
32 0.00390568
33 0.00390568
34 0.00390568
35 0.00390567
36 0.00390568
37 0.00390569
38 0.00390569
39 0.00390571
40 0.00390572
41 0.00390572
42 0.00390573
43 0.00390575
44 0.00390575
45 0.00390575
46 0.00390577
47 0.00390577
48 0.00390578
49 0.00390579
50 0.0039058
51 0.00390582
52 0.00390581
53 0.00390582
54 0.00390582
55 0.00390582
56 0.00390583
57 0.00390583
58 0.00390584
59 0.00390584
60 0.00390586
61 0.00390585
62 0.00390586
63 0.00390589
64 0.00390591
65 0.00390591
66 0.00390593
67 0.00390592
68 0.0039059
69 0.00390592
70 0.00390594
71 0.00390593
72 0.00390594
73 0.00390595
74 0.00390596
75 0.00390596
76 0.00390597
77 0.00390598
78 0.00390598
79 0.00390598
80 0.003906
81 0.00390602
82 0.00390602
83 0.00390602
84 0.00390601
85 0.00390602
86 0.00390605
87 0.00390606
88 0.00390605
89 0.00390607
90 0.00390608
91 0.00390607
92 0.00390608
93 0.00390609
94 0.0039061
95 0.00390608
96 0.00390611
97 0.00390612
98 0.00390611
99 0.00390613
100 0.00390614
101 0.00390614
102 0.00390615
103 0.00390613
104 0.00390616
105 0.00390616
106 0.00390616
107 0.00390617
108 0.00390618
109 0.00390618
110 0.00390618
111 0.00390619
112 0.0039062
113 0.0039062
114 0.00390621
115 0.00390621
116 0.00390621
117 0.00390619
118 0.00390624
119 0.00390624
120 0.00390625
121 0.00390624
122 0.00390626
123 0.00390626
124 0.00390627
125 0.00390627
126 0.00390627
127 0.00390629
128 0.00390632
129 0.00390628
130 0.00390628
131 0.00390628
132 0.0039063
133 0.00390633
134 0.00390631
135 0.00390633
136 0.00390632
137 0.00390632
138 0.00390633
139 0.00390634
140 0.00390632
141 0.00390635
142 0.00390635
143 0.00390634
144 0.00390636
145 0.00390637
146 0.00390635
147 0.00390636
148 0.00390637
149 0.00390635
150 0.00390636
151 0.00390637
152 0.0039064
153 0.00390638
154 0.00390638
155 0.0039064
156 0.00390638
157 0.0039064
158 0.0039064
159 0.00390641
160 0.00390641
161 0.00390641
162 0.0039064
163 0.00390642
164 0.00390642
165 0.00390641
166 0.00390641
167 0.00390642
168 0.00390644
169 0.00390643
170 0.00390643
171 0.00390643
172 0.00390641
173 0.00390642
174 0.00390643
175 0.00390644
176 0.00390641
177 0.00390643
178 0.00390642
179 0.00390643
180 0.00390644
181 0.00390644
182 0.00390644
183 0.00390643
184 0.00390643
185 0.00390644
186 0.00390642
187 0.00390645
188 0.00390644
189 0.00390642
190 0.00390644
191 0.0039064
192 0.00390642
193 0.00390643
194 0.00390642
195 0.00390642
196 0.00390641
197 0.00390641
198 0.00390642
199 0.0039064
200 0.00390641
201 0.00390641
202 0.00390639
203 0.00390638
204 0.0039064
205 0.00390638
206 0.00390639
207 0.00390637
208 0.00390638
209 0.00390638
210 0.00390638
211 0.00390637
212 0.00390635
213 0.00390636
214 0.00390634
215 0.00390635
216 0.00390636
217 0.00390635
218 0.00390635
219 0.00390632
220 0.00390631
221 0.00390631
222 0.00390632
223 0.00390631
224 0.0039063
225 0.0039063
226 0.00390628
227 0.00390629
228 0.00390627
229 0.00390625
230 0.00390625
231 0.00390624
232 0.00390625
233 0.00390611
234 0.00390663
235 0.00390741
236 0.00390749
237 0.00390748
238 0.0039075
239 0.00390753
240 0.00390755
241 0.00390758
242 0.00390759
243 0.00390762
244 0.00390763
245 0.00390767
246 0.00390767
247 0.00390772
248 0.00390772
249 0.00390776
250 0.00390779
251 0.00390782
252 0.00390782
253 0.00390784
254 0.00390787
255 0.00390792
