0 0.00391334
1 0.00390466
2 0.00390468
3 0.00390467
4 0.00390477
5 0.0039047
6 0.00390473
7 0.00390473
8 0.00390472
9 0.00390476
10 0.00390478
11 0.00390478
12 0.0039048
13 0.00390479
14 0.0039048
15 0.0039048
16 0.00390485
17 0.00390485
18 0.00390489
19 0.00390487
20 0.00390489
21 0.00390491
22 0.00390492
23 0.00390494
24 0.00390495
25 0.00390495
26 0.00390495
27 0.00390496
28 0.00390499
29 0.00390499
30 0.00390501
31 0.00390501
32 0.00390505
33 0.00390504
34 0.00390506
35 0.00390509
36 0.0039051
37 0.00390509
38 0.00390511
39 0.00390512
40 0.00390514
41 0.00390515
42 0.00390516
43 0.00390514
44 0.00390516
45 0.00390519
46 0.00390518
47 0.0039052
48 0.00390524
49 0.00390523
50 0.00390527
51 0.00390526
52 0.00390528
53 0.00390528
54 0.00390529
55 0.00390532
56 0.00390531
57 0.00390534
58 0.00390535
59 0.00390536
60 0.00390537
61 0.00390538
62 0.00390539
63 0.00390541
64 0.00390544
65 0.00390542
66 0.00390544
67 0.00390544
68 0.00390544
69 0.00390546
70 0.00390549
71 0.00390548
72 0.0039055
73 0.00390551
74 0.00390557
75 0.00390554
76 0.00390555
77 0.00390556
78 0.00390557
79 0.00390556
80 0.0039056
81 0.00390559
82 0.00390562
83 0.00390563
84 0.00390566
85 0.00390565
86 0.00390564
87 0.00390566
88 0.00390569
89 0.00390568
90 0.00390569
91 0.00390571
92 0.00390573
93 0.00390574
94 0.00390575
95 0.00390575
96 0.00390576
97 0.00390577
98 0.00390579
99 0.00390578
100 0.00390579
101 0.0039058
102 0.00390582
103 0.00390583
104 0.00390586
105 0.00390585
106 0.00390585
107 0.00390588
108 0.00390585
109 0.00390588
110 0.0039059
111 0.00390589
112 0.00390596
113 0.00390595
114 0.00390596
115 0.00390596
116 0.00390599
117 0.003906
118 0.00390601
119 0.00390599
120 0.00390602
121 0.00390601
122 0.00390602
123 0.00390604
124 0.00390604
125 0.00390606
126 0.00390606
127 0.00390607
128 0.00390612
129 0.00390607
130 0.00390608
131 0.0039061
132 0.0039061
133 0.0039061
134 0.00390612
135 0.0039061
136 0.00390613
137 0.00390612
138 0.00390611
139 0.00390614
140 0.00390614
141 0.00390615
142 0.00390615
143 0.00390615
144 0.00390618
145 0.00390623
146 0.00390594
147 0.00390893
148 0.00390571
149 0.00390577
150 0.00390577
151 0.00390577
152 0.00390581
153 0.00390583
154 0.00390585
155 0.00390587
156 0.00390589
157 0.00390593
158 0.00390595
159 0.00390596
160 0.003906
161 0.00390602
162 0.00390602
163 0.00390605
164 0.00390609
165 0.00390611
166 0.00390611
167 0.00390615
168 0.00390618
169 0.00390621
170 0.00390622
171 0.00390626
172 0.00390628
173 0.0039063
174 0.00390632
175 0.00390637
176 0.00390638
177 0.0039064
178 0.00390643
179 0.00390645
180 0.00390648
181 0.00390651
182 0.00390655
183 0.00390657
184 0.00390658
185 0.0039066
186 0.00390666
187 0.00390667
188 0.00390669
189 0.00390672
190 0.00390675
191 0.00390678
192 0.00390681
193 0.00390686
194 0.00390687
195 0.00390688
196 0.00390693
197 0.00390696
198 0.00390698
199 0.00390701
200 0.00390702
201 0.00390704
202 0.00390711
203 0.00390714
204 0.00390717
205 0.00390718
206 0.00390722
207 0.00390724
208 0.00390728
209 0.0039073
210 0.00390735
211 0.00390739
212 0.00390742
213 0.00390744
214 0.00390748
215 0.00390751
216 0.00390754
217 0.00390756
218 0.0039076
219 0.00390766
220 0.00390768
221 0.00390771
222 0.00390775
223 0.0039078
224 0.00390782
225 0.00390788
226 0.0039079
227 0.00390794
228 0.00390796
229 0.00390802
230 0.00390802
231 0.00390808
232 0.00390811
233 0.00390814
234 0.00390819
235 0.00390823
236 0.00390825
237 0.00390832
238 0.00390835
239 0.00390838
240 0.00390843
241 0.00390846
242 0.00390851
243 0.00390853
244 0.00390857
245 0.00390864
246 0.00390866
247 0.0039087
248 0.00390875
249 0.00390879
250 0.00390883
251 0.00390887
252 0.00390892
253 0.00390895
254 0.00390899
255 0.00390905
