0 0.00391885
1 0.00390428
2 0.00390429
3 0.00390428
4 0.0039045
5 0.00390431
6 0.0039044
7 0.00390442
8 0.00390446
9 0.00390445
10 0.00390446
11 0.0039045
12 0.0039045
13 0.00390454
14 0.00390455
15 0.00390457
16 0.00390484
17 0.00390462
18 0.00390462
19 0.00390463
20 0.00390461
21 0.00390467
22 0.00390453
23 0.00390474
24 0.00390476
25 0.00390476
26 0.00390476
27 0.00390479
28 0.0039048
29 0.00390484
30 0.00390487
31 0.00390487
32 0.00390502
33 0.0039049
34 0.00390495
35 0.00390501
36 0.003905
37 0.00390496
38 0.00390496
39 0.00390502
40 0.00390505
41 0.00390504
42 0.00390507
43 0.0039051
44 0.0039051
45 0.00390512
46 0.00390514
47 0.00390511
48 0.00390521
49 0.00390517
50 0.0039052
51 0.00390524
52 0.0039053
53 0.00390522
54 0.0039053
55 0.0039053
56 0.00390531
57 0.00390534
58 0.00390535
59 0.00390536
60 0.00390539
61 0.00390539
62 0.00390543
63 0.00390546
64 0.0039056
65 0.00390546
66 0.00390547
67 0.00390557
68 0.00390508
69 0.00391584
70 0.00390381
71 0.00390387
72 0.00390388
73 0.00390387
74 0.0039039
75 0.0039039
76 0.00390395
77 0.00390395
78 0.00390397
79 0.00390402
80 0.00390404
81 0.00390403
82 0.00390406
83 0.00390408
84 0.00390412
85 0.00390412
86 0.00390415
87 0.00390418
88 0.00390421
89 0.0039042
90 0.00390425
91 0.00390427
92 0.00390431
93 0.00390431
94 0.00390434
95 0.00390436
96 0.0039044
97 0.0039044
98 0.00390444
99 0.00390447
100 0.0039045
101 0.00390451
102 0.00390453
103 0.00390454
104 0.00390457
105 0.00390459
106 0.00390462
107 0.00390464
108 0.00390467
109 0.00390466
110 0.00390472
111 0.00390471
112 0.00390478
113 0.00390476
114 0.0039048
115 0.00390482
116 0.00390485
117 0.00390486
118 0.00390491
119 0.00390496
120 0.00390497
121 0.00390497
122 0.003905
123 0.00390503
124 0.00390504
125 0.00390507
126 0.00390511
127 0.00390515
128 0.00390536
129 0.00390532
130 0.00390524
131 0.00390525
132 0.00390527
133 0.00390528
134 0.00390532
135 0.00390533
136 0.00390538
137 0.00390541
138 0.00390544
139 0.00390549
140 0.00390551
141 0.00390552
142 0.00390557
143 0.0039056
144 0.00390563
145 0.00390566
146 0.00390569
147 0.00390573
148 0.00390577
149 0.00390577
150 0.00390584
151 0.00390584
152 0.0039059
153 0.00390591
154 0.00390596
155 0.00390597
156 0.00390601
157 0.00390604
158 0.0039061
159 0.00390609
160 0.00390619
161 0.00390625
162 0.0039062
163 0.00390631
164 0.0039063
165 0.0039063
166 0.00390639
167 0.00390639
168 0.00390644
169 0.00390646
170 0.00390651
171 0.00390653
172 0.0039066
173 0.00390659
174 0.00390666
175 0.00390669
176 0.00390674
177 0.0039068
178 0.00390681
179 0.00390683
180 0.00390688
181 0.00390694
182 0.00390698
183 0.00390699
184 0.00390707
185 0.00390709
186 0.00390713
187 0.00390714
188 0.00390723
189 0.00390725
190 0.00390735
191 0.00390737
192 0.00390745
193 0.00390746
194 0.00390752
195 0.00390756
196 0.00390761
197 0.0039076
198 0.0039077
199 0.00390775
200 0.00390777
201 0.00390781
202 0.00390787
203 0.00390792
204 0.00390797
205 0.003908
206 0.00390805
207 0.00390811
208 0.00390817
209 0.0039082
210 0.00390826
211 0.0039083
212 0.00390835
213 0.0039084
214 0.00390846
215 0.0039085
216 0.00390857
217 0.00390861
218 0.00390866
219 0.00390872
220 0.00390875
221 0.00390881
222 0.00390887
223 0.00390892
224 0.003909
225 0.00390904
226 0.00390907
227 0.00390914
228 0.0039092
229 0.00390925
230 0.00390931
231 0.00390934
232 0.00390942
233 0.00390949
234 0.00390955
235 0.0039096
236 0.00390964
237 0.00390967
238 0.00390977
239 0.00390982
240 0.0039099
241 0.00390994
242 0.00391
243 0.00391005
244 0.0039101
245 0.00391019
246 0.00391027
247 0.00391032
248 0.00391036
249 0.0039104
250 0.00391051
251 0.00391059
252 0.00391063
253 0.00391069
254 0.00391078
255 0.0039109
