0 0.00391193
1 0.00390493
2 0.00390493
3 0.00390492
4 0.00390499
5 0.00390494
6 0.00390497
7 0.00390499
8 0.003905
9 0.00390499
10 0.00390501
11 0.00390502
12 0.00390503
13 0.00390504
14 0.00390505
15 0.00390507
16 0.00390508
17 0.00390506
18 0.00390509
19 0.00390509
20 0.00390511
21 0.00390511
22 0.00390513
23 0.00390516
24 0.00390516
25 0.00390517
26 0.00390515
27 0.00390519
28 0.00390519
29 0.0039052
30 0.0039052
31 0.00390522
32 0.00390523
33 0.00390522
34 0.00390523
35 0.00390527
36 0.00390528
37 0.00390529
38 0.00390529
39 0.00390529
40 0.00390529
41 0.00390533
42 0.00390531
43 0.00390536
44 0.00390535
45 0.00390536
46 0.00390537
47 0.00390537
48 0.00390539
49 0.00390541
50 0.00390541
51 0.00390539
52 0.00390542
53 0.00390545
54 0.00390545
55 0.00390546
56 0.00390547
57 0.00390547
58 0.0039055
59 0.0039055
60 0.0039055
61 0.00390553
62 0.00390551
63 0.00390554
64 0.00390557
65 0.00390557
66 0.00390556
67 0.00390559
68 0.00390558
69 0.00390559
70 0.00390558
71 0.00390562
72 0.00390561
73 0.00390564
74 0.00390565
75 0.00390563
76 0.00390566
77 0.00390566
78 0.00390569
79 0.00390572
80 0.00390575
81 0.00390574
82 0.00390574
83 0.00390574
84 0.00390576
85 0.00390577
86 0.00390578
87 0.00390577
88 0.00390579
89 0.00390578
90 0.00390573
91 0.00390583
92 0.00390582
93 0.00390584
94 0.00390584
95 0.00390585
96 0.00390586
97 0.00390586
98 0.00390587
99 0.00390588
100 0.0039059
101 0.00390591
102 0.0039059
103 0.0039059
104 0.00390592
105 0.00390595
106 0.00390594
107 0.00390596
108 0.00390597
109 0.00390596
110 0.00390598
111 0.003906
112 0.003906
113 0.00390599
114 0.00390602
115 0.00390602
116 0.00390601
117 0.00390606
118 0.00390602
119 0.00390603
120 0.00390605
121 0.00390606
122 0.00390608
123 0.00390607
124 0.00390608
125 0.00390608
126 0.00390609
127 0.0039061
128 0.00390609
129 0.0039061
130 0.00390611
131 0.00390612
132 0.00390611
133 0.00390613
134 0.00390615
135 0.00390613
136 0.00390614
137 0.00390615
138 0.00390616
139 0.00390616
140 0.00390617
141 0.00390619
142 0.00390618
143 0.00390619
144 0.00390618
145 0.00390619
146 0.0039062
147 0.0039062
148 0.00390619
149 0.00390619
150 0.00390621
151 0.00390621
152 0.0039062
153 0.00390623
154 0.00390623
155 0.00390623
156 0.00390622
157 0.00390624
158 0.00390623
159 0.00390625
160 0.00390626
161 0.00390625
162 0.00390624
163 0.00390625
164 0.00390627
165 0.00390626
166 0.00390625
167 0.00390626
168 0.00390625
169 0.00390626
170 0.00390626
171 0.00390624
172 0.00390625
173 0.00390627
174 0.00390625
175 0.00390626
176 0.0039063
177 0.00390628
178 0.0039063
179 0.0039061
180 0.00390767
181 0.00390641
182 0.00390646
183 0.00390649
184 0.0039065
185 0.00390653
186 0.00390654
187 0.00390658
188 0.00390659
189 0.0039066
190 0.00390664
191 0.00390666
192 0.00390667
193 0.00390669
194 0.00390673
195 0.00390675
196 0.00390676
197 0.00390681
198 0.00390683
199 0.00390686
200 0.00390686
201 0.0039069
202 0.00390693
203 0.00390694
204 0.00390695
205 0.003907
206 0.00390703
207 0.00390707
208 0.00390706
209 0.0039071
210 0.00390711
211 0.00390716
212 0.00390718
213 0.00390722
214 0.00390723
215 0.00390728
216 0.00390728
217 0.00390731
218 0.00390732
219 0.00390737
220 0.0039074
221 0.00390742
222 0.00390743
223 0.00390749
224 0.00390754
225 0.00390754
226 0.00390755
227 0.0039076
228 0.00390763
229 0.00390767
230 0.0039077
231 0.00390773
232 0.00390776
233 0.00390778
234 0.00390784
235 0.00390784
236 0.00390787
237 0.00390792
238 0.00390796
239 0.00390797
240 0.00390801
241 0.00390804
242 0.00390809
243 0.00390812
244 0.00390815
245 0.00390819
246 0.00390823
247 0.00390825
248 0.00390827
249 0.00390832
250 0.00390835
251 0.00390838
252 0.00390844
253 0.00390848
254 0.00390848
255 0.00390853
