0 0.00391279
1 0.00390474
2 0.00390476
3 0.00390474
4 0.00390486
5 0.00390478
6 0.00390478
7 0.00390483
8 0.00390482
9 0.00390483
10 0.00390484
11 0.00390487
12 0.00390487
13 0.00390489
14 0.00390489
15 0.00390493
16 0.00390491
17 0.00390491
18 0.00390492
19 0.00390495
20 0.00390494
21 0.00390499
22 0.00390499
23 0.003905
24 0.00390501
25 0.00390504
26 0.00390503
27 0.00390503
28 0.00390504
29 0.00390504
30 0.00390507
31 0.00390508
32 0.00390511
33 0.00390512
34 0.00390513
35 0.00390514
36 0.00390514
37 0.00390515
38 0.00390517
39 0.00390517
40 0.00390517
41 0.0039052
42 0.00390522
43 0.00390523
44 0.00390524
45 0.00390525
46 0.00390527
47 0.00390526
48 0.00390529
49 0.00390529
50 0.00390529
51 0.00390531
52 0.00390532
53 0.00390532
54 0.00390536
55 0.00390536
56 0.00390535
57 0.00390537
58 0.00390537
59 0.00390541
60 0.00390541
61 0.00390542
62 0.00390544
63 0.00390545
64 0.00390547
65 0.00390546
66 0.00390548
67 0.0039055
68 0.0039055
69 0.00390552
70 0.00390553
71 0.00390555
72 0.00390554
73 0.00390555
74 0.00390555
75 0.00390558
76 0.0039056
77 0.00390559
78 0.00390561
79 0.0039056
80 0.00390568
81 0.00390561
82 0.00390563
83 0.00390565
84 0.00390567
85 0.00390565
86 0.00390567
87 0.00390571
88 0.00390571
89 0.00390572
90 0.00390572
91 0.00390571
92 0.00390572
93 0.00390575
94 0.00390576
95 0.00390577
96 0.00390582
97 0.0039058
98 0.00390583
99 0.00390582
100 0.00390586
101 0.00390587
102 0.00390586
103 0.00390586
104 0.00390587
105 0.00390588
106 0.00390589
107 0.00390591
108 0.0039059
109 0.00390593
110 0.00390593
111 0.00390596
112 0.00390596
113 0.00390595
114 0.00390596
115 0.00390598
116 0.00390598
117 0.00390599
118 0.00390602
119 0.003906
120 0.00390601
121 0.00390602
122 0.00390604
123 0.00390603
124 0.00390604
125 0.00390605
126 0.00390608
127 0.00390608
128 0.00390611
129 0.00390609
130 0.00390608
131 0.00390609
132 0.0039061
133 0.0039061
134 0.00390611
135 0.00390612
136 0.00390612
137 0.00390613
138 0.00390617
139 0.00390616
140 0.00390614
141 0.00390615
142 0.00390614
143 0.00390617
144 0.00390618
145 0.00390617
146 0.0039062
147 0.00390619
148 0.00390618
149 0.00390619
150 0.0039062
151 0.00390617
152 0.00390623
153 0.00390622
154 0.0039062
155 0.00390621
156 0.00390623
157 0.00390625
158 0.00390601
159 0.00390841
160 0.00390598
161 0.00390604
162 0.00390603
163 0.00390606
164 0.00390607
165 0.00390612
166 0.00390613
167 0.00390614
168 0.00390616
169 0.00390618
170 0.00390622
171 0.00390623
172 0.00390626
173 0.00390627
174 0.00390632
175 0.00390633
176 0.00390636
177 0.00390637
178 0.00390639
179 0.00390641
180 0.00390645
181 0.00390649
182 0.00390649
183 0.00390654
184 0.00390654
185 0.00390657
186 0.0039066
187 0.00390662
188 0.00390663
189 0.00390667
190 0.00390669
191 0.00390672
192 0.00390675
193 0.00390677
194 0.00390679
195 0.00390681
196 0.00390684
197 0.00390689
198 0.00390691
199 0.00390694
200 0.00390695
201 0.00390699
202 0.00390701
203 0.00390706
204 0.00390707
205 0.00390711
206 0.00390716
207 0.00390712
208 0.00390723
209 0.00390721
210 0.00390726
211 0.00390727
212 0.00390729
213 0.00390734
214 0.00390738
215 0.00390743
216 0.00390745
217 0.00390747
218 0.00390751
219 0.00390755
220 0.00390755
221 0.00390759
222 0.00390762
223 0.00390766
224 0.00390771
225 0.00390774
226 0.00390775
227 0.00390778
228 0.00390782
229 0.00390785
230 0.00390789
231 0.00390793
232 0.00390797
233 0.00390801
234 0.00390803
235 0.00390809
236 0.00390809
237 0.00390814
238 0.00390818
239 0.00390821
240 0.00390826
241 0.00390828
242 0.00390834
243 0.00390838
244 0.00390839
245 0.00390843
246 0.00390851
247 0.00390852
248 0.00390857
249 0.00390859
250 0.00390864
251 0.00390869
252 0.00390871
253 0.00390877
254 0.0039088
255 0.00390886
