0 0.00391199
1 0.00390492
2 0.00390493
3 0.00390494
4 0.00390499
5 0.00390494
6 0.00390494
7 0.00390496
8 0.00390498
9 0.00390499
10 0.00390498
11 0.00390499
12 0.00390502
13 0.00390504
14 0.00390503
15 0.00390504
16 0.00390506
17 0.00390505
18 0.00390507
19 0.00390508
20 0.00390509
21 0.00390511
22 0.00390512
23 0.00390511
24 0.00390514
25 0.00390515
26 0.00390518
27 0.00390518
28 0.00390519
29 0.00390519
30 0.0039052
31 0.0039052
32 0.00390522
33 0.00390522
34 0.00390522
35 0.00390523
36 0.00390524
37 0.00390526
38 0.00390526
39 0.00390527
40 0.0039053
41 0.0039053
42 0.00390532
43 0.00390534
44 0.00390534
45 0.00390534
46 0.00390535
47 0.00390538
48 0.00390539
49 0.00390538
50 0.00390539
51 0.00390541
52 0.0039054
53 0.00390541
54 0.00390543
55 0.00390545
56 0.00390547
57 0.00390546
58 0.00390547
59 0.00390548
60 0.0039055
61 0.0039055
62 0.00390553
63 0.00390552
64 0.00390554
65 0.00390556
66 0.00390556
67 0.00390559
68 0.00390558
69 0.00390559
70 0.0039056
71 0.00390562
72 0.0039056
73 0.0039056
74 0.00390564
75 0.00390565
76 0.00390565
77 0.00390567
78 0.00390567
79 0.00390569
80 0.00390569
81 0.00390571
82 0.00390572
83 0.00390574
84 0.00390574
85 0.00390575
86 0.00390576
87 0.00390577
88 0.00390579
89 0.00390573
90 0.0039058
91 0.00390582
92 0.00390581
93 0.00390582
94 0.00390584
95 0.00390586
96 0.00390585
97 0.00390589
98 0.00390586
99 0.00390588
100 0.00390587
101 0.00390589
102 0.00390589
103 0.00390591
104 0.00390591
105 0.00390592
106 0.00390592
107 0.00390594
108 0.00390596
109 0.00390596
110 0.00390596
111 0.00390599
112 0.00390598
113 0.00390601
114 0.00390599
115 0.00390604
116 0.00390601
117 0.00390604
118 0.00390604
119 0.00390603
120 0.00390605
121 0.00390604
122 0.00390606
123 0.00390605
124 0.00390609
125 0.00390608
126 0.00390608
127 0.00390608
128 0.00390613
129 0.00390609
130 0.0039061
131 0.00390611
132 0.00390611
133 0.00390611
134 0.00390614
135 0.00390615
136 0.00390615
137 0.00390614
138 0.00390615
139 0.00390618
140 0.00390616
141 0.00390618
142 0.00390616
143 0.0039062
144 0.00390617
145 0.00390618
146 0.00390617
147 0.0039062
148 0.00390619
149 0.0039062
150 0.00390621
151 0.0039062
152 0.00390623
153 0.00390623
154 0.00390623
155 0.00390622
156 0.00390623
157 0.00390622
158 0.00390623
159 0.00390623
160 0.00390624
161 0.00390624
162 0.00390625
163 0.00390625
164 0.00390627
165 0.00390625
166 0.00390623
167 0.00390625
168 0.00390626
169 0.00390626
170 0.00390623
171 0.00390628
172 0.00390624
173 0.00390626
174 0.00390626
175 0.00390628
176 0.00390628
177 0.00390609
178 0.00390772
179 0.00390639
180 0.00390643
181 0.00390645
182 0.00390647
183 0.00390645
184 0.0039065
185 0.00390653
186 0.00390655
187 0.00390658
188 0.00390659
189 0.00390662
190 0.00390665
191 0.00390668
192 0.00390667
193 0.00390671
194 0.0039067
195 0.00390677
196 0.00390678
197 0.0039068
198 0.00390684
199 0.00390687
200 0.00390689
201 0.00390691
202 0.00390693
203 0.00390697
204 0.00390696
205 0.00390701
206 0.00390703
207 0.00390706
208 0.00390708
209 0.00390712
210 0.00390713
211 0.00390718
212 0.00390717
213 0.00390721
214 0.00390725
215 0.00390728
216 0.00390729
217 0.0039073
218 0.00390734
219 0.00390737
220 0.00390741
221 0.00390744
222 0.00390745
223 0.0039075
224 0.00390752
225 0.00390756
226 0.00390759
227 0.00390762
228 0.00390765
229 0.00390768
230 0.00390771
231 0.00390776
232 0.00390779
233 0.0039078
234 0.00390783
235 0.00390787
236 0.00390791
237 0.00390793
238 0.00390797
239 0.003908
240 0.00390802
241 0.00390807
242 0.00390809
243 0.00390815
244 0.00390819
245 0.00390822
246 0.00390825
247 0.00390829
248 0.00390831
249 0.00390835
250 0.00390839
251 0.00390842
252 0.00390846
253 0.00390847
254 0.00390852
255 0.00390855
