0 0.00391608
1 0.00390438
2 0.00390439
3 0.00390439
4 0.00390452
5 0.00390444
6 0.00390448
7 0.00390428
8 0.00390449
9 0.00390453
10 0.00390456
11 0.00390457
12 0.00390455
13 0.00390458
14 0.00390461
15 0.00390463
16 0.00390463
17 0.00390466
18 0.00390468
19 0.00390468
20 0.0039047
21 0.00390472
22 0.00390471
23 0.00390474
24 0.00390474
25 0.00390477
26 0.00390479
27 0.00390483
28 0.00390481
29 0.00390484
30 0.00390486
31 0.00390486
32 0.0039049
33 0.00390491
34 0.00390488
35 0.00390493
36 0.00390494
37 0.00390495
38 0.00390496
39 0.003905
40 0.00390501
41 0.00390501
42 0.00390505
43 0.00390503
44 0.00390505
45 0.00390509
46 0.0039051
47 0.0039051
48 0.00390513
49 0.00390513
50 0.00390517
51 0.00390506
52 0.00390517
53 0.0039052
54 0.00390519
55 0.00390521
56 0.00390526
57 0.00390525
58 0.00390526
59 0.00390528
60 0.00390528
61 0.0039053
62 0.00390533
63 0.00390534
64 0.00390546
65 0.00390534
66 0.00390537
67 0.00390541
68 0.00390542
69 0.00390544
70 0.00390544
71 0.00390544
72 0.00390546
73 0.0039055
74 0.00390548
75 0.00390551
76 0.0039055
77 0.00390554
78 0.00390554
79 0.00390557
80 0.00390559
81 0.00390559
82 0.00390559
83 0.00390561
84 0.00390563
85 0.00390563
86 0.00390565
87 0.00390568
88 0.00390568
89 0.00390568
90 0.0039057
91 0.00390572
92 0.00390572
93 0.00390571
94 0.00390575
95 0.00390579
96 0.00390564
97 0.0039058
98 0.0039058
99 0.00390581
100 0.00390587
101 0.00390549
102 0.00391194
103 0.00390463
104 0.00390467
105 0.00390468
106 0.00390467
107 0.00390471
108 0.00390473
109 0.00390475
110 0.00390477
111 0.0039048
112 0.00390482
113 0.00390487
114 0.00390485
115 0.00390488
116 0.00390491
117 0.00390493
118 0.00390495
119 0.003905
120 0.00390498
121 0.00390501
122 0.00390504
123 0.00390506
124 0.00390508
125 0.00390511
126 0.00390513
127 0.00390516
128 0.00390534
129 0.0039052
130 0.00390524
131 0.00390526
132 0.00390527
133 0.00390531
134 0.00390532
135 0.00390535
136 0.00390537
137 0.00390541
138 0.00390545
139 0.00390547
140 0.00390548
141 0.0039055
142 0.00390554
143 0.00390557
144 0.00390559
145 0.00390564
146 0.00390565
147 0.00390567
148 0.00390572
149 0.00390572
150 0.00390574
151 0.00390579
152 0.0039058
153 0.00390584
154 0.00390585
155 0.0039059
156 0.00390591
157 0.00390598
158 0.003906
159 0.00390602
160 0.00390605
161 0.00390607
162 0.00390613
163 0.00390615
164 0.00390617
165 0.00390622
166 0.00390622
167 0.00390628
168 0.0039063
169 0.00390636
170 0.00390637
171 0.0039064
172 0.00390646
173 0.00390646
174 0.00390651
175 0.00390654
176 0.00390657
177 0.0039066
178 0.00390664
179 0.00390664
180 0.00390669
181 0.00390674
182 0.00390676
183 0.0039068
184 0.00390683
185 0.00390687
186 0.0039069
187 0.00390694
188 0.00390699
189 0.00390701
190 0.00390707
191 0.00390711
192 0.00390713
193 0.00390716
194 0.00390721
195 0.00390723
196 0.00390727
197 0.00390733
198 0.00390735
199 0.00390739
200 0.00390743
201 0.00390746
202 0.0039075
203 0.00390755
204 0.00390759
205 0.00390761
206 0.00390766
207 0.00390772
208 0.00390775
209 0.00390778
210 0.00390779
211 0.00390786
212 0.00390791
213 0.00390797
214 0.00390801
215 0.00390802
216 0.00390808
217 0.00390813
218 0.00390817
219 0.00390821
220 0.00390825
221 0.0039083
222 0.00390833
223 0.00390839
224 0.00390844
225 0.00390847
226 0.00390851
227 0.00390857
228 0.00390861
229 0.00390868
230 0.00390867
231 0.0039088
232 0.00390879
233 0.00390885
234 0.00390891
235 0.00390896
236 0.003909
237 0.00390905
238 0.00390908
239 0.00390915
240 0.0039092
241 0.00390926
242 0.00390931
243 0.00390935
244 0.00390941
245 0.00390945
246 0.00390953
247 0.00390958
248 0.00390959
249 0.00390966
250 0.00390972
251 0.00390978
252 0.00390982
253 0.0039099
254 0.00390995
255 0.00391005
