0 0.00391039
1 0.00390543
2 0.00390542
3 0.00390543
4 0.00390548
5 0.00390545
6 0.00390544
7 0.00390547
8 0.00390547
9 0.00390547
10 0.0039055
11 0.00390548
12 0.00390548
13 0.00390551
14 0.0039055
15 0.00390554
16 0.00390553
17 0.00390553
18 0.00390553
19 0.00390555
20 0.00390555
21 0.00390556
22 0.00390557
23 0.00390557
24 0.00390562
25 0.00390561
26 0.00390562
27 0.00390561
28 0.00390562
29 0.00390561
30 0.00390563
31 0.00390566
32 0.00390567
33 0.00390567
34 0.00390568
35 0.00390568
36 0.00390569
37 0.00390569
38 0.0039057
39 0.0039057
40 0.00390571
41 0.00390571
42 0.00390573
43 0.00390573
44 0.00390572
45 0.00390575
46 0.00390576
47 0.00390576
48 0.00390578
49 0.0039058
50 0.00390579
51 0.0039058
52 0.00390578
53 0.00390582
54 0.0039058
55 0.00390583
56 0.00390584
57 0.00390582
58 0.00390583
59 0.00390585
60 0.00390584
61 0.00390587
62 0.00390588
63 0.00390587
64 0.00390586
65 0.00390587
66 0.0039059
67 0.00390591
68 0.0039059
69 0.00390593
70 0.00390592
71 0.00390592
72 0.00390594
73 0.00390597
74 0.00390595
75 0.00390597
76 0.00390596
77 0.00390598
78 0.003906
79 0.00390597
80 0.00390598
81 0.00390598
82 0.003906
83 0.00390602
84 0.00390602
85 0.00390602
86 0.00390604
87 0.00390602
88 0.00390603
89 0.00390606
90 0.00390608
91 0.00390604
92 0.00390607
93 0.00390607
94 0.00390608
95 0.0039061
96 0.00390609
97 0.0039061
98 0.00390611
99 0.00390611
100 0.00390612
101 0.00390613
102 0.00390612
103 0.00390614
104 0.00390613
105 0.00390616
106 0.00390617
107 0.00390618
108 0.00390616
109 0.00390618
110 0.00390618
111 0.00390618
112 0.00390619
113 0.00390621
114 0.0039062
115 0.0039062
116 0.00390621
117 0.00390626
118 0.00390621
119 0.00390624
120 0.00390625
121 0.00390624
122 0.00390622
123 0.00390627
124 0.00390626
125 0.00390627
126 0.00390627
127 0.00390627
128 0.0039063
129 0.00390628
130 0.0039063
131 0.0039063
132 0.00390632
133 0.00390631
134 0.00390632
135 0.00390632
136 0.00390632
137 0.00390635
138 0.00390631
139 0.00390633
140 0.00390632
141 0.00390634
142 0.00390633
143 0.00390635
144 0.00390636
145 0.00390636
146 0.00390636
147 0.00390636
148 0.00390636
149 0.00390636
150 0.00390637
151 0.00390636
152 0.00390636
153 0.00390638
154 0.0039064
155 0.00390639
156 0.00390639
157 0.00390639
158 0.00390642
159 0.00390639
160 0.00390638
161 0.00390639
162 0.00390641
163 0.0039064
164 0.0039064
165 0.0039064
166 0.00390641
167 0.0039064
168 0.00390643
169 0.00390642
170 0.00390641
171 0.00390641
172 0.00390641
173 0.00390643
174 0.00390644
175 0.00390642
176 0.00390644
177 0.00390645
178 0.00390642
179 0.0039064
180 0.00390642
181 0.00390641
182 0.00390644
183 0.00390643
184 0.00390643
185 0.00390641
186 0.00390647
187 0.00390643
188 0.00390641
189 0.00390643
190 0.00390645
191 0.00390642
192 0.00390643
193 0.00390642
194 0.00390641
195 0.00390639
196 0.00390642
197 0.0039064
198 0.00390639
199 0.00390642
200 0.00390642
201 0.00390639
202 0.00390641
203 0.00390638
204 0.0039064
205 0.0039064
206 0.00390638
207 0.00390639
208 0.00390638
209 0.00390639
210 0.00390637
211 0.00390636
212 0.00390637
213 0.00390636
214 0.00390636
215 0.00390636
216 0.00390635
217 0.00390633
218 0.00390634
219 0.00390631
220 0.00390634
221 0.00390633
222 0.00390633
223 0.00390631
224 0.0039063
225 0.00390631
226 0.00390629
227 0.00390628
228 0.00390628
229 0.00390625
230 0.00390625
231 0.00390626
232 0.0039061
233 0.00390667
234 0.00390742
235 0.00390745
236 0.00390744
237 0.00390749
238 0.0039075
239 0.00390754
240 0.00390753
241 0.00390758
242 0.00390759
243 0.00390762
244 0.00390762
245 0.00390767
246 0.00390768
247 0.00390772
248 0.00390774
249 0.00390775
250 0.0039078
251 0.00390781
252 0.00390782
253 0.00390786
254 0.00390788
255 0.00390793
