0 0.00392437
1 0.0039043
2 0.00390429
3 0.00390431
4 0.0039046
5 0.00390457
6 0.00390453
7 0.00390452
8 0.00390456
9 0.00390454
10 0.00390438
11 0.00390462
12 0.00390463
13 0.00390468
14 0.00390469
15 0.00390474
16 0.00390474
17 0.00390478
18 0.00390493
19 0.00390404
20 0.00392592
21 0.00390241
22 0.00390254
23 0.00390247
24 0.00390251
25 0.00390252
26 0.00390255
27 0.00390259
28 0.00390262
29 0.00390264
30 0.00390264
31 0.00390247
32 0.00390271
33 0.00390278
34 0.00390269
35 0.00390281
36 0.00390273
37 0.00390284
38 0.00390282
39 0.00390291
40 0.00390287
41 0.00390293
42 0.00390294
43 0.00390299
44 0.00390296
45 0.00390303
46 0.00390301
47 0.00390307
48 0.00390307
49 0.00390313
50 0.00390314
51 0.00390323
52 0.00390312
53 0.00390321
54 0.00390323
55 0.00390326
56 0.00390326
57 0.00390329
58 0.0039033
59 0.00390337
60 0.00390336
61 0.00390341
62 0.00390343
63 0.00390346
64 0.00390349
65 0.00390353
66 0.00390352
67 0.00390359
68 0.00390355
69 0.00390359
70 0.00390363
71 0.00390366
72 0.00390368
73 0.00390371
74 0.00390371
75 0.00390373
76 0.00390377
77 0.0039038
78 0.00390381
79 0.00390387
80 0.00390384
81 0.00390391
82 0.00390402
83 0.00390395
84 0.00390392
85 0.00390399
86 0.00390398
87 0.00390406
88 0.00390405
89 0.00390419
90 0.00390413
91 0.00390417
92 0.00390415
93 0.00390423
94 0.00390421
95 0.00390425
96 0.00390428
97 0.00390436
98 0.00390434
99 0.00390439
100 0.00390442
101 0.00390446
102 0.00390445
103 0.0039045
104 0.00390451
105 0.00390456
106 0.00390457
107 0.00390462
108 0.00390461
109 0.00390467
110 0.00390471
111 0.00390482
112 0.00390476
113 0.00390481
114 0.00390483
115 0.00390487
116 0.00390487
117 0.00390494
118 0.00390495
119 0.003905
120 0.00390504
121 0.00390509
122 0.00390509
123 0.00390513
124 0.00390516
125 0.00390522
126 0.00390522
127 0.0039053
128 0.00390564
129 0.00390534
130 0.00390532
131 0.0039054
132 0.00390543
133 0.00390548
134 0.0039055
135 0.00390556
136 0.00390554
137 0.00390563
138 0.00390557
139 0.00390568
140 0.00390572
141 0.00390575
142 0.00390578
143 0.00390583
144 0.00390589
145 0.00390593
146 0.00390596
147 0.00390606
148 0.00390594
149 0.00390614
150 0.00390609
151 0.00390616
152 0.00390617
153 0.00390625
154 0.00390628
155 0.00390633
156 0.00390636
157 0.00390645
158 0.00390649
159 0.0039066
160 0.00390661
161 0.00390658
162 0.00390658
163 0.00390667
164 0.00390664
165 0.0039067
166 0.00390671
167 0.00390684
168 0.00390687
169 0.00390694
170 0.00390696
171 0.00390701
172 0.00390696
173 0.00390702
174 0.00390707
175 0.00390713
176 0.00390716
177 0.00390762
178 0.00390732
179 0.0039074
180 0.00390742
181 0.0039075
182 0.00390752
183 0.00390759
184 0.00390754
185 0.00390767
186 0.00390769
187 0.00390776
188 0.00390779
189 0.00390785
190 0.00390791
191 0.00390798
192 0.00390807
193 0.00390811
194 0.00390813
195 0.00390819
196 0.00390822
197 0.00390833
198 0.00390836
199 0.00390843
200 0.00390844
201 0.00390852
202 0.00390855
203 0.00390866
204 0.00390873
205 0.00390872
206 0.00390883
207 0.0039089
208 0.00390897
209 0.00390901
210 0.00390908
211 0.00390918
212 0.00390917
213 0.00390924
214 0.00390926
215 0.00390939
216 0.00390944
217 0.0039095
218 0.00390955
219 0.00390958
220 0.00390964
221 0.00390972
222 0.00390979
223 0.0039099
224 0.00390996
225 0.00391002
226 0.00391013
227 0.00391018
228 0.00391024
229 0.00391049
230 0.00391025
231 0.00391042
232 0.00391052
233 0.00391053
234 0.00391062
235 0.00391065
236 0.0039108
237 0.00391078
238 0.00391084
239 0.00391105
240 0.00391119
241 0.00391109
242 0.00391132
243 0.00391126
244 0.00391152
245 0.00391257
246 0.00391148
247 0.00391173
248 0.00391171
249 0.00391181
250 0.00391189
251 0.00391198
252 0.00391204
253 0.00391214
254 0.00391222
255 0.00391234
