0 0.00391206
1 0.00390487
2 0.0039049
3 0.00390489
4 0.00390498
5 0.00390492
6 0.00390496
7 0.00390496
8 0.00390496
9 0.00390496
10 0.00390498
11 0.003905
12 0.00390499
13 0.003905
14 0.00390501
15 0.00390505
16 0.00390503
17 0.00390505
18 0.00390505
19 0.00390505
20 0.00390508
21 0.00390509
22 0.00390509
23 0.00390511
24 0.00390512
25 0.00390513
26 0.00390512
27 0.00390516
28 0.00390516
29 0.00390518
30 0.00390519
31 0.0039052
32 0.00390523
33 0.00390519
34 0.00390519
35 0.00390522
36 0.00390525
37 0.00390524
38 0.00390525
39 0.00390527
40 0.00390529
41 0.00390528
42 0.00390531
43 0.00390532
44 0.00390531
45 0.00390533
46 0.00390533
47 0.00390535
48 0.00390536
49 0.0039054
50 0.00390537
51 0.00390538
52 0.0039054
53 0.00390542
54 0.00390543
55 0.00390543
56 0.00390544
57 0.00390545
58 0.00390548
59 0.00390547
60 0.00390548
61 0.00390549
62 0.00390551
63 0.00390551
64 0.00390552
65 0.00390551
66 0.00390554
67 0.00390555
68 0.00390556
69 0.00390557
70 0.00390558
71 0.00390559
72 0.00390558
73 0.00390562
74 0.00390563
75 0.00390562
76 0.00390566
77 0.00390564
78 0.00390566
79 0.00390566
80 0.00390569
81 0.00390569
82 0.00390571
83 0.00390572
84 0.00390573
85 0.00390576
86 0.00390576
87 0.00390579
88 0.00390571
89 0.00390578
90 0.00390579
91 0.00390581
92 0.00390582
93 0.00390582
94 0.00390584
95 0.00390586
96 0.00390586
97 0.00390585
98 0.00390585
99 0.00390586
100 0.00390587
101 0.00390588
102 0.0039059
103 0.0039059
104 0.00390589
105 0.00390591
106 0.00390592
107 0.00390595
108 0.00390596
109 0.00390594
110 0.00390596
111 0.00390598
112 0.00390598
113 0.00390602
114 0.00390601
115 0.003906
116 0.003906
117 0.00390601
118 0.00390604
119 0.00390604
120 0.00390604
121 0.00390605
122 0.00390607
123 0.00390606
124 0.00390606
125 0.00390607
126 0.00390606
127 0.00390609
128 0.00390612
129 0.0039061
130 0.00390609
131 0.00390611
132 0.00390613
133 0.00390613
134 0.00390613
135 0.00390614
136 0.00390614
137 0.00390613
138 0.00390615
139 0.00390616
140 0.00390617
141 0.00390616
142 0.00390617
143 0.00390616
144 0.00390617
145 0.00390619
146 0.0039062
147 0.00390621
148 0.00390618
149 0.0039062
150 0.0039062
151 0.0039062
152 0.00390621
153 0.00390623
154 0.00390623
155 0.00390621
156 0.00390623
157 0.00390625
158 0.00390623
159 0.00390622
160 0.00390627
161 0.00390625
162 0.00390624
163 0.00390624
164 0.00390626
165 0.00390625
166 0.00390626
167 0.00390625
168 0.00390625
169 0.00390626
170 0.00390626
171 0.00390625
172 0.00390625
173 0.00390626
174 0.00390628
175 0.00390607
176 0.00390814
177 0.00390634
178 0.0039064
179 0.00390639
180 0.00390642
181 0.00390643
182 0.00390644
183 0.0039065
184 0.00390649
185 0.00390652
186 0.00390653
187 0.00390657
188 0.0039066
189 0.00390664
190 0.00390664
191 0.00390666
192 0.00390668
193 0.00390671
194 0.00390673
195 0.00390676
196 0.00390679
197 0.00390682
198 0.00390682
199 0.00390687
200 0.00390688
201 0.0039069
202 0.00390693
203 0.00390696
204 0.00390698
205 0.00390701
206 0.00390704
207 0.00390707
208 0.00390708
209 0.00390713
210 0.00390716
211 0.00390717
212 0.00390721
213 0.00390721
214 0.00390724
215 0.00390728
216 0.00390727
217 0.00390733
218 0.00390738
219 0.00390738
220 0.00390742
221 0.00390747
222 0.00390749
223 0.00390753
224 0.00390754
225 0.00390757
226 0.00390761
227 0.00390764
228 0.00390767
229 0.0039077
230 0.00390774
231 0.00390776
232 0.00390778
233 0.00390782
234 0.00390785
235 0.0039079
236 0.00390792
237 0.00390798
238 0.003908
239 0.00390803
240 0.00390806
241 0.00390811
242 0.00390812
243 0.00390816
244 0.00390819
245 0.00390823
246 0.00390826
247 0.0039083
248 0.00390833
249 0.00390838
250 0.00390841
251 0.00390844
252 0.00390847
253 0.0039085
254 0.00390855
255 0.0039086
