0 0.00391155
1 0.00390502
2 0.00390502
3 0.00390503
4 0.00390508
5 0.00390507
6 0.00390506
7 0.00390507
8 0.0039051
9 0.00390511
10 0.00390509
11 0.0039051
12 0.00390513
13 0.00390513
14 0.00390514
15 0.00390515
16 0.00390518
17 0.00390517
18 0.00390516
19 0.00390517
20 0.00390519
21 0.0039052
22 0.00390522
23 0.00390522
24 0.00390523
25 0.00390525
26 0.00390526
27 0.00390525
28 0.00390526
29 0.00390529
30 0.00390529
31 0.00390529
32 0.00390531
33 0.00390532
34 0.0039053
35 0.00390533
36 0.00390534
37 0.00390536
38 0.00390536
39 0.00390537
40 0.0039054
41 0.0039054
42 0.0039054
43 0.00390542
44 0.0039054
45 0.00390542
46 0.00390546
47 0.00390545
48 0.00390546
49 0.00390547
50 0.00390547
51 0.0039055
52 0.00390548
53 0.00390552
54 0.00390552
55 0.00390552
56 0.00390552
57 0.00390555
58 0.00390555
59 0.00390557
60 0.00390557
61 0.00390556
62 0.0039056
63 0.00390558
64 0.00390564
65 0.00390562
66 0.00390561
67 0.00390565
68 0.00390565
69 0.00390568
70 0.00390567
71 0.00390567
72 0.00390569
73 0.00390571
74 0.00390571
75 0.00390572
76 0.00390573
77 0.00390573
78 0.00390576
79 0.00390576
80 0.00390577
81 0.00390578
82 0.00390578
83 0.00390578
84 0.00390578
85 0.00390581
86 0.00390581
87 0.00390582
88 0.00390583
89 0.00390586
90 0.00390585
91 0.00390586
92 0.00390588
93 0.00390586
94 0.00390588
95 0.0039059
96 0.00390592
97 0.00390592
98 0.00390592
99 0.00390593
100 0.00390591
101 0.00390596
102 0.00390595
103 0.00390597
104 0.00390597
105 0.00390597
106 0.00390598
107 0.003906
108 0.00390599
109 0.00390599
110 0.003906
111 0.00390602
112 0.003906
113 0.00390602
114 0.00390603
115 0.00390605
116 0.00390605
117 0.00390607
118 0.0039061
119 0.00390608
120 0.00390608
121 0.00390608
122 0.0039061
123 0.00390608
124 0.0039061
125 0.00390611
126 0.0039061
127 0.00390613
128 0.00390616
129 0.00390614
130 0.00390613
131 0.00390614
132 0.00390616
133 0.00390615
134 0.00390616
135 0.00390616
136 0.00390618
137 0.00390618
138 0.00390618
139 0.00390618
140 0.00390617
141 0.00390621
142 0.00390619
143 0.0039062
144 0.00390622
145 0.0039062
146 0.00390622
147 0.00390623
148 0.00390623
149 0.00390623
150 0.00390624
151 0.00390624
152 0.00390626
153 0.00390623
154 0.00390625
155 0.00390625
156 0.00390625
157 0.00390626
158 0.00390628
159 0.00390627
160 0.00390626
161 0.00390629
162 0.00390627
163 0.00390627
164 0.00390627
165 0.00390628
166 0.00390629
167 0.00390627
168 0.00390628
169 0.00390631
170 0.0039063
171 0.00390629
172 0.00390629
173 0.00390631
174 0.00390629
175 0.0039063
176 0.0039063
177 0.00390631
178 0.00390632
179 0.00390629
180 0.00390629
181 0.0039063
182 0.00390629
183 0.0039063
184 0.0039063
185 0.0039063
186 0.00390629
187 0.0039063
188 0.00390628
189 0.00390631
190 0.00390613
191 0.0039074
192 0.00390664
193 0.0039067
194 0.00390668
195 0.0039067
196 0.00390672
197 0.00390677
198 0.00390677
199 0.00390683
200 0.0039068
201 0.00390684
202 0.00390687
203 0.00390691
204 0.00390692
205 0.00390695
206 0.00390698
207 0.003907
208 0.00390699
209 0.00390703
210 0.00390707
211 0.0039071
212 0.00390711
213 0.00390714
214 0.00390716
215 0.0039072
216 0.00390722
217 0.00390724
218 0.00390727
219 0.00390731
220 0.00390733
221 0.00390735
222 0.00390737
223 0.00390736
224 0.00390745
225 0.00390746
226 0.00390746
227 0.0039075
228 0.00390754
229 0.00390752
230 0.00390759
231 0.00390762
232 0.00390764
233 0.00390769
234 0.00390772
235 0.00390773
236 0.00390775
237 0.00390779
238 0.00390782
239 0.00390785
240 0.00390788
241 0.00390792
242 0.00390797
243 0.00390798
244 0.00390801
245 0.00390804
246 0.00390807
247 0.00390811
248 0.00390813
249 0.00390819
250 0.00390821
251 0.00390824
252 0.00390824
253 0.0039083
254 0.00390832
255 0.00390837
