0 0.00391139
1 0.00390504
2 0.00390505
3 0.00390506
4 0.00390514
5 0.00390509
6 0.00390512
7 0.00390509
8 0.00390511
9 0.00390512
10 0.00390514
11 0.00390515
12 0.00390516
13 0.00390517
14 0.00390519
15 0.00390516
16 0.0039052
17 0.00390519
18 0.0039052
19 0.00390522
20 0.00390523
21 0.00390523
22 0.00390525
23 0.00390525
24 0.00390525
25 0.00390527
26 0.00390528
27 0.00390529
28 0.0039053
29 0.00390529
30 0.00390531
31 0.00390532
32 0.00390532
33 0.00390533
34 0.00390535
35 0.00390535
36 0.00390537
37 0.00390538
38 0.00390538
39 0.00390539
40 0.00390541
41 0.00390542
42 0.00390542
43 0.00390543
44 0.00390544
45 0.00390545
46 0.00390547
47 0.00390547
48 0.00390549
49 0.00390548
50 0.00390549
51 0.00390551
52 0.00390552
53 0.00390552
54 0.00390553
55 0.00390553
56 0.00390556
57 0.00390557
58 0.00390557
59 0.00390557
60 0.00390559
61 0.00390559
62 0.00390562
63 0.00390562
64 0.00390568
65 0.00390565
66 0.00390567
67 0.00390567
68 0.00390569
69 0.0039057
70 0.00390571
71 0.00390571
72 0.00390572
73 0.00390572
74 0.00390573
75 0.00390575
76 0.00390572
77 0.00390578
78 0.00390576
79 0.00390578
80 0.00390578
81 0.00390581
82 0.0039058
83 0.00390582
84 0.00390583
85 0.00390581
86 0.00390584
87 0.00390584
88 0.00390582
89 0.00390587
90 0.00390586
91 0.00390586
92 0.0039059
93 0.0039059
94 0.00390589
95 0.00390591
96 0.00390592
97 0.00390593
98 0.00390595
99 0.00390594
100 0.00390596
101 0.00390594
102 0.00390597
103 0.00390596
104 0.00390598
105 0.00390599
106 0.003906
107 0.00390601
108 0.003906
109 0.00390601
110 0.00390603
111 0.00390605
112 0.00390605
113 0.00390604
114 0.00390606
115 0.00390606
116 0.00390606
117 0.00390608
118 0.00390608
119 0.00390609
120 0.00390609
121 0.0039061
122 0.00390611
123 0.00390611
124 0.00390612
125 0.00390612
126 0.00390613
127 0.00390613
128 0.00390616
129 0.00390616
130 0.00390616
131 0.00390617
132 0.00390621
133 0.00390617
134 0.00390619
135 0.00390617
136 0.00390619
137 0.0039062
138 0.00390619
139 0.00390619
140 0.00390621
141 0.00390621
142 0.00390619
143 0.00390622
144 0.00390621
145 0.00390622
146 0.00390624
147 0.00390622
148 0.00390624
149 0.00390624
150 0.00390624
151 0.00390625
152 0.00390624
153 0.00390624
154 0.00390625
155 0.00390628
156 0.00390628
157 0.00390628
158 0.00390628
159 0.00390627
160 0.00390629
161 0.00390629
162 0.00390627
163 0.00390629
164 0.0039063
165 0.00390628
166 0.00390629
167 0.00390629
168 0.00390629
169 0.0039063
170 0.00390629
171 0.00390632
172 0.0039063
173 0.0039063
174 0.00390632
175 0.0039063
176 0.00390632
177 0.00390632
178 0.00390632
179 0.0039063
180 0.0039063
181 0.0039063
182 0.00390631
183 0.00390631
184 0.00390633
185 0.00390631
186 0.00390631
187 0.0039063
188 0.00390631
189 0.00390632
190 0.00390629
191 0.00390629
192 0.0039063
193 0.00390633
194 0.00390612
195 0.0039073
196 0.00390673
197 0.00390678
198 0.00390676
199 0.00390679
200 0.00390681
201 0.00390683
202 0.00390685
203 0.00390689
204 0.00390689
205 0.00390693
206 0.00390696
207 0.00390696
208 0.00390699
209 0.00390702
210 0.00390704
211 0.00390706
212 0.00390708
213 0.00390712
214 0.00390714
215 0.00390718
216 0.00390719
217 0.00390721
218 0.00390725
219 0.00390727
220 0.0039073
221 0.00390733
222 0.00390737
223 0.00390736
224 0.0039074
225 0.00390742
226 0.00390745
227 0.00390747
228 0.00390751
229 0.00390754
230 0.00390755
231 0.00390758
232 0.00390761
233 0.00390763
234 0.00390767
235 0.00390771
236 0.00390774
237 0.00390774
238 0.00390779
239 0.00390781
240 0.00390784
241 0.00390786
242 0.0039079
243 0.00390792
244 0.00390796
245 0.00390798
246 0.00390801
247 0.00390806
248 0.0039081
249 0.00390813
250 0.00390817
251 0.00390818
252 0.00390822
253 0.00390825
254 0.00390826
255 0.00390833
