0 0.00391668
1 0.00390433
2 0.00390437
3 0.00390435
4 0.00390453
5 0.00390441
6 0.00390446
7 0.00390447
8 0.00390447
9 0.00390449
10 0.00390451
11 0.00390452
12 0.00390453
13 0.00390458
14 0.0039046
15 0.00390461
16 0.00390461
17 0.00390462
18 0.00390464
19 0.00390467
20 0.00390466
21 0.0039047
22 0.00390471
23 0.00390472
24 0.00390472
25 0.00390474
26 0.00390474
27 0.0039048
28 0.00390481
29 0.00390482
30 0.00390483
31 0.00390484
32 0.00390493
33 0.00390488
34 0.00390491
35 0.00390492
36 0.00390494
37 0.00390495
38 0.00390495
39 0.00390498
40 0.00390498
41 0.00390499
42 0.00390502
43 0.00390504
44 0.00390504
45 0.00390506
46 0.00390509
47 0.00390494
48 0.00390513
49 0.00390514
50 0.00390514
51 0.00390515
52 0.00390517
53 0.0039052
54 0.00390523
55 0.00390521
56 0.00390527
57 0.00390527
58 0.00390527
59 0.00390529
60 0.00390528
61 0.00390531
62 0.00390534
63 0.00390534
64 0.00390548
65 0.00390538
66 0.00390539
67 0.0039054
68 0.00390543
69 0.00390542
70 0.00390545
71 0.00390549
72 0.00390546
73 0.00390548
74 0.00390551
75 0.00390551
76 0.00390552
77 0.00390557
78 0.00390554
79 0.00390559
80 0.0039056
81 0.00390561
82 0.00390561
83 0.00390565
84 0.00390565
85 0.00390566
86 0.00390566
87 0.00390567
88 0.00390569
89 0.00390571
90 0.00390572
91 0.00390575
92 0.0039058
93 0.00390539
94 0.00391272
95 0.00390443
96 0.00390448
97 0.00390448
98 0.00390449
99 0.00390452
100 0.00390452
101 0.00390455
102 0.00390456
103 0.0039046
104 0.00390459
105 0.00390465
106 0.00390465
107 0.0039047
108 0.00390469
109 0.00390473
110 0.00390475
111 0.00390479
112 0.00390481
113 0.0039048
114 0.00390484
115 0.00390487
116 0.00390488
117 0.00390491
118 0.00390493
119 0.00390496
120 0.00390499
121 0.003905
122 0.00390503
123 0.00390507
124 0.00390507
125 0.00390513
126 0.00390513
127 0.00390516
128 0.00390534
129 0.0039052
130 0.00390521
131 0.00390526
132 0.00390527
133 0.0039053
134 0.00390533
135 0.00390535
136 0.00390538
137 0.00390539
138 0.00390541
139 0.00390546
140 0.00390548
141 0.00390553
142 0.00390555
143 0.00390558
144 0.00390563
145 0.00390563
146 0.00390565
147 0.0039057
148 0.00390566
149 0.00390574
150 0.00390575
151 0.00390578
152 0.00390582
153 0.00390585
154 0.00390588
155 0.00390591
156 0.00390593
157 0.00390599
158 0.00390597
159 0.00390605
160 0.00390605
161 0.00390609
162 0.00390613
163 0.00390616
164 0.00390617
165 0.00390624
166 0.00390628
167 0.0039063
168 0.00390636
169 0.00390636
170 0.00390642
171 0.00390645
172 0.00390647
173 0.00390651
174 0.00390654
175 0.00390652
176 0.00390661
177 0.00390664
178 0.0039067
179 0.00390672
180 0.00390676
181 0.00390679
182 0.00390683
183 0.00390686
184 0.0039069
185 0.00390694
186 0.00390696
187 0.00390701
188 0.00390702
189 0.00390708
190 0.00390711
191 0.00390716
192 0.00390723
193 0.00390725
194 0.00390727
195 0.00390731
196 0.00390733
197 0.00390736
198 0.00390743
199 0.00390747
200 0.00390751
201 0.00390755
202 0.00390759
203 0.00390763
204 0.00390767
205 0.00390772
206 0.00390775
207 0.0039078
208 0.00390784
209 0.00390787
210 0.00390792
211 0.00390798
212 0.00390799
213 0.00390805
214 0.0039081
215 0.00390814
216 0.00390821
217 0.00390821
218 0.00390824
219 0.00390833
220 0.00390837
221 0.00390841
222 0.00390842
223 0.00390854
224 0.00390856
225 0.0039086
226 0.00390867
227 0.00390869
228 0.00390876
229 0.00390881
230 0.00390888
231 0.00390888
232 0.00390896
233 0.00390898
234 0.00390907
235 0.0039091
236 0.00390915
237 0.0039092
238 0.00390927
239 0.00390931
240 0.00390934
241 0.00390942
242 0.00390946
243 0.00390952
244 0.00390957
245 0.00390965
246 0.00390967
247 0.00390974
248 0.00390979
249 0.00390985
250 0.0039099
251 0.00390996
252 0.00391002
253 0.0039101
254 0.0039101
255 0.00391022
