0 0.00392035
1 0.00390427
2 0.00390428
3 0.00390427
4 0.00390448
5 0.00390443
6 0.00390439
7 0.00390439
8 0.00390446
9 0.00390444
10 0.00390448
11 0.00390451
12 0.00390453
13 0.00390453
14 0.00390455
15 0.00390458
16 0.00390482
17 0.00390462
18 0.00390461
19 0.00390463
20 0.00390466
21 0.00390465
22 0.00390472
23 0.00390448
24 0.00390476
25 0.0039048
26 0.0039048
27 0.00390466
28 0.00390484
29 0.00390486
30 0.00390487
31 0.00390486
32 0.00390481
33 0.00390494
34 0.00390493
35 0.00390498
36 0.00390499
37 0.00390504
38 0.00390501
39 0.00390514
40 0.00390506
41 0.00390509
42 0.00390511
43 0.00390511
44 0.00390514
45 0.00390516
46 0.00390516
47 0.00390523
48 0.00390533
49 0.00390525
50 0.00390525
51 0.00390531
52 0.00390538
53 0.0039048
54 0.00391831
55 0.00390337
56 0.00390345
57 0.00390341
58 0.00390345
59 0.00390345
60 0.00390348
61 0.00390351
62 0.00390352
63 0.0039035
64 0.00390366
65 0.0039036
66 0.0039036
67 0.00390362
68 0.00390366
69 0.0039037
70 0.0039037
71 0.00390371
72 0.00390373
73 0.00390377
74 0.00390376
75 0.00390381
76 0.00390383
77 0.00390384
78 0.0039039
79 0.0039039
80 0.00390394
81 0.00390394
82 0.00390398
83 0.00390401
84 0.00390408
85 0.00390406
86 0.00390405
87 0.0039041
88 0.00390412
89 0.00390417
90 0.00390417
91 0.0039042
92 0.00390422
93 0.00390429
94 0.0039043
95 0.00390431
96 0.00390441
97 0.00390436
98 0.00390438
99 0.0039044
100 0.00390444
101 0.00390446
102 0.00390448
103 0.00390453
104 0.00390457
105 0.00390458
106 0.0039046
107 0.0039046
108 0.00390465
109 0.00390468
110 0.00390469
111 0.00390473
112 0.00390477
113 0.00390478
114 0.00390482
115 0.00390483
116 0.00390485
117 0.00390491
118 0.00390493
119 0.00390493
120 0.00390498
121 0.00390501
122 0.00390502
123 0.00390508
124 0.0039051
125 0.00390513
126 0.00390516
127 0.00390522
128 0.00390549
129 0.00390523
130 0.00390525
131 0.00390527
132 0.0039053
133 0.00390532
134 0.00390535
135 0.00390536
136 0.0039054
137 0.00390546
138 0.00390551
139 0.00390553
140 0.00390557
141 0.00390559
142 0.00390565
143 0.00390569
144 0.00390574
145 0.00390585
146 0.00390577
147 0.00390579
148 0.00390585
149 0.00390589
150 0.00390589
151 0.00390593
152 0.00390594
153 0.00390598
154 0.00390602
155 0.00390602
156 0.00390609
157 0.00390611
158 0.00390616
159 0.00390619
160 0.00390629
161 0.00390625
162 0.00390631
163 0.00390632
164 0.00390639
165 0.00390642
166 0.00390644
167 0.00390647
168 0.00390653
169 0.00390656
170 0.00390657
171 0.0039066
172 0.00390665
173 0.00390668
174 0.00390674
175 0.00390679
176 0.00390685
177 0.00390709
178 0.00390695
179 0.00390697
180 0.00390703
181 0.00390709
182 0.00390708
183 0.00390718
184 0.0039072
185 0.00390724
186 0.0039073
187 0.00390734
188 0.00390739
189 0.00390746
190 0.00390747
191 0.00390751
192 0.00390765
193 0.00390762
194 0.00390765
195 0.00390768
196 0.00390777
197 0.00390782
198 0.00390785
199 0.0039079
200 0.00390796
201 0.003908
202 0.00390806
203 0.0039081
204 0.00390817
205 0.00390822
206 0.0039083
207 0.00390836
208 0.00390843
209 0.00390846
210 0.00390849
211 0.00390857
212 0.00390862
213 0.00390867
214 0.00390874
215 0.00390878
216 0.00390884
217 0.00390889
218 0.00390895
219 0.00390901
220 0.00390908
221 0.00390913
222 0.00390918
223 0.00390922
224 0.00390934
225 0.00390934
226 0.00390941
227 0.00390948
228 0.00390953
229 0.00390959
230 0.00390966
231 0.00390973
232 0.00390978
233 0.00390984
234 0.00390987
235 0.00390995
236 0.00391005
237 0.00391009
238 0.00391012
239 0.0039102
240 0.00391031
241 0.00391034
242 0.00391043
243 0.00391048
244 0.00391058
245 0.00391062
246 0.00391065
247 0.00391055
248 0.00391082
249 0.0039109
250 0.00391097
251 0.00391101
252 0.00391108
253 0.00391111
254 0.00391122
255 0.00391131
