0 0.00391544
1 0.0039044
2 0.00390444
3 0.00390443
4 0.00390457
5 0.00390449
6 0.00390452
7 0.00390453
8 0.00390452
9 0.00390456
10 0.00390458
11 0.00390458
12 0.00390458
13 0.00390462
14 0.00390466
15 0.00390466
16 0.00390469
17 0.00390466
18 0.00390468
19 0.0039047
20 0.00390473
21 0.00390473
22 0.00390474
23 0.00390475
24 0.0039048
25 0.0039048
26 0.00390479
27 0.00390482
28 0.00390483
29 0.00390485
30 0.00390486
31 0.00390486
32 0.00390493
33 0.00390491
34 0.00390492
35 0.00390496
36 0.00390497
37 0.00390498
38 0.00390499
39 0.00390501
40 0.00390502
41 0.00390502
42 0.00390503
43 0.00390506
44 0.00390505
45 0.00390508
46 0.0039051
47 0.00390512
48 0.00390513
49 0.00390514
50 0.00390517
51 0.00390516
52 0.00390519
53 0.00390519
54 0.00390523
55 0.00390527
56 0.0039053
57 0.00390526
58 0.00390529
59 0.00390527
60 0.00390531
61 0.00390531
62 0.00390533
63 0.00390534
64 0.00390541
65 0.00390538
66 0.00390541
67 0.00390539
68 0.00390541
69 0.00390541
70 0.00390543
71 0.00390546
72 0.00390545
73 0.00390548
74 0.00390548
75 0.00390551
76 0.00390553
77 0.00390554
78 0.00390552
79 0.00390557
80 0.00390559
81 0.00390559
82 0.00390558
83 0.00390561
84 0.00390561
85 0.00390564
86 0.00390566
87 0.00390563
88 0.00390566
89 0.00390568
90 0.00390569
91 0.00390571
92 0.00390573
93 0.00390575
94 0.00390573
95 0.00390577
96 0.00390582
97 0.00390579
98 0.0039058
99 0.0039058
100 0.00390582
101 0.00390585
102 0.00390584
103 0.00390585
104 0.00390587
105 0.00390585
106 0.0039059
107 0.0039059
108 0.00390591
109 0.00390595
110 0.00390561
111 0.00391117
112 0.00390501
113 0.0039049
114 0.0039049
115 0.00390493
116 0.00390494
117 0.00390496
118 0.00390496
119 0.00390501
120 0.00390504
121 0.00390504
122 0.00390506
123 0.00390507
124 0.0039051
125 0.00390514
126 0.00390516
127 0.00390516
128 0.00390535
129 0.00390522
130 0.00390523
131 0.00390527
132 0.0039053
133 0.00390531
134 0.00390533
135 0.00390537
136 0.00390539
137 0.00390541
138 0.00390542
139 0.00390545
140 0.00390549
141 0.00390551
142 0.00390553
143 0.00390555
144 0.00390559
145 0.00390561
146 0.00390561
147 0.00390566
148 0.00390572
149 0.00390574
150 0.00390576
151 0.00390582
152 0.00390582
153 0.00390584
154 0.00390588
155 0.00390589
156 0.00390594
157 0.00390594
158 0.00390599
159 0.00390599
160 0.00390604
161 0.00390605
162 0.00390608
163 0.00390612
164 0.00390616
165 0.00390617
166 0.0039062
167 0.00390624
168 0.00390628
169 0.0039063
170 0.00390633
171 0.00390636
172 0.00390639
173 0.00390643
174 0.00390646
175 0.00390649
176 0.00390651
177 0.00390653
178 0.00390657
179 0.0039066
180 0.00390664
181 0.00390668
182 0.00390672
183 0.00390673
184 0.00390678
185 0.00390678
186 0.00390683
187 0.00390687
188 0.00390693
189 0.00390692
190 0.003907
191 0.00390699
192 0.00390704
193 0.00390708
194 0.0039071
195 0.00390712
196 0.00390717
197 0.00390722
198 0.00390726
199 0.00390728
200 0.00390733
201 0.00390736
202 0.00390739
203 0.00390743
204 0.00390747
205 0.0039075
206 0.00390755
207 0.0039076
208 0.00390764
209 0.00390769
210 0.00390773
211 0.00390776
212 0.00390779
213 0.00390783
214 0.00390787
215 0.00390791
216 0.00390795
217 0.00390797
218 0.00390801
219 0.00390805
220 0.00390811
221 0.00390815
222 0.0039082
223 0.00390823
224 0.00390828
225 0.00390833
226 0.00390837
227 0.00390841
228 0.00390846
229 0.00390851
230 0.00390855
231 0.0039086
232 0.00390863
233 0.00390869
234 0.00390874
235 0.00390879
236 0.00390882
237 0.00390888
238 0.00390892
239 0.00390893
240 0.00390904
241 0.00390907
242 0.00390912
243 0.00390915
244 0.0039092
245 0.00390926
246 0.0039093
247 0.00390935
248 0.00390941
249 0.00390946
250 0.00390951
251 0.00390957
252 0.0039096
253 0.00390966
254 0.00390971
255 0.00390978
