0 0.00391386
1 0.00390459
2 0.0039046
3 0.00390458
4 0.00390471
5 0.00390464
6 0.00390466
7 0.00390469
8 0.00390469
9 0.00390466
10 0.0039047
11 0.00390472
12 0.0039047
13 0.00390473
14 0.00390475
15 0.00390477
16 0.00390478
17 0.00390478
18 0.00390481
19 0.00390482
20 0.00390483
21 0.00390482
22 0.00390484
23 0.00390486
24 0.00390489
25 0.00390488
26 0.00390491
27 0.00390491
28 0.00390492
29 0.00390496
30 0.00390497
31 0.00390497
32 0.003905
33 0.00390498
34 0.00390501
35 0.00390503
36 0.00390503
37 0.00390505
38 0.00390506
39 0.00390507
40 0.00390508
41 0.00390511
42 0.00390512
43 0.00390514
44 0.00390514
45 0.00390517
46 0.00390516
47 0.00390517
48 0.0039052
49 0.00390521
50 0.00390521
51 0.00390522
52 0.00390524
53 0.00390525
54 0.00390527
55 0.0039053
56 0.00390528
57 0.00390531
58 0.00390531
59 0.00390532
60 0.00390531
61 0.00390534
62 0.00390537
63 0.00390537
64 0.00390542
65 0.00390539
66 0.0039054
67 0.00390541
68 0.00390544
69 0.0039055
70 0.00390547
71 0.00390546
72 0.00390546
73 0.00390551
74 0.00390554
75 0.00390551
76 0.00390553
77 0.00390554
78 0.00390556
79 0.00390556
80 0.0039056
81 0.00390558
82 0.0039056
83 0.00390558
84 0.00390561
85 0.00390564
86 0.00390564
87 0.00390567
88 0.00390566
89 0.00390569
90 0.00390568
91 0.00390571
92 0.00390573
93 0.0039057
94 0.00390575
95 0.00390574
96 0.00390578
97 0.00390576
98 0.00390576
99 0.00390577
100 0.0039058
101 0.00390581
102 0.00390582
103 0.00390582
104 0.00390584
105 0.00390583
106 0.00390586
107 0.0039059
108 0.00390587
109 0.0039059
110 0.0039059
111 0.00390589
112 0.00390591
113 0.00390593
114 0.00390593
115 0.00390595
116 0.00390596
117 0.00390597
118 0.00390596
119 0.00390597
120 0.003906
121 0.003906
122 0.00390604
123 0.00390604
124 0.00390604
125 0.00390604
126 0.00390607
127 0.00390605
128 0.00390617
129 0.00390609
130 0.00390608
131 0.00390612
132 0.00390609
133 0.00390611
134 0.0039061
135 0.00390615
136 0.00390585
137 0.00390943
138 0.00390548
139 0.00390553
140 0.00390553
141 0.00390557
142 0.00390557
143 0.00390561
144 0.00390561
145 0.00390563
146 0.00390567
147 0.0039057
148 0.00390574
149 0.00390573
150 0.00390575
151 0.00390578
152 0.0039058
153 0.00390583
154 0.00390585
155 0.00390588
156 0.0039059
157 0.00390592
158 0.00390595
159 0.00390597
160 0.003906
161 0.00390602
162 0.00390607
163 0.00390606
164 0.0039061
165 0.00390613
166 0.00390615
167 0.00390615
168 0.00390617
169 0.00390622
170 0.00390625
171 0.00390626
172 0.0039063
173 0.00390631
174 0.00390637
175 0.00390637
176 0.00390642
177 0.00390644
178 0.00390646
179 0.00390648
180 0.00390649
181 0.00390654
182 0.00390656
183 0.00390658
184 0.00390663
185 0.00390666
186 0.00390669
187 0.0039067
188 0.00390674
189 0.00390678
190 0.00390679
191 0.00390682
192 0.00390686
193 0.00390689
194 0.00390692
195 0.00390694
196 0.00390694
197 0.00390703
198 0.00390704
199 0.00390707
200 0.00390713
201 0.00390714
202 0.00390717
203 0.00390721
204 0.00390723
205 0.00390727
206 0.00390728
207 0.00390733
208 0.00390738
209 0.0039074
210 0.00390743
211 0.00390749
212 0.00390751
213 0.00390754
214 0.00390759
215 0.00390763
216 0.00390763
217 0.00390768
218 0.00390771
219 0.00390775
220 0.0039078
221 0.00390784
222 0.00390787
223 0.00390789
224 0.00390794
225 0.00390796
226 0.00390802
227 0.00390806
228 0.00390811
229 0.00390811
230 0.00390818
231 0.00390822
232 0.00390825
233 0.00390829
234 0.00390832
235 0.00390836
236 0.00390841
237 0.00390844
238 0.00390849
239 0.00390853
240 0.00390857
241 0.00390862
242 0.00390866
243 0.00390869
244 0.00390873
245 0.00390878
246 0.00390884
247 0.00390888
248 0.00390893
249 0.00390896
250 0.00390901
251 0.00390907
252 0.00390911
253 0.00390915
254 0.00390919
255 0.00390928
