0 0.00392257
1 0.00390428
2 0.00390428
3 0.00390429
4 0.0039045
5 0.00390437
6 0.00390444
7 0.00390442
8 0.00390449
9 0.00390449
10 0.00390452
11 0.00390453
12 0.00390454
13 0.00390456
14 0.0039046
15 0.00390466
16 0.00390531
17 0.00390463
18 0.00390494
19 0.00390463
20 0.0039048
21 0.00390475
22 0.0039048
23 0.0039048
24 0.00390482
25 0.00390484
26 0.00390488
27 0.00390488
28 0.00390491
29 0.00390496
30 0.00390498
31 0.00390504
32 0.00390501
33 0.00390515
34 0.00390455
35 0.00392206
36 0.00390293
37 0.00390286
38 0.00390295
39 0.00390283
40 0.00390302
41 0.00390289
42 0.00390308
43 0.00390294
44 0.00390312
45 0.00390299
46 0.00390318
47 0.00390307
48 0.00390328
49 0.00390309
50 0.00390331
51 0.00390315
52 0.00390332
53 0.00390321
54 0.00390335
55 0.00390323
56 0.0039034
57 0.00390325
58 0.00390346
59 0.00390333
60 0.00390349
61 0.00390338
62 0.00390356
63 0.00390341
64 0.00390371
65 0.00390351
66 0.00390374
67 0.00390354
68 0.00390374
69 0.00390359
70 0.00390377
71 0.00390362
72 0.00390381
73 0.00390367
74 0.00390389
75 0.00390373
76 0.0039039
77 0.00390379
78 0.003904
79 0.00390384
80 0.00390407
81 0.00390404
82 0.00390406
83 0.00390391
84 0.00390408
85 0.00390394
86 0.00390415
87 0.00390399
88 0.00390417
89 0.00390404
90 0.00390419
91 0.00390409
92 0.00390423
93 0.00390417
94 0.0039043
95 0.00390427
96 0.00390441
97 0.00390422
98 0.00390437
99 0.00390426
100 0.00390439
101 0.00390429
102 0.00390448
103 0.0039044
104 0.00390453
105 0.00390443
106 0.00390458
107 0.0039045
108 0.00390462
109 0.00390453
110 0.00390474
111 0.00390467
112 0.00390491
113 0.00390468
114 0.00390482
115 0.00390473
116 0.00390489
117 0.00390481
118 0.00390493
119 0.00390485
120 0.00390502
121 0.00390493
122 0.00390508
123 0.00390501
124 0.00390514
125 0.00390502
126 0.00390519
127 0.00390512
128 0.00390555
129 0.00390545
130 0.00390536
131 0.00390524
132 0.00390542
133 0.0039053
134 0.0039055
135 0.00390544
136 0.00390554
137 0.00390544
138 0.00390565
139 0.00390552
140 0.00390569
141 0.00390558
142 0.00390577
143 0.00390564
144 0.00390587
145 0.00390573
146 0.00390599
147 0.00390581
148 0.00390599
149 0.00390587
150 0.00390609
151 0.00390598
152 0.0039062
153 0.00390605
154 0.00390623
155 0.00390612
156 0.00390631
157 0.0039062
158 0.00390638
159 0.00390629
160 0.00390653
161 0.00390641
162 0.00390664
163 0.00390641
164 0.00390671
165 0.00390656
166 0.00390674
167 0.00390665
168 0.00390685
169 0.00390675
170 0.00390697
171 0.00390684
172 0.00390706
173 0.00390687
174 0.0039071
175 0.00390698
176 0.00390717
177 0.00390702
178 0.00390722
179 0.00390709
180 0.00390729
181 0.00390719
182 0.00390737
183 0.00390725
184 0.00390746
185 0.00390736
186 0.00390756
187 0.00390743
188 0.00390761
189 0.00390752
190 0.00390775
191 0.00390769
192 0.00390789
193 0.00390831
194 0.00390793
195 0.00390786
196 0.00390808
197 0.003908
198 0.00390817
199 0.00390806
200 0.00390827
201 0.00390815
202 0.00390837
203 0.00390826
204 0.00390848
205 0.00390837
206 0.00390859
207 0.00390849
208 0.00390877
209 0.00390861
210 0.00390881
211 0.0039087
212 0.00390896
213 0.00390884
214 0.00390907
215 0.00390894
216 0.00390918
217 0.00390907
218 0.00390932
219 0.0039092
220 0.00390938
221 0.00390937
222 0.00390958
223 0.00390945
224 0.00390976
225 0.00390964
226 0.00390985
227 0.00390975
228 0.00390983
229 0.00390988
230 0.0039101
231 0.00391002
232 0.0039102
233 0.00391013
234 0.00391031
235 0.00391026
236 0.00391049
237 0.00391044
238 0.00391063
239 0.00391071
240 0.00391103
241 0.00391081
242 0.00391099
243 0.00391089
244 0.00391108
245 0.00391099
246 0.00391128
247 0.00391118
248 0.00391139
249 0.00391125
250 0.00391154
251 0.00391144
252 0.00391166
253 0.00391156
254 0.0039119
255 0.00391175
