0 0.00392608
1 0.00390438
2 0.00390437
3 0.0039044
4 0.00390535
5 0.00390456
6 0.00390466
7 0.00390388
8 0.00392967
9 0.00390208
10 0.00390216
11 0.00390214
12 0.00390215
13 0.0039022
14 0.00390222
15 0.00390228
16 0.00390235
17 0.0039023
18 0.00390232
19 0.00390235
20 0.00390237
21 0.00390238
22 0.00390243
23 0.00390244
24 0.00390247
25 0.00390249
26 0.0039025
27 0.00390256
28 0.00390257
29 0.00390257
30 0.0039026
31 0.00390237
32 0.00390215
33 0.00390273
34 0.00390266
35 0.00390276
36 0.00390272
37 0.00390281
38 0.00390277
39 0.00390296
40 0.0039029
41 0.00390289
42 0.00390287
43 0.00390294
44 0.00390293
45 0.00390299
46 0.00390294
47 0.00390307
48 0.00390305
49 0.0039031
50 0.00390308
51 0.00390315
52 0.00390315
53 0.00390319
54 0.00390316
55 0.00390326
56 0.0039032
57 0.00390327
58 0.00390326
59 0.00390333
60 0.00390336
61 0.00390339
62 0.00390336
63 0.00390334
64 0.00390333
65 0.00390351
66 0.0039035
67 0.00390355
68 0.00390296
69 0.00390358
70 0.00390359
71 0.0039037
72 0.00390374
73 0.00390368
74 0.00390371
75 0.00390372
76 0.00390373
77 0.00390378
78 0.00390378
79 0.00390385
80 0.00390385
81 0.00390389
82 0.00390391
83 0.00390395
84 0.00390395
85 0.00390401
86 0.00390402
87 0.00390406
88 0.00390405
89 0.00390412
90 0.00390412
91 0.00390417
92 0.00390418
93 0.00390425
94 0.00390422
95 0.00390429
96 0.00390427
97 0.00390435
98 0.00390435
99 0.0039044
100 0.00390441
101 0.00390445
102 0.00390447
103 0.00390457
104 0.00390459
105 0.00390461
106 0.00390461
107 0.00390464
108 0.00390465
109 0.0039047
110 0.00390474
111 0.00390479
112 0.00390479
113 0.00390487
114 0.00390485
115 0.00390489
116 0.00390492
117 0.003905
118 0.00390498
119 0.00390506
120 0.00390507
121 0.00390509
122 0.00390514
123 0.00390518
124 0.0039052
125 0.00390524
126 0.00390529
127 0.00390534
128 0.00390571
129 0.00390537
130 0.00390539
131 0.00390544
132 0.00390518
133 0.00390553
134 0.00390557
135 0.00390568
136 0.00390556
137 0.00390572
138 0.00390572
139 0.00390576
140 0.00390577
141 0.00390584
142 0.00390585
143 0.00390592
144 0.00390594
145 0.00390603
146 0.00390603
147 0.0039061
148 0.00390609
149 0.00390617
150 0.00390622
151 0.00390627
152 0.00390628
153 0.00390632
154 0.00390637
155 0.00390642
156 0.00390645
157 0.00390651
158 0.00390652
159 0.00390653
160 0.00390663
161 0.00390671
162 0.00390671
163 0.0039068
164 0.00390682
165 0.00390688
166 0.00390692
167 0.00390702
168 0.00390702
169 0.00390708
170 0.00390707
171 0.00390716
172 0.00390718
173 0.00390727
174 0.00390729
175 0.00390735
176 0.0039073
177 0.00390744
178 0.00390746
179 0.00390754
180 0.00390755
181 0.00390764
182 0.00390767
183 0.00390774
184 0.00390775
185 0.00390788
186 0.00390789
187 0.00390796
188 0.00390798
189 0.00390803
190 0.00390809
191 0.0039082
192 0.00390826
193 0.00390831
194 0.0039083
195 0.00390843
196 0.00390839
197 0.00390854
198 0.00390857
199 0.0039087
200 0.0039087
201 0.00390882
202 0.00390876
203 0.00390887
204 0.00390895
205 0.00390898
206 0.00390903
207 0.00390912
208 0.00390917
209 0.00390922
210 0.00390928
211 0.00390934
212 0.00390942
213 0.00390946
214 0.00390956
215 0.00390961
216 0.00390969
217 0.00391002
218 0.00390976
219 0.00390986
220 0.00390996
221 0.00391005
222 0.00391009
223 0.00391013
224 0.00391032
225 0.00391026
226 0.00391028
227 0.0039104
228 0.00391052
229 0.00391048
230 0.00391066
231 0.00391061
232 0.00391081
233 0.0039119
234 0.0039109
235 0.00391092
236 0.0039111
237 0.00391119
238 0.00391125
239 0.00391136
240 0.00391142
241 0.00391149
242 0.00391156
243 0.00391166
244 0.00391171
245 0.00391184
246 0.0039119
247 0.00391195
248 0.00391206
249 0.00391207
250 0.00391227
251 0.00391239
252 0.00391246
253 0.00391255
254 0.00391267
255 0.00391278
