0 0.00391404
1 0.00390456
2 0.00390459
3 0.00390457
4 0.00390469
5 0.00390462
6 0.00390464
7 0.00390459
8 0.00390469
9 0.00390468
10 0.00390469
11 0.00390469
12 0.0039047
13 0.00390473
14 0.00390475
15 0.00390474
16 0.00390476
17 0.00390479
18 0.0039048
19 0.00390481
20 0.00390481
21 0.00390482
22 0.00390484
23 0.00390486
24 0.00390486
25 0.00390488
26 0.00390491
27 0.00390492
28 0.00390491
29 0.00390495
30 0.00390495
31 0.00390496
32 0.00390499
33 0.00390498
34 0.00390498
35 0.00390503
36 0.00390502
37 0.00390504
38 0.00390506
39 0.00390506
40 0.00390507
41 0.00390509
42 0.00390511
43 0.00390513
44 0.00390512
45 0.00390514
46 0.00390518
47 0.00390517
48 0.00390518
49 0.00390519
50 0.00390519
51 0.00390521
52 0.00390524
53 0.00390527
54 0.00390526
55 0.00390526
56 0.00390529
57 0.00390529
58 0.0039053
59 0.00390531
60 0.00390533
61 0.00390534
62 0.00390535
63 0.00390537
64 0.00390541
65 0.00390538
66 0.0039054
67 0.00390533
68 0.00390542
69 0.00390544
70 0.00390543
71 0.00390546
72 0.00390547
73 0.00390547
74 0.00390548
75 0.00390549
76 0.00390552
77 0.00390554
78 0.00390554
79 0.00390555
80 0.00390558
81 0.00390556
82 0.00390557
83 0.00390562
84 0.00390561
85 0.0039056
86 0.00390562
87 0.00390563
88 0.00390565
89 0.00390566
90 0.00390568
91 0.00390568
92 0.0039057
93 0.00390572
94 0.00390571
95 0.00390573
96 0.00390576
97 0.00390576
98 0.00390576
99 0.00390578
100 0.00390578
101 0.00390578
102 0.00390579
103 0.00390581
104 0.00390582
105 0.00390586
106 0.00390585
107 0.00390585
108 0.00390587
109 0.00390587
110 0.00390589
111 0.00390589
112 0.00390593
113 0.00390591
114 0.00390591
115 0.00390593
116 0.00390592
117 0.00390595
118 0.00390595
119 0.00390597
120 0.00390599
121 0.00390598
122 0.00390598
123 0.003906
124 0.00390601
125 0.00390604
126 0.00390603
127 0.00390607
128 0.00390608
129 0.00390607
130 0.00390607
131 0.00390612
132 0.00390611
133 0.0039058
134 0.00390958
135 0.00390542
136 0.00390548
137 0.00390545
138 0.00390548
139 0.00390551
140 0.00390552
141 0.00390554
142 0.00390556
143 0.00390561
144 0.00390562
145 0.00390565
146 0.00390567
147 0.00390568
148 0.0039057
149 0.00390575
150 0.00390576
151 0.00390578
152 0.0039058
153 0.00390582
154 0.00390585
155 0.00390588
156 0.00390588
157 0.00390593
158 0.00390598
159 0.00390597
160 0.00390599
161 0.00390602
162 0.00390605
163 0.00390608
164 0.0039061
165 0.00390611
166 0.00390614
167 0.00390617
168 0.0039062
169 0.00390622
170 0.00390624
171 0.00390627
172 0.0039063
173 0.00390633
174 0.00390636
175 0.0039064
176 0.00390643
177 0.00390645
178 0.00390647
179 0.00390649
180 0.00390655
181 0.00390656
182 0.00390658
183 0.00390661
184 0.00390665
185 0.00390668
186 0.0039067
187 0.00390674
188 0.00390677
189 0.0039068
190 0.00390683
191 0.00390686
192 0.00390689
193 0.00390692
194 0.00390695
195 0.00390695
196 0.003907
197 0.00390703
198 0.00390708
199 0.00390711
200 0.00390713
201 0.00390717
202 0.00390721
203 0.00390724
204 0.00390726
205 0.00390732
206 0.00390734
207 0.00390737
208 0.00390741
209 0.00390744
210 0.00390748
211 0.00390752
212 0.00390755
213 0.00390759
214 0.00390761
215 0.00390763
216 0.0039077
217 0.00390773
218 0.00390777
219 0.00390782
220 0.00390783
221 0.00390786
222 0.00390792
223 0.00390794
224 0.00390798
225 0.00390803
226 0.00390806
227 0.0039081
228 0.00390815
229 0.00390819
230 0.00390823
231 0.00390826
232 0.00390832
233 0.00390835
234 0.0039084
235 0.00390842
236 0.00390848
237 0.00390852
238 0.00390857
239 0.00390861
240 0.00390863
241 0.00390869
242 0.00390872
243 0.00390877
244 0.00390882
245 0.00390887
246 0.0039089
247 0.00390894
248 0.00390898
249 0.00390902
250 0.00390909
251 0.00390913
252 0.00390918
253 0.00390921
254 0.00390925
255 0.00390936
