0 0.00392289
1 0.00390419
2 0.00390401
3 0.00390429
4 0.00390455
5 0.0039044
6 0.00390448
7 0.00390442
8 0.00390416
9 0.00390446
10 0.00390445
11 0.00390453
12 0.00390453
13 0.00390458
14 0.00390461
15 0.00390441
16 0.00390559
17 0.00390507
18 0.00390472
19 0.00390478
20 0.00390467
21 0.00390465
22 0.00390486
23 0.00390483
24 0.00390482
25 0.00390483
26 0.00390491
27 0.00390492
28 0.00390491
29 0.00390503
30 0.00390517
31 0.00390381
32 0.00392169
33 0.00390234
34 0.00390259
35 0.00390234
36 0.00390255
37 0.00390234
38 0.00390258
39 0.00390237
40 0.00390258
41 0.00390241
42 0.00390272
43 0.00390247
44 0.00390273
45 0.00390249
46 0.00390275
47 0.00390253
48 0.00390269
49 0.00390241
50 0.00390277
51 0.00390246
52 0.00390277
53 0.00390251
54 0.0039028
55 0.00390254
56 0.00390282
57 0.00390256
58 0.00390292
59 0.00390266
60 0.00390302
61 0.00390273
62 0.00390306
63 0.00390276
64 0.00390338
65 0.0039028
66 0.00390328
67 0.0039029
68 0.00390333
69 0.00390293
70 0.0039034
71 0.003903
72 0.00390346
73 0.00390305
74 0.00390356
75 0.00390311
76 0.00390356
77 0.00390316
78 0.00390361
79 0.00390323
80 0.00390368
81 0.00390325
82 0.0039037
83 0.00390331
84 0.00390375
85 0.00390334
86 0.00390381
87 0.00390339
88 0.00390384
89 0.00390345
90 0.00390391
91 0.00390348
92 0.00390394
93 0.00390356
94 0.00390403
95 0.00390364
96 0.00390411
97 0.00390367
98 0.00390411
99 0.00390368
100 0.00390415
101 0.00390375
102 0.00390418
103 0.0039038
104 0.00390426
105 0.00390384
106 0.00390431
107 0.00390392
108 0.00390437
109 0.00390394
110 0.00390445
111 0.00390403
112 0.00390447
113 0.00390407
114 0.00390453
115 0.00390414
116 0.0039046
117 0.00390421
118 0.00390466
119 0.00390425
120 0.00390472
121 0.00390431
122 0.00390476
123 0.00390437
124 0.00390483
125 0.00390446
126 0.00390493
127 0.00390455
128 0.00390531
129 0.00390458
130 0.00390505
131 0.00390466
132 0.00390508
133 0.00390472
134 0.00390519
135 0.00390477
136 0.00390522
137 0.00390486
138 0.00390529
139 0.0039049
140 0.00390536
141 0.00390501
142 0.00390546
143 0.00390508
144 0.00390549
145 0.00390512
146 0.00390559
147 0.00390529
148 0.00390566
149 0.00390529
150 0.00390575
151 0.00390536
152 0.00390584
153 0.00390546
154 0.0039059
155 0.0039055
156 0.00390599
157 0.00390561
158 0.00390608
159 0.00390571
160 0.00390612
161 0.0039058
162 0.00390626
163 0.00390584
164 0.00390631
165 0.00390593
166 0.00390639
167 0.00390602
168 0.00390646
169 0.00390609
170 0.00390657
171 0.00390621
172 0.00390663
173 0.00390625
174 0.00390672
175 0.00390636
176 0.00390681
177 0.00390645
178 0.00390689
179 0.00390655
180 0.003907
181 0.00390662
182 0.00390707
183 0.00390675
184 0.00390716
185 0.00390683
186 0.00390727
187 0.00390692
188 0.00390733
189 0.00390698
190 0.00390747
191 0.00390714
192 0.00390739
193 0.00390709
194 0.00390754
195 0.00390729
196 0.00390763
197 0.00390738
198 0.00390775
199 0.00390746
200 0.00390785
201 0.00390758
202 0.00390797
203 0.00390768
204 0.00390806
205 0.0039078
206 0.00390819
207 0.00390788
208 0.00390838
209 0.00390816
210 0.00390856
211 0.00390827
212 0.00390866
213 0.00390836
214 0.00390882
215 0.00390849
216 0.00390893
217 0.0039086
218 0.00390909
219 0.00390874
220 0.00390922
221 0.00390888
222 0.00390933
223 0.0039091
224 0.00399985
225 0.00390928
226 0.00391014
227 0.00390973
228 0.00391034
229 0.00390985
230 0.00391045
231 0.00391
232 0.00391049
233 0.00391015
234 0.00391077
235 0.00391032
236 0.00391088
237 0.00391042
238 0.00391111
239 0.00391064
240 0.00391103
241 0.00391139
242 0.0039115
243 0.00391105
244 0.00391167
245 0.00391113
246 0.0039118
247 0.00391128
248 0.00391182
249 0.00391142
250 0.00391206
251 0.00391163
252 0.00391233
253 0.00391174
254 0.00391254
255 0.00391186
