0 0.00391862
1 0.00390427
2 0.0039043
3 0.00390429
4 0.00390451
5 0.00390433
6 0.00390432
7 0.00390437
8 0.00390427
9 0.00390446
10 0.00390448
11 0.0039045
12 0.00390451
13 0.00390452
14 0.00390455
15 0.00390458
16 0.00390481
17 0.00390461
18 0.00390462
19 0.00390463
20 0.00390465
21 0.00390468
22 0.00390472
23 0.0039047
24 0.00390474
25 0.00390476
26 0.00390478
27 0.00390477
28 0.00390481
29 0.00390479
30 0.00390483
31 0.00390484
32 0.00390474
33 0.00390487
34 0.00390491
35 0.00390497
36 0.003905
37 0.00390496
38 0.00390494
39 0.003905
40 0.00390498
41 0.00390504
42 0.00390506
43 0.00390506
44 0.00390511
45 0.00390511
46 0.00390513
47 0.00390514
48 0.00390533
49 0.00390517
50 0.00390518
51 0.0039052
52 0.00390522
53 0.00390525
54 0.00390531
55 0.00390528
56 0.00390532
57 0.00390532
58 0.00390535
59 0.00390533
60 0.00390536
61 0.0039054
62 0.00390542
63 0.00390529
64 0.0039057
65 0.00390545
66 0.00390547
67 0.0039055
68 0.00390552
69 0.00390558
70 0.00390512
71 0.00391576
72 0.00390384
73 0.00390391
74 0.00390388
75 0.00390391
76 0.00390394
77 0.00390394
78 0.00390398
79 0.00390401
80 0.00390405
81 0.00390405
82 0.00390406
83 0.00390407
84 0.00390411
85 0.00390412
86 0.00390415
87 0.00390418
88 0.00390418
89 0.00390421
90 0.00390422
91 0.00390424
92 0.00390427
93 0.0039043
94 0.00390434
95 0.00390438
96 0.0039044
97 0.0039044
98 0.00390442
99 0.00390444
100 0.00390447
101 0.00390449
102 0.00390455
103 0.00390454
104 0.00390456
105 0.0039046
106 0.00390462
107 0.00390464
108 0.00390466
109 0.00390467
110 0.00390471
111 0.00390474
112 0.00390477
113 0.00390477
114 0.00390481
115 0.00390482
116 0.00390486
117 0.00390488
118 0.00390492
119 0.00390493
120 0.00390494
121 0.003905
122 0.00390503
123 0.00390505
124 0.00390507
125 0.00390509
126 0.00390514
127 0.00390518
128 0.00390539
129 0.00390526
130 0.00390522
131 0.00390526
132 0.00390529
133 0.00390531
134 0.00390536
135 0.00390534
136 0.00390539
137 0.00390542
138 0.00390545
139 0.00390549
140 0.00390552
141 0.00390556
142 0.00390556
143 0.00390561
144 0.00390566
145 0.00390568
146 0.00390571
147 0.00390573
148 0.00390576
149 0.0039058
150 0.00390582
151 0.00390586
152 0.00390588
153 0.00390591
154 0.00390596
155 0.00390598
156 0.00390602
157 0.00390604
158 0.00390608
159 0.00390612
160 0.00390616
161 0.00390619
162 0.00390621
163 0.00390623
164 0.00390633
165 0.00390633
166 0.00390639
167 0.00390638
168 0.00390644
169 0.00390647
170 0.00390652
171 0.00390653
172 0.00390657
173 0.00390661
174 0.00390665
175 0.0039067
176 0.00390675
177 0.00390677
178 0.00390681
179 0.00390685
180 0.00390689
181 0.00390695
182 0.00390698
183 0.00390701
184 0.00390704
185 0.00390709
186 0.00390716
187 0.00390717
188 0.00390724
189 0.00390729
190 0.00390734
191 0.00390739
192 0.00390745
193 0.00390748
194 0.00390751
195 0.00390755
196 0.0039076
197 0.00390763
198 0.00390767
199 0.00390765
200 0.0039078
201 0.00390779
202 0.00390787
203 0.0039079
204 0.00390795
205 0.00390799
206 0.00390806
207 0.00390811
208 0.00390815
209 0.00390819
210 0.00390824
211 0.0039083
212 0.00390835
213 0.00390837
214 0.00390845
215 0.00390849
216 0.00390854
217 0.0039086
218 0.00390859
219 0.00390868
220 0.00390873
221 0.00390877
222 0.00390884
223 0.00390887
224 0.00390897
225 0.00390901
226 0.00390905
227 0.00390908
228 0.00390915
229 0.0039092
230 0.00390926
231 0.00390932
232 0.00390937
233 0.00390942
234 0.00390948
235 0.00390955
236 0.0039096
237 0.00390966
238 0.00390973
239 0.00390979
240 0.00390982
241 0.00390988
242 0.00390994
243 0.00390999
244 0.00391007
245 0.0039101
246 0.00391016
247 0.00391026
248 0.0039103
249 0.00391036
250 0.00391041
251 0.00391046
252 0.00391055
253 0.00391061
254 0.00391066
255 0.00391075
