0 0.00391089
1 0.00390523
2 0.00390522
3 0.00390523
4 0.00390529
5 0.00390524
6 0.00390524
7 0.00390528
8 0.00390527
9 0.00390526
10 0.00390529
11 0.00390531
12 0.0039053
13 0.0039053
14 0.00390531
15 0.00390533
16 0.00390532
17 0.00390536
18 0.00390536
19 0.00390535
20 0.00390538
21 0.00390538
22 0.00390536
23 0.00390539
24 0.00390538
25 0.00390539
26 0.00390543
27 0.00390544
28 0.00390543
29 0.00390545
30 0.00390544
31 0.00390546
32 0.00390547
33 0.00390547
34 0.00390547
35 0.00390548
36 0.0039055
37 0.00390552
38 0.0039055
39 0.0039055
40 0.00390554
41 0.00390553
42 0.00390554
43 0.00390556
44 0.00390557
45 0.00390557
46 0.00390558
47 0.00390559
48 0.00390563
49 0.00390564
50 0.00390561
51 0.00390565
52 0.00390566
53 0.00390565
54 0.00390567
55 0.00390568
56 0.0039057
57 0.00390568
58 0.00390569
59 0.00390571
60 0.00390571
61 0.00390573
62 0.00390572
63 0.00390572
64 0.00390575
65 0.00390575
66 0.00390576
67 0.00390578
68 0.00390577
69 0.00390578
70 0.00390581
71 0.0039058
72 0.00390581
73 0.00390582
74 0.00390583
75 0.00390583
76 0.00390587
77 0.00390584
78 0.00390586
79 0.00390584
80 0.00390587
81 0.00390588
82 0.00390587
83 0.00390588
84 0.00390589
85 0.00390591
86 0.0039059
87 0.00390591
88 0.00390593
89 0.00390595
90 0.00390595
91 0.00390595
92 0.00390595
93 0.00390598
94 0.00390598
95 0.00390598
96 0.00390599
97 0.003906
98 0.00390601
99 0.00390601
100 0.00390601
101 0.00390602
102 0.00390604
103 0.00390606
104 0.00390603
105 0.00390606
106 0.003906
107 0.00390609
108 0.00390605
109 0.00390608
110 0.00390609
111 0.00390609
112 0.0039061
113 0.0039061
114 0.0039061
115 0.00390613
116 0.00390613
117 0.00390613
118 0.00390613
119 0.00390615
120 0.00390616
121 0.00390613
122 0.00390615
123 0.00390617
124 0.00390616
125 0.00390617
126 0.00390618
127 0.0039062
128 0.00390623
129 0.00390619
130 0.00390619
131 0.0039062
132 0.00390621
133 0.00390621
134 0.00390623
135 0.00390622
136 0.00390623
137 0.00390624
138 0.00390625
139 0.00390624
140 0.00390625
141 0.00390626
142 0.00390629
143 0.00390627
144 0.00390629
145 0.00390627
146 0.00390627
147 0.00390629
148 0.00390629
149 0.00390629
150 0.0039063
151 0.00390631
152 0.00390629
153 0.00390629
154 0.00390632
155 0.00390631
156 0.0039063
157 0.00390633
158 0.00390632
159 0.00390632
160 0.00390632
161 0.00390631
162 0.00390632
163 0.00390633
164 0.00390632
165 0.00390634
166 0.00390635
167 0.00390634
168 0.00390634
169 0.00390633
170 0.00390635
171 0.00390634
172 0.00390634
173 0.00390636
174 0.00390633
175 0.00390634
176 0.00390635
177 0.00390634
178 0.00390634
179 0.00390634
180 0.00390636
181 0.00390636
182 0.00390635
183 0.00390635
184 0.00390634
185 0.00390634
186 0.00390636
187 0.00390635
188 0.00390635
189 0.00390636
190 0.00390636
191 0.00390634
192 0.00390634
193 0.00390632
194 0.00390633
195 0.00390633
196 0.00390635
197 0.00390633
198 0.00390634
199 0.00390633
200 0.00390632
201 0.00390631
202 0.00390632
203 0.00390631
204 0.0039063
205 0.00390631
206 0.00390631
207 0.0039063
208 0.0039063
209 0.00390629
210 0.00390631
211 0.00390613
212 0.00390695
213 0.00390704
214 0.0039071
215 0.0039071
216 0.00390711
217 0.00390713
218 0.00390716
219 0.00390719
220 0.00390719
221 0.00390724
222 0.00390724
223 0.00390728
224 0.0039073
225 0.00390731
226 0.00390732
227 0.00390736
228 0.0039074
229 0.00390743
230 0.00390744
231 0.00390747
232 0.0039075
233 0.00390753
234 0.00390753
235 0.00390757
236 0.00390761
237 0.00390761
238 0.00390766
239 0.00390766
240 0.00390771
241 0.00390774
242 0.00390776
243 0.00390778
244 0.00390778
245 0.00390786
246 0.00390789
247 0.00390792
248 0.00390793
249 0.00390796
250 0.00390797
251 0.003908
252 0.00390804
253 0.00390806
254 0.0039081
255 0.00390815
