0 0.00391978
1 0.00390425
2 0.00390428
3 0.00390427
4 0.00390451
5 0.00390439
6 0.00390442
7 0.0039044
8 0.00390446
9 0.00390443
10 0.00390447
11 0.00390457
12 0.00390448
13 0.00390456
14 0.00390456
15 0.00390457
16 0.00390444
17 0.0039046
18 0.00390463
19 0.00390463
20 0.00390467
21 0.00390469
22 0.00390472
23 0.00390474
24 0.00390477
25 0.00390477
26 0.00390479
27 0.00390488
28 0.00390482
29 0.0039049
30 0.00390471
31 0.00390489
32 0.00390511
33 0.00390491
34 0.00390493
35 0.00390495
36 0.00390498
37 0.003905
38 0.00390502
39 0.00390505
40 0.00390506
41 0.00390505
42 0.00390507
43 0.00390511
44 0.00390511
45 0.00390497
46 0.00390516
47 0.00390521
48 0.00390528
49 0.00390522
50 0.00390524
51 0.00390525
52 0.00390526
53 0.00390527
54 0.00390531
55 0.00390532
56 0.00390534
57 0.00390538
58 0.00390546
59 0.00390489
60 0.00391727
61 0.00390359
62 0.00390364
63 0.00390361
64 0.00390371
65 0.00390368
66 0.00390368
67 0.0039037
68 0.00390374
69 0.00390375
70 0.00390375
71 0.00390381
72 0.00390381
73 0.00390384
74 0.00390388
75 0.00390388
76 0.00390388
77 0.00390392
78 0.00390393
79 0.00390396
80 0.00390402
81 0.00390401
82 0.00390403
83 0.00390406
84 0.00390406
85 0.0039041
86 0.00390412
87 0.00390414
88 0.00390419
89 0.0039042
90 0.0039042
91 0.00390424
92 0.00390427
93 0.00390429
94 0.00390432
95 0.00390433
96 0.00390441
97 0.0039044
98 0.00390438
99 0.00390441
100 0.00390443
101 0.00390446
102 0.0039045
103 0.0039045
104 0.00390454
105 0.00390456
106 0.00390458
107 0.0039046
108 0.00390463
109 0.00390465
110 0.00390469
111 0.00390471
112 0.00390477
113 0.00390477
114 0.00390478
115 0.0039048
116 0.00390483
117 0.00390488
118 0.00390489
119 0.00390494
120 0.00390493
121 0.00390496
122 0.00390502
123 0.00390503
124 0.00390504
125 0.00390509
126 0.0039051
127 0.00390515
128 0.00390542
129 0.00390518
130 0.00390522
131 0.00390522
132 0.00390524
133 0.00390528
134 0.00390531
135 0.00390533
136 0.00390539
137 0.00390541
138 0.00390543
139 0.00390549
140 0.00390552
141 0.00390554
142 0.00390556
143 0.0039056
144 0.00390565
145 0.00390579
146 0.00390571
147 0.00390573
148 0.00390579
149 0.00390578
150 0.00390585
151 0.00390587
152 0.00390589
153 0.00390592
154 0.00390598
155 0.00390601
156 0.00390606
157 0.00390607
158 0.00390605
159 0.00390613
160 0.00390621
161 0.0039062
162 0.00390624
163 0.00390627
164 0.0039063
165 0.00390636
166 0.0039064
167 0.00390643
168 0.00390646
169 0.0039065
170 0.00390653
171 0.0039066
172 0.00390661
173 0.00390668
174 0.00390673
175 0.00390675
176 0.00390684
177 0.00390684
178 0.00390687
179 0.00390691
180 0.00390695
181 0.003907
182 0.00390703
183 0.0039071
184 0.00390715
185 0.00390715
186 0.00390725
187 0.00390729
188 0.00390727
189 0.0039074
190 0.00390741
191 0.00390746
192 0.00390754
193 0.00390753
194 0.00390758
195 0.00390762
196 0.00390771
197 0.00390772
198 0.00390779
199 0.00390787
200 0.00390792
201 0.00390797
202 0.003908
203 0.00390808
204 0.0039081
205 0.00390815
206 0.0039082
207 0.00390826
208 0.00390831
209 0.00390836
210 0.00390843
211 0.00390847
212 0.00390854
213 0.00390857
214 0.00390863
215 0.00390867
216 0.00390871
217 0.00390877
218 0.00390886
219 0.0039089
220 0.00390895
221 0.00390901
222 0.00390908
223 0.00390913
224 0.00390921
225 0.00390924
226 0.0039093
227 0.00390935
228 0.00390941
229 0.00390947
230 0.00390951
231 0.00390957
232 0.00390965
233 0.00390969
234 0.00390975
235 0.00390983
236 0.0039099
237 0.00390997
238 0.00391004
239 0.00391008
240 0.00391013
241 0.00391019
242 0.00391028
243 0.00391034
244 0.00391039
245 0.00391045
246 0.00391053
247 0.00391058
248 0.00391065
249 0.00391073
250 0.00391085
251 0.00391086
252 0.00391089
253 0.00391079
254 0.0039111
255 0.0039112
