0 0.00391247
1 0.0039048
2 0.00390482
3 0.00390482
4 0.00390488
5 0.00390484
6 0.00390486
7 0.00390484
8 0.00390488
9 0.00390488
10 0.00390489
11 0.0039049
12 0.00390492
13 0.00390493
14 0.00390495
15 0.00390496
16 0.00390498
17 0.00390496
18 0.00390498
19 0.00390499
20 0.00390501
21 0.00390501
22 0.00390502
23 0.00390503
24 0.00390504
25 0.00390507
26 0.00390508
27 0.00390507
28 0.0039051
29 0.00390509
30 0.00390512
31 0.00390516
32 0.00390514
33 0.00390517
34 0.00390515
35 0.00390518
36 0.00390518
37 0.00390522
38 0.00390518
39 0.00390521
40 0.00390522
41 0.00390525
42 0.00390527
43 0.00390526
44 0.00390528
45 0.00390528
46 0.00390531
47 0.0039053
48 0.0039053
49 0.00390533
50 0.00390533
51 0.00390534
52 0.00390537
53 0.00390538
54 0.00390537
55 0.00390539
56 0.0039054
57 0.0039054
58 0.0039054
59 0.00390545
60 0.00390543
61 0.00390544
62 0.00390547
63 0.00390547
64 0.00390551
65 0.00390549
66 0.00390551
67 0.00390551
68 0.00390552
69 0.00390551
70 0.00390553
71 0.00390555
72 0.00390557
73 0.00390556
74 0.00390558
75 0.00390558
76 0.0039056
77 0.00390562
78 0.00390563
79 0.00390563
80 0.00390566
81 0.00390566
82 0.00390567
83 0.0039056
84 0.00390568
85 0.0039057
86 0.00390572
87 0.00390571
88 0.00390572
89 0.00390576
90 0.00390574
91 0.00390576
92 0.00390576
93 0.00390578
94 0.00390581
95 0.00390582
96 0.00390582
97 0.00390581
98 0.00390582
99 0.00390583
100 0.00390586
101 0.00390585
102 0.00390588
103 0.00390593
104 0.00390588
105 0.0039059
106 0.0039059
107 0.00390591
108 0.00390591
109 0.00390592
110 0.00390594
111 0.00390594
112 0.00390596
113 0.00390599
114 0.00390597
115 0.00390599
116 0.003906
117 0.003906
118 0.00390601
119 0.00390601
120 0.00390602
121 0.00390604
122 0.00390602
123 0.00390604
124 0.00390605
125 0.00390605
126 0.00390606
127 0.00390608
128 0.00390611
129 0.00390607
130 0.00390608
131 0.00390609
132 0.00390609
133 0.0039061
134 0.00390613
135 0.00390613
136 0.00390611
137 0.00390615
138 0.00390614
139 0.00390615
140 0.00390613
141 0.00390615
142 0.00390616
143 0.00390616
144 0.00390618
145 0.00390617
146 0.00390618
147 0.00390618
148 0.00390618
149 0.00390619
150 0.0039062
151 0.0039062
152 0.00390621
153 0.00390617
154 0.0039062
155 0.00390622
156 0.00390622
157 0.00390622
158 0.0039062
159 0.00390621
160 0.00390623
161 0.00390621
162 0.00390625
163 0.00390624
164 0.00390626
165 0.00390604
166 0.00390811
167 0.00390613
168 0.00390617
169 0.0039062
170 0.00390619
171 0.00390623
172 0.00390625
173 0.00390629
174 0.0039063
175 0.00390631
176 0.00390634
177 0.00390635
178 0.00390639
179 0.0039064
180 0.00390644
181 0.00390645
182 0.00390647
183 0.00390651
184 0.00390651
185 0.00390656
186 0.00390658
187 0.00390661
188 0.00390662
189 0.00390665
190 0.00390668
191 0.00390669
192 0.00390672
193 0.00390675
194 0.00390679
195 0.0039068
196 0.0039068
197 0.00390684
198 0.00390686
199 0.00390691
200 0.00390692
201 0.00390696
202 0.00390697
203 0.00390702
204 0.00390705
205 0.00390706
206 0.00390709
207 0.00390714
208 0.00390715
209 0.00390717
210 0.0039072
211 0.00390722
212 0.00390729
213 0.0039073
214 0.00390732
215 0.00390735
216 0.00390738
217 0.00390743
218 0.00390745
219 0.00390746
220 0.00390751
221 0.00390753
222 0.00390758
223 0.0039076
224 0.00390764
225 0.00390767
226 0.0039077
227 0.00390772
228 0.00390777
229 0.00390779
230 0.00390784
231 0.00390787
232 0.00390789
233 0.00390792
234 0.00390797
235 0.00390799
236 0.00390805
237 0.00390809
238 0.0039081
239 0.00390815
240 0.00390817
241 0.00390821
242 0.00390825
243 0.00390829
244 0.00390833
245 0.00390837
246 0.00390839
247 0.00390843
248 0.00390848
249 0.00390854
250 0.00390856
251 0.00390861
252 0.00390863
253 0.00390867
254 0.0039087
255 0.00390875
