0 0.00391011
1 0.00390559
2 0.00390558
3 0.0039056
4 0.00390563
5 0.00390561
6 0.00390561
7 0.00390563
8 0.00390563
9 0.00390563
10 0.00390564
11 0.00390565
12 0.00390567
13 0.00390569
14 0.00390569
15 0.00390566
16 0.00390567
17 0.00390568
18 0.0039057
19 0.00390569
20 0.00390572
21 0.00390571
22 0.00390573
23 0.00390573
24 0.00390572
25 0.00390576
26 0.00390572
27 0.00390576
28 0.00390577
29 0.00390577
30 0.00390578
31 0.00390577
32 0.0039058
33 0.00390578
34 0.0039058
35 0.00390579
36 0.00390582
37 0.00390582
38 0.00390582
39 0.00390585
40 0.00390584
41 0.00390583
42 0.00390586
43 0.00390586
44 0.00390585
45 0.00390587
46 0.0039059
47 0.00390587
48 0.00390589
49 0.00390588
50 0.00390592
51 0.00390591
52 0.00390591
53 0.00390591
54 0.00390592
55 0.00390594
56 0.00390596
57 0.00390593
58 0.00390597
59 0.00390595
60 0.00390596
61 0.00390598
62 0.00390596
63 0.00390598
64 0.003906
65 0.00390601
66 0.003906
67 0.00390603
68 0.00390603
69 0.00390601
70 0.00390602
71 0.00390604
72 0.00390603
73 0.00390605
74 0.00390606
75 0.00390607
76 0.00390605
77 0.00390608
78 0.00390608
79 0.00390609
80 0.00390609
81 0.00390609
82 0.0039061
83 0.00390612
84 0.00390611
85 0.0039061
86 0.00390614
87 0.00390614
88 0.00390615
89 0.00390613
90 0.00390616
91 0.00390614
92 0.00390617
93 0.00390618
94 0.00390617
95 0.00390616
96 0.00390619
97 0.00390617
98 0.00390619
99 0.0039062
100 0.00390621
101 0.00390621
102 0.00390622
103 0.00390622
104 0.00390623
105 0.00390625
106 0.00390627
107 0.00390624
108 0.00390626
109 0.00390626
110 0.00390628
111 0.00390627
112 0.00390628
113 0.00390627
114 0.00390627
115 0.0039063
116 0.00390629
117 0.0039063
118 0.0039063
119 0.00390631
120 0.00390631
121 0.00390634
122 0.00390632
123 0.00390631
124 0.0039063
125 0.00390632
126 0.00390636
127 0.00390636
128 0.00390638
129 0.00390634
130 0.00390636
131 0.00390637
132 0.00390636
133 0.00390637
134 0.00390638
135 0.00390638
136 0.00390643
137 0.00390639
138 0.00390641
139 0.00390637
140 0.0039064
141 0.00390641
142 0.00390642
143 0.00390642
144 0.00390642
145 0.00390643
146 0.00390642
147 0.00390644
148 0.00390644
149 0.00390643
150 0.00390644
151 0.00390642
152 0.00390646
153 0.00390644
154 0.00390645
155 0.00390644
156 0.00390643
157 0.00390647
158 0.00390647
159 0.00390645
160 0.00390646
161 0.00390648
162 0.00390647
163 0.00390646
164 0.00390648
165 0.00390648
166 0.00390649
167 0.00390647
168 0.00390648
169 0.00390648
170 0.00390648
171 0.00390647
172 0.00390649
173 0.00390647
174 0.00390648
175 0.00390648
176 0.00390649
177 0.00390648
178 0.00390648
179 0.00390648
180 0.0039065
181 0.00390649
182 0.00390648
183 0.0039065
184 0.00390649
185 0.00390649
186 0.00390649
187 0.0039065
188 0.00390649
189 0.0039065
190 0.00390649
191 0.00390649
192 0.00390648
193 0.00390647
194 0.00390648
195 0.00390646
196 0.00390647
197 0.00390647
198 0.00390648
199 0.00390646
200 0.00390646
201 0.00390646
202 0.00390645
203 0.00390645
204 0.00390645
205 0.00390645
206 0.00390645
207 0.00390645
208 0.00390643
209 0.00390644
210 0.00390646
211 0.00390644
212 0.00390644
213 0.00390643
214 0.00390642
215 0.0039064
216 0.00390643
217 0.00390641
218 0.0039064
219 0.00390641
220 0.00390641
221 0.00390638
222 0.00390638
223 0.00390638
224 0.00390636
225 0.00390639
226 0.00390637
227 0.00390633
228 0.00390633
229 0.00390634
230 0.00390633
231 0.00390633
232 0.00390632
233 0.00390632
234 0.0039063
235 0.00390629
236 0.0039063
237 0.00390628
238 0.00390628
239 0.00390625
240 0.00390625
241 0.00390623
242 0.00390621
243 0.00390622
244 0.0039062
245 0.00390619
246 0.00390619
247 0.00390607
248 0.0039065
249 0.00390764
250 0.0039077
251 0.00390769
252 0.00390772
253 0.00390774
254 0.00390776
255 0.00390779
