0 0.00391069
1 0.00390532
2 0.00390531
3 0.00390532
4 0.00390537
5 0.00390533
6 0.00390536
7 0.00390535
8 0.00390536
9 0.00390535
10 0.00390537
11 0.00390539
12 0.00390537
13 0.00390538
14 0.00390538
15 0.0039054
16 0.00390542
17 0.00390541
18 0.00390544
19 0.00390544
20 0.00390545
21 0.00390547
22 0.00390547
23 0.00390545
24 0.00390549
25 0.00390549
26 0.00390549
27 0.00390549
28 0.0039055
29 0.00390552
30 0.00390552
31 0.00390551
32 0.00390553
33 0.00390555
34 0.00390557
35 0.00390556
36 0.00390559
37 0.0039056
38 0.00390559
39 0.00390561
40 0.00390562
41 0.00390563
42 0.00390561
43 0.00390564
44 0.00390563
45 0.00390562
46 0.00390567
47 0.00390568
48 0.00390569
49 0.00390569
50 0.00390569
51 0.00390571
52 0.0039057
53 0.00390571
54 0.00390573
55 0.00390574
56 0.00390575
57 0.00390575
58 0.00390574
59 0.00390576
60 0.00390577
61 0.00390578
62 0.00390578
63 0.00390581
64 0.00390579
65 0.00390582
66 0.00390582
67 0.00390579
68 0.00390585
69 0.00390584
70 0.00390586
71 0.00390586
72 0.00390586
73 0.00390588
74 0.00390588
75 0.0039059
76 0.0039059
77 0.0039059
78 0.00390591
79 0.00390592
80 0.00390593
81 0.00390592
82 0.00390594
83 0.00390593
84 0.00390595
85 0.00390596
86 0.00390598
87 0.00390596
88 0.00390598
89 0.003906
90 0.00390599
91 0.00390597
92 0.003906
93 0.00390603
94 0.00390602
95 0.00390603
96 0.00390603
97 0.00390605
98 0.00390604
99 0.00390605
100 0.00390604
101 0.00390609
102 0.00390606
103 0.00390606
104 0.00390607
105 0.00390609
106 0.0039061
107 0.00390613
108 0.00390611
109 0.00390612
110 0.00390612
111 0.00390616
112 0.00390613
113 0.00390616
114 0.00390614
115 0.00390616
116 0.00390617
117 0.00390617
118 0.00390616
119 0.00390619
120 0.0039062
121 0.00390622
122 0.00390618
123 0.00390621
124 0.0039062
125 0.0039062
126 0.00390622
127 0.00390623
128 0.00390623
129 0.00390624
130 0.00390625
131 0.00390625
132 0.00390624
133 0.00390624
134 0.00390627
135 0.00390626
136 0.00390628
137 0.00390626
138 0.00390628
139 0.00390629
140 0.00390629
141 0.00390627
142 0.00390629
143 0.00390628
144 0.00390632
145 0.00390631
146 0.0039063
147 0.00390633
148 0.00390633
149 0.00390633
150 0.00390633
151 0.00390634
152 0.00390632
153 0.00390637
154 0.00390635
155 0.00390635
156 0.00390635
157 0.00390635
158 0.00390636
159 0.00390637
160 0.00390634
161 0.00390637
162 0.00390634
163 0.00390637
164 0.00390637
165 0.00390637
166 0.00390637
167 0.00390637
168 0.00390637
169 0.00390638
170 0.00390638
171 0.00390638
172 0.00390636
173 0.00390637
174 0.00390638
175 0.00390636
176 0.00390637
177 0.00390638
178 0.00390637
179 0.00390639
180 0.0039064
181 0.00390636
182 0.00390638
183 0.00390638
184 0.00390639
185 0.00390638
186 0.00390638
187 0.00390638
188 0.00390638
189 0.00390638
190 0.00390638
191 0.00390637
192 0.00390637
193 0.00390637
194 0.00390636
195 0.00390636
196 0.00390637
197 0.00390638
198 0.00390636
199 0.00390636
200 0.00390633
201 0.00390635
202 0.00390636
203 0.00390635
204 0.00390634
205 0.00390635
206 0.00390634
207 0.00390633
208 0.00390633
209 0.00390633
210 0.00390633
211 0.00390631
212 0.00390632
213 0.00390632
214 0.0039063
215 0.00390631
216 0.00390628
217 0.00390627
218 0.00390628
219 0.00390631
220 0.00390614
221 0.00390681
222 0.00390721
223 0.00390725
224 0.00390723
225 0.00390728
226 0.0039073
227 0.00390729
228 0.00390733
229 0.00390736
230 0.00390738
231 0.00390742
232 0.00390744
233 0.00390745
234 0.00390748
235 0.00390751
236 0.00390753
237 0.00390755
238 0.00390757
239 0.0039076
240 0.00390762
241 0.00390764
242 0.00390768
243 0.00390769
244 0.00390774
245 0.00390776
246 0.00390777
247 0.00390781
248 0.00390783
249 0.00390787
250 0.00390788
251 0.00390792
252 0.00390794
253 0.00390796
254 0.00390799
255 0.00390803
