0 0.00391393
1 0.00390457
2 0.0039046
3 0.00390457
4 0.00390469
5 0.00390461
6 0.00390465
7 0.00390465
8 0.00390468
9 0.00390467
10 0.00390469
11 0.00390471
12 0.00390472
13 0.00390475
14 0.00390474
15 0.00390477
16 0.00390479
17 0.0039048
18 0.00390478
19 0.00390481
20 0.00390482
21 0.00390484
22 0.00390488
23 0.00390488
24 0.00390488
25 0.0039049
26 0.00390488
27 0.00390493
28 0.00390494
29 0.00390494
30 0.00390495
31 0.00390498
32 0.00390501
33 0.003905
34 0.00390502
35 0.00390502
36 0.00390505
37 0.00390506
38 0.00390507
39 0.00390509
40 0.00390509
41 0.0039051
42 0.00390512
43 0.00390512
44 0.00390513
45 0.00390516
46 0.00390517
47 0.00390517
48 0.00390519
49 0.00390519
50 0.0039052
51 0.00390523
52 0.00390522
53 0.00390523
54 0.00390528
55 0.00390527
56 0.00390528
57 0.0039053
58 0.00390531
59 0.00390532
60 0.00390534
61 0.00390535
62 0.00390533
63 0.00390538
64 0.00390541
65 0.00390541
66 0.0039054
67 0.00390541
68 0.00390535
69 0.00390544
70 0.00390545
71 0.00390546
72 0.00390548
73 0.00390551
74 0.00390552
75 0.00390551
76 0.0039055
77 0.00390555
78 0.00390555
79 0.00390556
80 0.00390556
81 0.00390559
82 0.00390559
83 0.00390559
84 0.00390562
85 0.00390564
86 0.00390564
87 0.00390567
88 0.00390565
89 0.00390566
90 0.00390568
91 0.00390569
92 0.00390571
93 0.0039057
94 0.00390573
95 0.00390574
96 0.00390577
97 0.00390575
98 0.00390576
99 0.00390579
100 0.00390578
101 0.0039058
102 0.0039058
103 0.00390583
104 0.00390581
105 0.00390584
106 0.00390582
107 0.00390584
108 0.00390587
109 0.00390587
110 0.00390587
111 0.00390589
112 0.00390591
113 0.00390592
114 0.00390592
115 0.00390592
116 0.00390593
117 0.00390592
118 0.00390596
119 0.00390598
120 0.00390597
121 0.003906
122 0.00390602
123 0.00390602
124 0.00390604
125 0.00390604
126 0.00390604
127 0.00390608
128 0.00390613
129 0.00390608
130 0.00390607
131 0.00390609
132 0.00390608
133 0.00390612
134 0.00390614
135 0.00390584
136 0.00390949
137 0.00390549
138 0.00390551
139 0.00390551
140 0.00390553
141 0.00390556
142 0.00390558
143 0.00390559
144 0.00390564
145 0.00390565
146 0.00390567
147 0.00390569
148 0.00390573
149 0.00390573
150 0.00390575
151 0.00390578
152 0.00390579
153 0.00390582
154 0.00390585
155 0.00390587
156 0.0039059
157 0.00390592
158 0.00390594
159 0.00390597
160 0.00390602
161 0.00390603
162 0.00390607
163 0.00390606
164 0.00390611
165 0.00390612
166 0.00390614
167 0.00390618
168 0.00390618
169 0.00390623
170 0.00390628
171 0.00390628
172 0.00390631
173 0.00390634
174 0.00390636
175 0.00390639
176 0.00390638
177 0.00390643
178 0.00390646
179 0.00390649
180 0.00390652
181 0.00390655
182 0.00390658
183 0.00390662
184 0.00390664
185 0.00390665
186 0.00390669
187 0.00390673
188 0.00390673
189 0.00390677
190 0.0039068
191 0.00390684
192 0.00390688
193 0.00390689
194 0.00390691
195 0.00390695
196 0.00390697
197 0.00390702
198 0.00390705
199 0.00390708
200 0.00390709
201 0.00390716
202 0.00390718
203 0.00390722
204 0.00390725
205 0.00390729
206 0.00390731
207 0.00390733
208 0.00390737
209 0.00390741
210 0.00390745
211 0.00390749
212 0.00390752
213 0.00390756
214 0.00390761
215 0.00390763
216 0.00390765
217 0.00390769
218 0.00390774
219 0.0039078
220 0.00390781
221 0.00390785
222 0.00390788
223 0.00390793
224 0.00390798
225 0.00390798
226 0.00390803
227 0.00390805
228 0.00390813
229 0.00390816
230 0.0039082
231 0.00390822
232 0.00390827
233 0.0039083
234 0.00390836
235 0.00390838
236 0.00390844
237 0.00390847
238 0.00390853
239 0.00390857
240 0.0039086
241 0.00390864
242 0.00390868
243 0.00390873
244 0.00390879
245 0.00390882
246 0.00390886
247 0.00390891
248 0.00390896
249 0.00390901
250 0.00390904
251 0.00390908
252 0.00390913
253 0.0039092
254 0.00390922
255 0.00390928
