0 0.00391185
1 0.00390494
2 0.00390495
3 0.00390495
4 0.00390501
5 0.00390497
6 0.00390502
7 0.00390499
8 0.00390499
9 0.00390504
10 0.00390501
11 0.00390504
12 0.00390504
13 0.00390508
14 0.00390506
15 0.00390508
16 0.0039051
17 0.0039051
18 0.00390509
19 0.00390512
20 0.00390513
21 0.00390515
22 0.00390513
23 0.00390516
24 0.00390515
25 0.00390517
26 0.00390517
27 0.00390518
28 0.0039052
29 0.00390522
30 0.00390523
31 0.00390524
32 0.00390526
33 0.00390525
34 0.00390528
35 0.00390527
36 0.00390525
37 0.0039053
38 0.0039053
39 0.00390533
40 0.00390531
41 0.00390533
42 0.00390534
43 0.00390536
44 0.00390536
45 0.00390537
46 0.00390538
47 0.00390539
48 0.0039054
49 0.00390539
50 0.00390542
51 0.00390542
52 0.00390544
53 0.00390545
54 0.00390545
55 0.00390549
56 0.00390548
57 0.0039055
58 0.00390549
59 0.00390551
60 0.00390553
61 0.00390551
62 0.00390553
63 0.00390554
64 0.00390558
65 0.00390557
66 0.00390557
67 0.00390559
68 0.00390561
69 0.0039056
70 0.00390562
71 0.00390561
72 0.00390561
73 0.00390563
74 0.00390565
75 0.00390567
76 0.00390569
77 0.00390569
78 0.00390571
79 0.00390572
80 0.00390574
81 0.00390573
82 0.00390574
83 0.00390574
84 0.00390577
85 0.00390576
86 0.00390576
87 0.00390578
88 0.0039058
89 0.00390581
90 0.00390581
91 0.00390575
92 0.00390584
93 0.00390583
94 0.00390585
95 0.00390586
96 0.00390587
97 0.00390587
98 0.00390587
99 0.0039059
100 0.00390589
101 0.0039059
102 0.00390592
103 0.00390593
104 0.00390592
105 0.00390594
106 0.00390597
107 0.00390596
108 0.00390595
109 0.00390597
110 0.00390598
111 0.00390598
112 0.00390602
113 0.00390601
114 0.00390601
115 0.00390604
116 0.00390602
117 0.00390603
118 0.00390602
119 0.00390607
120 0.00390605
121 0.00390606
122 0.00390606
123 0.00390608
124 0.00390607
125 0.00390608
126 0.0039061
127 0.00390611
128 0.00390611
129 0.0039061
130 0.00390611
131 0.00390611
132 0.0039061
133 0.00390614
134 0.00390615
135 0.00390615
136 0.00390615
137 0.00390615
138 0.00390615
139 0.00390619
140 0.00390616
141 0.00390617
142 0.00390619
143 0.00390619
144 0.0039062
145 0.00390621
146 0.0039062
147 0.00390622
148 0.0039062
149 0.00390622
150 0.00390621
151 0.00390621
152 0.00390622
153 0.00390623
154 0.00390622
155 0.00390625
156 0.00390623
157 0.00390622
158 0.00390624
159 0.00390624
160 0.00390627
161 0.00390624
162 0.00390623
163 0.00390627
164 0.00390627
165 0.00390628
166 0.00390626
167 0.00390626
168 0.00390626
169 0.00390626
170 0.00390625
171 0.00390627
172 0.00390627
173 0.00390628
174 0.00390626
175 0.00390626
176 0.00390627
177 0.00390627
178 0.00390628
179 0.00390629
180 0.00390629
181 0.00390612
182 0.0039076
183 0.00390646
184 0.00390651
185 0.00390653
186 0.00390654
187 0.00390655
188 0.00390656
189 0.00390659
190 0.00390663
191 0.00390664
192 0.00390667
193 0.00390669
194 0.00390672
195 0.0039067
196 0.00390675
197 0.00390678
198 0.00390682
199 0.00390684
200 0.00390687
201 0.00390688
202 0.00390689
203 0.00390693
204 0.00390696
205 0.00390697
206 0.00390702
207 0.00390702
208 0.00390708
209 0.00390708
210 0.00390712
211 0.00390716
212 0.00390718
213 0.0039072
214 0.00390722
215 0.00390725
216 0.00390729
217 0.00390731
218 0.00390734
219 0.00390734
220 0.00390737
221 0.00390742
222 0.00390744
223 0.00390748
224 0.00390751
225 0.00390754
226 0.00390756
227 0.00390758
228 0.00390762
229 0.00390764
230 0.00390767
231 0.00390772
232 0.00390773
233 0.00390777
234 0.00390778
235 0.00390783
236 0.00390786
237 0.00390786
238 0.00390792
239 0.00390796
240 0.00390799
241 0.00390804
242 0.00390806
243 0.0039081
244 0.00390813
245 0.00390817
246 0.00390818
247 0.00390823
248 0.00390826
249 0.00390831
250 0.00390834
251 0.00390836
252 0.0039084
253 0.00390844
254 0.00390846
255 0.00390852
