0 0.00391113
1 0.00390516
2 0.00390517
3 0.00390515
4 0.0039052
5 0.00390517
6 0.00390518
7 0.00390519
8 0.0039052
9 0.00390521
10 0.00390524
11 0.00390523
12 0.00390523
13 0.00390525
14 0.00390524
15 0.00390525
16 0.00390528
17 0.00390528
18 0.00390527
19 0.0039053
20 0.0039053
21 0.0039053
22 0.00390532
23 0.00390533
24 0.00390534
25 0.00390535
26 0.00390536
27 0.00390536
28 0.00390536
29 0.00390537
30 0.00390539
31 0.00390539
32 0.0039054
33 0.00390542
34 0.00390542
35 0.00390544
36 0.00390543
37 0.00390545
38 0.00390547
39 0.00390545
40 0.00390545
41 0.00390548
42 0.00390547
43 0.0039055
44 0.0039055
45 0.00390554
46 0.00390552
47 0.00390553
48 0.00390555
49 0.00390554
50 0.00390555
51 0.00390559
52 0.00390557
53 0.00390558
54 0.0039056
55 0.00390561
56 0.00390563
57 0.00390565
58 0.00390562
59 0.00390568
60 0.00390568
61 0.00390569
62 0.00390565
63 0.0039057
64 0.00390571
65 0.00390569
66 0.00390573
67 0.00390571
68 0.00390574
69 0.00390574
70 0.00390574
71 0.00390574
72 0.00390577
73 0.00390575
74 0.00390578
75 0.0039058
76 0.00390579
77 0.00390579
78 0.00390581
79 0.00390581
80 0.00390583
81 0.00390584
82 0.00390584
83 0.00390586
84 0.00390587
85 0.00390587
86 0.00390589
87 0.00390589
88 0.0039059
89 0.00390589
90 0.00390592
91 0.00390593
92 0.00390591
93 0.00390592
94 0.00390595
95 0.00390594
96 0.00390597
97 0.00390596
98 0.00390596
99 0.00390597
100 0.00390599
101 0.003906
102 0.00390596
103 0.00390602
104 0.00390601
105 0.00390602
106 0.00390602
107 0.00390604
108 0.00390603
109 0.00390604
110 0.00390607
111 0.00390606
112 0.00390608
113 0.00390608
114 0.0039061
115 0.0039061
116 0.00390608
117 0.00390612
118 0.00390612
119 0.00390611
120 0.0039061
121 0.00390611
122 0.00390613
123 0.00390614
124 0.00390613
125 0.00390614
126 0.00390615
127 0.00390615
128 0.0039062
129 0.00390616
130 0.00390617
131 0.00390617
132 0.0039062
133 0.00390619
134 0.00390619
135 0.00390621
136 0.00390621
137 0.00390619
138 0.00390623
139 0.00390623
140 0.00390624
141 0.00390624
142 0.00390621
143 0.00390623
144 0.00390624
145 0.00390625
146 0.00390625
147 0.00390625
148 0.00390627
149 0.00390627
150 0.00390627
151 0.00390629
152 0.00390627
153 0.00390628
154 0.00390628
155 0.0039063
156 0.00390629
157 0.00390631
158 0.00390629
159 0.00390629
160 0.0039063
161 0.00390632
162 0.00390629
163 0.00390631
164 0.00390631
165 0.00390629
166 0.00390631
167 0.00390633
168 0.00390631
169 0.00390632
170 0.0039063
171 0.00390633
172 0.00390631
173 0.00390633
174 0.00390634
175 0.00390633
176 0.00390632
177 0.00390633
178 0.00390632
179 0.00390635
180 0.00390632
181 0.00390633
182 0.00390632
183 0.0039063
184 0.00390634
185 0.00390631
186 0.00390629
187 0.00390632
188 0.00390631
189 0.00390633
190 0.00390631
191 0.00390631
192 0.00390631
193 0.00390629
194 0.0039063
195 0.0039063
196 0.00390629
197 0.0039063
198 0.0039063
199 0.0039063
200 0.0039063
201 0.0039063
202 0.00390632
203 0.00390615
204 0.00390709
205 0.00390687
206 0.00390694
207 0.00390695
208 0.00390695
209 0.00390698
210 0.003907
211 0.00390703
212 0.00390707
213 0.00390707
214 0.0039071
215 0.00390713
216 0.00390714
217 0.00390716
218 0.0039072
219 0.00390723
220 0.00390724
221 0.00390726
222 0.00390728
223 0.00390732
224 0.00390736
225 0.00390735
226 0.0039074
227 0.00390742
228 0.00390744
229 0.00390748
230 0.0039075
231 0.00390753
232 0.00390756
233 0.00390756
234 0.0039076
235 0.00390764
236 0.00390766
237 0.00390768
238 0.00390771
239 0.00390775
240 0.00390778
241 0.00390781
242 0.00390782
243 0.00390785
244 0.00390789
245 0.00390793
246 0.00390794
247 0.00390797
248 0.00390801
249 0.00390803
250 0.00390806
251 0.00390807
252 0.00390813
253 0.00390815
254 0.00390819
255 0.00390823
