0 0.00391816
1 0.00390428
2 0.0039043
3 0.00390429
4 0.0039045
5 0.00390437
6 0.0039044
7 0.00390441
8 0.00390446
9 0.00390444
10 0.00390448
11 0.00390454
12 0.00390448
13 0.00390452
14 0.00390457
15 0.00390455
16 0.00390456
17 0.00390461
18 0.00390463
19 0.00390464
20 0.00390463
21 0.00390465
22 0.00390468
23 0.0039047
24 0.00390474
25 0.00390473
26 0.00390474
27 0.00390479
28 0.00390479
29 0.00390473
30 0.00390482
31 0.00390485
32 0.00390514
33 0.00390487
34 0.00390488
35 0.00390491
36 0.00390494
37 0.00390494
38 0.00390484
39 0.003905
40 0.00390499
41 0.003905
42 0.00390503
43 0.00390511
44 0.00390505
45 0.00390508
46 0.0039051
47 0.00390511
48 0.00390521
49 0.00390515
50 0.00390516
51 0.00390519
52 0.00390521
53 0.0039052
54 0.00390524
55 0.00390523
56 0.00390527
57 0.00390528
58 0.0039053
59 0.00390532
60 0.00390531
61 0.00390534
62 0.00390539
63 0.00390536
64 0.00390571
65 0.00390541
66 0.00390541
67 0.00390549
68 0.00390547
69 0.00390547
70 0.00390551
71 0.00390554
72 0.00390553
73 0.00390556
74 0.00390563
75 0.00390516
76 0.00391479
77 0.00390394
78 0.00390401
79 0.00390401
80 0.00390403
81 0.00390406
82 0.00390407
83 0.00390408
84 0.00390411
85 0.00390413
86 0.00390416
87 0.0039042
88 0.00390419
89 0.00390425
90 0.00390424
91 0.00390428
92 0.00390426
93 0.00390432
94 0.00390434
95 0.00390436
96 0.00390442
97 0.00390441
98 0.00390445
99 0.00390445
100 0.00390448
101 0.00390451
102 0.00390454
103 0.00390455
104 0.00390456
105 0.00390462
106 0.0039046
107 0.00390466
108 0.00390466
109 0.00390469
110 0.00390473
111 0.00390476
112 0.00390478
113 0.00390481
114 0.00390483
115 0.00390485
116 0.00390489
117 0.00390491
118 0.00390493
119 0.00390497
120 0.00390499
121 0.00390501
122 0.00390505
123 0.00390508
124 0.00390508
125 0.00390513
126 0.00390515
127 0.00390519
128 0.00390539
129 0.00390522
130 0.00390525
131 0.00390528
132 0.0039053
133 0.00390534
134 0.00390535
135 0.00390537
136 0.00390534
137 0.00390542
138 0.00390545
139 0.0039055
140 0.00390551
141 0.00390556
142 0.00390558
143 0.00390561
144 0.00390565
145 0.00390569
146 0.00390571
147 0.00390574
148 0.00390575
149 0.00390578
150 0.00390582
151 0.00390585
152 0.00390589
153 0.00390592
154 0.00390594
155 0.003906
156 0.00390602
157 0.00390605
158 0.00390608
159 0.0039061
160 0.00390616
161 0.00390617
162 0.00390619
163 0.00390625
164 0.00390627
165 0.00390632
166 0.0039063
167 0.0039064
168 0.00390644
169 0.00390645
170 0.00390647
171 0.00390653
172 0.00390657
173 0.0039066
174 0.00390663
175 0.00390666
176 0.00390669
177 0.00390674
178 0.00390677
179 0.00390682
180 0.00390684
181 0.00390689
182 0.00390692
183 0.003907
184 0.00390703
185 0.00390705
186 0.00390713
187 0.00390716
188 0.00390719
189 0.00390725
190 0.0039073
191 0.00390734
192 0.00390737
193 0.00390746
194 0.00390745
195 0.00390748
196 0.00390753
197 0.00390757
198 0.00390761
199 0.00390766
200 0.00390772
201 0.00390776
202 0.00390781
203 0.00390784
204 0.00390783
205 0.00390798
206 0.00390797
207 0.00390804
208 0.00390807
209 0.00390811
210 0.00390817
211 0.00390821
212 0.00390827
213 0.00390829
214 0.00390837
215 0.00390838
216 0.00390845
217 0.0039085
218 0.00390856
219 0.00390861
220 0.00390866
221 0.0039087
222 0.00390875
223 0.0039088
224 0.00390886
225 0.0039089
226 0.00390892
227 0.00390899
228 0.00390908
229 0.00390912
230 0.00390917
231 0.0039092
232 0.00390928
233 0.00390931
234 0.00390937
235 0.00390943
236 0.00390948
237 0.00390955
238 0.00390959
239 0.00390966
240 0.00390972
241 0.00390977
242 0.00390982
243 0.00390988
244 0.00390996
245 0.00391
246 0.00391007
247 0.00391011
248 0.00391018
249 0.00391025
250 0.00391029
251 0.00391034
252 0.00391043
253 0.00391049
254 0.00391055
255 0.00391061
