0 0.00391658
1 0.00390434
2 0.00390438
3 0.00390434
4 0.00390452
5 0.00390442
6 0.00390446
7 0.00390446
8 0.00390448
9 0.00390449
10 0.0039045
11 0.00390453
12 0.00390457
13 0.00390456
14 0.00390457
15 0.00390459
16 0.00390461
17 0.00390462
18 0.00390463
19 0.00390465
20 0.00390469
21 0.00390469
22 0.00390472
23 0.00390473
24 0.00390472
25 0.00390473
26 0.00390478
27 0.00390481
28 0.00390479
29 0.00390481
30 0.00390491
31 0.00390482
32 0.00390494
33 0.00390489
34 0.00390489
35 0.00390493
36 0.00390492
37 0.00390496
38 0.00390495
39 0.003905
40 0.003905
41 0.00390501
42 0.00390502
43 0.00390505
44 0.00390507
45 0.00390506
46 0.00390518
47 0.00390511
48 0.00390515
49 0.00390515
50 0.00390518
51 0.00390519
52 0.00390519
53 0.0039052
54 0.00390522
55 0.00390524
56 0.00390524
57 0.00390527
58 0.00390528
59 0.0039053
60 0.0039053
61 0.00390531
62 0.00390534
63 0.00390534
64 0.00390546
65 0.00390537
66 0.00390539
67 0.00390539
68 0.00390541
69 0.00390544
70 0.00390544
71 0.00390547
72 0.00390546
73 0.00390548
74 0.0039055
75 0.00390552
76 0.00390553
77 0.00390552
78 0.00390555
79 0.00390559
80 0.00390561
81 0.00390562
82 0.00390564
83 0.00390563
84 0.00390564
85 0.00390567
86 0.00390568
87 0.0039057
88 0.00390572
89 0.00390573
90 0.00390573
91 0.00390573
92 0.00390577
93 0.00390581
94 0.00390546
95 0.0039127
96 0.00390466
97 0.00390452
98 0.00390451
99 0.00390453
100 0.00390456
101 0.00390457
102 0.00390458
103 0.0039046
104 0.00390462
105 0.00390467
106 0.00390466
107 0.00390467
108 0.00390472
109 0.00390476
110 0.00390477
111 0.00390481
112 0.00390481
113 0.00390485
114 0.00390484
115 0.00390487
116 0.0039049
117 0.00390492
118 0.00390493
119 0.00390499
120 0.00390497
121 0.00390502
122 0.00390504
123 0.00390508
124 0.00390509
125 0.0039051
126 0.00390512
127 0.00390517
128 0.00390536
129 0.00390522
130 0.00390524
131 0.00390522
132 0.00390528
133 0.00390531
134 0.00390531
135 0.00390537
136 0.00390538
137 0.0039054
138 0.00390544
139 0.00390546
140 0.00390551
141 0.00390552
142 0.00390557
143 0.00390556
144 0.00390561
145 0.00390562
146 0.00390565
147 0.00390568
148 0.0039057
149 0.00390575
150 0.00390576
151 0.00390579
152 0.00390579
153 0.00390585
154 0.00390587
155 0.00390589
156 0.00390592
157 0.00390596
158 0.00390601
159 0.00390602
160 0.00390607
161 0.00390611
162 0.00390613
163 0.00390615
164 0.00390621
165 0.00390626
166 0.00390627
167 0.00390631
168 0.00390635
169 0.00390636
170 0.0039064
171 0.00390644
172 0.00390647
173 0.00390654
174 0.00390653
175 0.00390656
176 0.00390662
177 0.00390666
178 0.00390668
179 0.0039067
180 0.00390675
181 0.00390677
182 0.0039068
183 0.00390687
184 0.00390687
185 0.0039069
186 0.00390695
187 0.00390698
188 0.00390702
189 0.00390706
190 0.00390708
191 0.00390715
192 0.0039072
193 0.00390721
194 0.00390724
195 0.00390729
196 0.0039073
197 0.00390737
198 0.00390741
199 0.00390747
200 0.00390749
201 0.00390752
202 0.00390755
203 0.0039076
204 0.00390765
205 0.00390768
206 0.00390774
207 0.00390778
208 0.00390783
209 0.00390784
210 0.00390788
211 0.00390794
212 0.003908
213 0.00390801
214 0.00390808
215 0.00390813
216 0.00390814
217 0.00390821
218 0.00390824
219 0.0039083
220 0.00390831
221 0.00390839
222 0.00390846
223 0.00390845
224 0.00390857
225 0.00390859
226 0.00390861
227 0.00390871
228 0.0039087
229 0.00390877
230 0.00390883
231 0.00390887
232 0.00390891
233 0.00390897
234 0.00390896
235 0.00390904
236 0.00390909
237 0.00390914
238 0.00390921
239 0.00390927
240 0.00390932
241 0.00390935
242 0.0039094
243 0.00390945
244 0.00390955
245 0.00390958
246 0.00390963
247 0.00390968
248 0.00390974
249 0.00390978
250 0.00390985
251 0.00390989
252 0.00390994
253 0.00391002
254 0.00391006
255 0.00391017
