0 0.00391035
1 0.00390548
2 0.00390543
3 0.00390543
4 0.00390547
5 0.00390548
6 0.00390548
7 0.00390548
8 0.00390548
9 0.0039055
10 0.0039055
11 0.00390551
12 0.00390552
13 0.00390553
14 0.00390551
15 0.00390553
16 0.00390556
17 0.00390557
18 0.00390556
19 0.00390557
20 0.00390557
21 0.00390559
22 0.00390558
23 0.0039056
24 0.00390561
25 0.00390562
26 0.00390563
27 0.00390562
28 0.00390565
29 0.00390566
30 0.00390567
31 0.00390567
32 0.00390568
33 0.00390568
34 0.00390569
35 0.0039057
36 0.00390569
37 0.0039057
38 0.00390571
39 0.00390572
40 0.00390572
41 0.00390575
42 0.00390575
43 0.00390574
44 0.00390578
45 0.00390578
46 0.00390576
47 0.00390578
48 0.0039058
49 0.00390579
50 0.00390581
51 0.00390582
52 0.00390581
53 0.00390583
54 0.00390582
55 0.00390585
56 0.00390583
57 0.00390584
58 0.00390584
59 0.00390586
60 0.00390587
61 0.00390589
62 0.00390588
63 0.00390589
64 0.0039059
65 0.0039059
66 0.00390592
67 0.00390593
68 0.00390591
69 0.00390592
70 0.00390592
71 0.00390595
72 0.00390595
73 0.00390594
74 0.00390596
75 0.00390596
76 0.00390597
77 0.003906
78 0.00390599
79 0.00390601
80 0.003906
81 0.00390601
82 0.00390602
83 0.00390602
84 0.00390603
85 0.00390604
86 0.00390605
87 0.00390603
88 0.00390605
89 0.00390607
90 0.00390607
91 0.00390608
92 0.00390608
93 0.00390609
94 0.00390609
95 0.00390612
96 0.00390611
97 0.00390611
98 0.00390611
99 0.00390613
100 0.00390612
101 0.00390614
102 0.00390615
103 0.00390616
104 0.00390618
105 0.00390616
106 0.00390619
107 0.00390616
108 0.00390621
109 0.00390619
110 0.00390619
111 0.00390621
112 0.00390619
113 0.00390621
114 0.00390621
115 0.00390623
116 0.00390624
117 0.00390622
118 0.00390627
119 0.00390623
120 0.00390623
121 0.00390626
122 0.00390626
123 0.00390626
124 0.00390627
125 0.00390627
126 0.00390627
127 0.00390629
128 0.00390629
129 0.0039063
130 0.0039063
131 0.00390631
132 0.00390631
133 0.00390632
134 0.00390631
135 0.00390632
136 0.00390633
137 0.00390634
138 0.00390631
139 0.00390634
140 0.00390635
141 0.00390636
142 0.00390636
143 0.00390635
144 0.00390639
145 0.00390637
146 0.00390636
147 0.00390635
148 0.00390636
149 0.00390638
150 0.00390638
151 0.00390637
152 0.00390638
153 0.00390638
154 0.0039064
155 0.00390639
156 0.00390641
157 0.00390639
158 0.0039064
159 0.00390641
160 0.0039064
161 0.00390642
162 0.00390642
163 0.00390641
164 0.00390641
165 0.00390645
166 0.00390643
167 0.00390643
168 0.00390643
169 0.00390644
170 0.00390644
171 0.00390643
172 0.00390642
173 0.00390642
174 0.00390641
175 0.00390644
176 0.00390643
177 0.00390642
178 0.00390644
179 0.00390644
180 0.00390644
181 0.00390644
182 0.00390643
183 0.00390642
184 0.00390643
185 0.00390643
186 0.00390644
187 0.00390645
188 0.00390644
189 0.00390644
190 0.00390645
191 0.00390644
192 0.00390644
193 0.00390642
194 0.0039064
195 0.00390642
196 0.00390641
197 0.00390642
198 0.0039064
199 0.00390642
200 0.00390642
201 0.00390641
202 0.00390642
203 0.00390641
204 0.00390641
205 0.0039064
206 0.00390642
207 0.00390638
208 0.00390641
209 0.00390638
210 0.00390638
211 0.00390637
212 0.00390638
213 0.00390638
214 0.00390636
215 0.00390636
216 0.00390635
217 0.00390634
218 0.00390635
219 0.00390633
220 0.00390633
221 0.00390631
222 0.00390633
223 0.00390632
224 0.00390632
225 0.00390631
226 0.0039063
227 0.0039063
228 0.00390629
229 0.00390628
230 0.00390627
231 0.00390625
232 0.00390623
233 0.00390628
234 0.00390612
235 0.00390664
236 0.00390744
237 0.00390749
238 0.0039075
239 0.00390751
240 0.00390755
241 0.00390756
242 0.00390756
243 0.00390761
244 0.00390762
245 0.00390763
246 0.00390766
247 0.00390769
248 0.00390771
249 0.00390774
250 0.00390776
251 0.00390777
252 0.00390781
253 0.00390785
254 0.00390787
255 0.00390789
