0 0.00391092
1 0.00390524
2 0.00390521
3 0.00390521
4 0.00390525
5 0.00390523
6 0.00390525
7 0.00390526
8 0.00390527
9 0.00390529
10 0.00390528
11 0.00390531
12 0.00390528
13 0.00390532
14 0.00390529
15 0.00390532
16 0.00390531
17 0.00390536
18 0.00390533
19 0.00390534
20 0.00390534
21 0.00390538
22 0.00390539
23 0.00390538
24 0.00390539
25 0.00390538
26 0.00390541
27 0.0039054
28 0.00390541
29 0.00390544
30 0.00390544
31 0.00390545
32 0.00390547
33 0.00390547
34 0.00390547
35 0.0039055
36 0.0039055
37 0.00390548
38 0.00390552
39 0.00390551
40 0.00390553
41 0.00390555
42 0.00390553
43 0.00390552
44 0.00390556
45 0.00390557
46 0.00390556
47 0.00390559
48 0.00390561
49 0.00390562
50 0.00390562
51 0.00390564
52 0.00390562
53 0.00390566
54 0.00390566
55 0.00390566
56 0.00390567
57 0.0039057
58 0.00390569
59 0.0039057
60 0.0039057
61 0.00390569
62 0.00390571
63 0.00390573
64 0.00390574
65 0.00390573
66 0.00390575
67 0.00390575
68 0.00390576
69 0.00390578
70 0.00390578
71 0.00390581
72 0.00390579
73 0.0039058
74 0.00390581
75 0.00390581
76 0.00390583
77 0.00390584
78 0.00390585
79 0.00390587
80 0.00390586
81 0.00390588
82 0.00390589
83 0.00390586
84 0.0039059
85 0.0039059
86 0.00390591
87 0.00390592
88 0.00390592
89 0.00390593
90 0.00390594
91 0.00390594
92 0.00390597
93 0.00390596
94 0.00390597
95 0.00390595
96 0.003906
97 0.00390601
98 0.00390601
99 0.00390601
100 0.00390601
101 0.00390603
102 0.00390603
103 0.00390604
104 0.00390604
105 0.00390606
106 0.00390609
107 0.00390606
108 0.00390606
109 0.00390605
110 0.00390607
111 0.00390609
112 0.0039061
113 0.00390609
114 0.00390611
115 0.0039061
116 0.00390613
117 0.00390616
118 0.00390615
119 0.00390613
120 0.00390614
121 0.00390616
122 0.00390616
123 0.00390616
124 0.00390617
125 0.0039062
126 0.00390621
127 0.00390619
128 0.0039062
129 0.0039062
130 0.00390618
131 0.00390622
132 0.00390624
133 0.00390621
134 0.00390624
135 0.00390624
136 0.00390623
137 0.00390626
138 0.00390624
139 0.00390625
140 0.00390626
141 0.00390626
142 0.00390625
143 0.00390626
144 0.00390628
145 0.00390628
146 0.00390628
147 0.00390626
148 0.00390629
149 0.00390629
150 0.00390628
151 0.00390628
152 0.00390629
153 0.0039063
154 0.00390632
155 0.00390629
156 0.00390631
157 0.00390632
158 0.00390631
159 0.00390631
160 0.00390634
161 0.00390631
162 0.00390631
163 0.00390633
164 0.00390634
165 0.00390632
166 0.00390633
167 0.00390633
168 0.00390634
169 0.00390635
170 0.00390634
171 0.00390634
172 0.00390636
173 0.00390635
174 0.00390636
175 0.00390635
176 0.00390634
177 0.00390635
178 0.00390637
179 0.00390634
180 0.00390635
181 0.00390637
182 0.00390634
183 0.00390635
184 0.00390634
185 0.00390635
186 0.00390632
187 0.00390637
188 0.00390634
189 0.00390634
190 0.00390635
191 0.00390633
192 0.00390635
193 0.00390632
194 0.00390633
195 0.00390634
196 0.00390633
197 0.00390632
198 0.00390633
199 0.00390633
200 0.00390634
201 0.00390632
202 0.00390632
203 0.0039063
204 0.00390632
205 0.00390631
206 0.00390628
207 0.00390632
208 0.0039063
209 0.00390631
210 0.00390613
211 0.00390697
212 0.00390703
213 0.00390708
214 0.00390705
215 0.00390712
216 0.00390712
217 0.00390714
218 0.00390718
219 0.0039072
220 0.00390719
221 0.00390726
222 0.00390726
223 0.00390728
224 0.0039073
225 0.00390732
226 0.00390735
227 0.00390737
228 0.00390738
229 0.0039074
230 0.00390746
231 0.00390746
232 0.00390749
233 0.00390753
234 0.00390756
235 0.00390757
236 0.0039076
237 0.00390761
238 0.00390766
239 0.00390768
240 0.0039077
241 0.00390772
242 0.00390775
243 0.00390778
244 0.00390782
245 0.00390783
246 0.00390784
247 0.00390791
248 0.0039079
249 0.00390795
250 0.00390799
251 0.00390803
252 0.00390804
253 0.00390806
254 0.00390809
255 0.00390813
