0 0.00391157
1 0.00390503
2 0.00390501
3 0.00390503
4 0.0039051
5 0.00390503
6 0.00390505
7 0.00390507
8 0.00390508
9 0.00390508
10 0.00390509
11 0.00390509
12 0.00390511
13 0.00390512
14 0.00390514
15 0.00390514
16 0.00390514
17 0.00390516
18 0.00390518
19 0.00390517
20 0.00390518
21 0.00390519
22 0.00390521
23 0.00390523
24 0.00390521
25 0.00390523
26 0.00390525
27 0.00390525
28 0.00390526
29 0.00390526
30 0.00390527
31 0.00390529
32 0.00390528
33 0.00390532
34 0.00390531
35 0.00390532
36 0.00390535
37 0.00390536
38 0.00390537
39 0.00390536
40 0.00390537
41 0.00390538
42 0.0039054
43 0.0039054
44 0.00390541
45 0.00390542
46 0.00390544
47 0.00390544
48 0.00390544
49 0.00390544
50 0.00390547
51 0.00390548
52 0.0039055
53 0.0039055
54 0.00390549
55 0.0039055
56 0.00390552
57 0.00390551
58 0.00390553
59 0.00390553
60 0.00390557
61 0.00390556
62 0.00390557
63 0.0039056
64 0.00390562
65 0.00390561
66 0.00390562
67 0.00390564
68 0.00390564
69 0.00390566
70 0.00390566
71 0.00390567
72 0.00390569
73 0.00390569
74 0.0039057
75 0.00390572
76 0.00390573
77 0.00390573
78 0.00390574
79 0.00390577
80 0.00390577
81 0.00390578
82 0.00390579
83 0.0039058
84 0.00390579
85 0.0039058
86 0.00390582
87 0.00390582
88 0.00390582
89 0.00390584
90 0.00390585
91 0.00390585
92 0.00390586
93 0.00390586
94 0.00390589
95 0.00390584
96 0.00390591
97 0.0039059
98 0.00390591
99 0.00390591
100 0.00390591
101 0.00390593
102 0.00390594
103 0.00390594
104 0.00390597
105 0.00390596
106 0.00390597
107 0.00390598
108 0.003906
109 0.00390601
110 0.00390601
111 0.003906
112 0.00390603
113 0.00390603
114 0.00390603
115 0.00390607
116 0.00390606
117 0.00390605
118 0.00390608
119 0.00390607
120 0.00390607
121 0.00390608
122 0.0039061
123 0.0039061
124 0.0039061
125 0.00390611
126 0.00390612
127 0.00390614
128 0.00390615
129 0.00390611
130 0.00390614
131 0.00390614
132 0.00390614
133 0.00390617
134 0.00390614
135 0.00390615
136 0.00390616
137 0.00390617
138 0.00390617
139 0.00390618
140 0.00390619
141 0.00390622
142 0.00390619
143 0.00390622
144 0.00390621
145 0.00390622
146 0.00390623
147 0.00390623
148 0.00390623
149 0.00390623
150 0.00390622
151 0.00390622
152 0.00390623
153 0.00390625
154 0.00390624
155 0.00390626
156 0.00390626
157 0.00390625
158 0.00390627
159 0.00390625
160 0.00390626
161 0.00390626
162 0.00390627
163 0.00390627
164 0.00390627
165 0.00390627
166 0.00390629
167 0.00390628
168 0.00390627
169 0.00390628
170 0.00390626
171 0.00390627
172 0.00390627
173 0.00390628
174 0.00390629
175 0.00390629
176 0.0039063
177 0.00390629
178 0.00390629
179 0.00390628
180 0.00390628
181 0.0039063
182 0.00390629
183 0.00390628
184 0.00390629
185 0.0039063
186 0.00390628
187 0.00390628
188 0.00390632
189 0.00390613
190 0.00390741
191 0.00390663
192 0.00390669
193 0.00390668
194 0.0039067
195 0.00390672
196 0.00390675
197 0.00390675
198 0.0039068
199 0.00390682
200 0.00390683
201 0.00390686
202 0.00390689
203 0.00390691
204 0.00390693
205 0.00390694
206 0.00390697
207 0.003907
208 0.00390703
209 0.00390705
210 0.0039071
211 0.0039071
212 0.00390711
213 0.00390714
214 0.00390717
215 0.00390719
216 0.00390722
217 0.00390725
218 0.00390726
219 0.00390728
220 0.00390734
221 0.00390735
222 0.00390737
223 0.0039074
224 0.00390742
225 0.00390745
226 0.0039075
227 0.00390751
228 0.00390755
229 0.00390757
230 0.00390761
231 0.00390763
232 0.00390766
233 0.00390769
234 0.00390773
235 0.00390776
236 0.00390778
237 0.0039078
238 0.00390784
239 0.00390788
240 0.00390791
241 0.00390793
242 0.00390799
243 0.003908
244 0.00390805
245 0.00390807
246 0.0039081
247 0.00390812
248 0.00390816
249 0.00390818
250 0.00390826
251 0.00390827
252 0.00390828
253 0.00390832
254 0.00390835
255 0.0039084
