0 0.00391229
1 0.00390484
2 0.00390486
3 0.00390483
4 0.00390494
5 0.00390488
6 0.00390488
7 0.00390489
8 0.0039049
9 0.0039049
10 0.00390492
11 0.00390494
12 0.00390495
13 0.00390496
14 0.00390498
15 0.00390498
16 0.003905
17 0.003905
18 0.00390502
19 0.00390502
20 0.00390505
21 0.00390504
22 0.00390505
23 0.00390505
24 0.00390508
25 0.00390509
26 0.0039051
27 0.00390512
28 0.00390512
29 0.00390513
30 0.00390513
31 0.00390515
32 0.00390519
33 0.00390517
34 0.00390518
35 0.00390517
36 0.0039052
37 0.00390521
38 0.00390524
39 0.00390524
40 0.00390524
41 0.00390527
42 0.00390527
43 0.00390527
44 0.00390529
45 0.0039053
46 0.00390529
47 0.00390533
48 0.00390534
49 0.00390535
50 0.00390535
51 0.00390536
52 0.00390535
53 0.00390538
54 0.00390541
55 0.00390541
56 0.00390542
57 0.00390542
58 0.00390545
59 0.00390545
60 0.00390546
61 0.00390547
62 0.00390548
63 0.0039055
64 0.0039055
65 0.00390551
66 0.00390553
67 0.00390553
68 0.00390554
69 0.00390554
70 0.00390555
71 0.00390556
72 0.00390557
73 0.00390558
74 0.0039056
75 0.00390562
76 0.00390564
77 0.00390562
78 0.00390563
79 0.00390565
80 0.00390568
81 0.00390567
82 0.00390568
83 0.00390569
84 0.0039057
85 0.00390563
86 0.00390571
87 0.00390571
88 0.00390575
89 0.00390577
90 0.00390576
91 0.00390578
92 0.00390579
93 0.00390581
94 0.00390581
95 0.00390582
96 0.00390583
97 0.00390584
98 0.00390586
99 0.00390587
100 0.00390585
101 0.00390588
102 0.00390587
103 0.00390589
104 0.00390591
105 0.00390591
106 0.00390592
107 0.00390594
108 0.00390592
109 0.00390595
110 0.00390596
111 0.00390596
112 0.00390598
113 0.00390599
114 0.00390598
115 0.00390599
116 0.00390599
117 0.00390598
118 0.00390601
119 0.00390602
120 0.00390603
121 0.00390602
122 0.00390604
123 0.00390604
124 0.00390605
125 0.00390607
126 0.00390606
127 0.00390608
128 0.00390611
129 0.0039061
130 0.00390607
131 0.00390609
132 0.00390613
133 0.00390612
134 0.0039061
135 0.00390612
136 0.00390614
137 0.00390614
138 0.00390612
139 0.00390613
140 0.00390615
141 0.00390614
142 0.00390617
143 0.00390617
144 0.00390617
145 0.00390617
146 0.0039062
147 0.00390619
148 0.00390618
149 0.00390619
150 0.00390618
151 0.0039062
152 0.0039062
153 0.0039062
154 0.00390621
155 0.00390622
156 0.00390623
157 0.00390623
158 0.00390621
159 0.00390621
160 0.00390622
161 0.00390623
162 0.00390625
163 0.00390624
164 0.00390625
165 0.00390625
166 0.00390623
167 0.00390624
168 0.00390629
169 0.00390604
170 0.00390799
171 0.00390621
172 0.00390625
173 0.00390626
174 0.0039063
175 0.00390631
176 0.00390633
177 0.00390635
178 0.00390637
179 0.00390641
180 0.00390642
181 0.00390646
182 0.00390647
183 0.00390649
184 0.00390653
185 0.00390655
186 0.00390655
187 0.00390659
188 0.00390661
189 0.00390664
190 0.00390667
191 0.00390669
192 0.00390671
193 0.00390673
194 0.00390678
195 0.00390679
196 0.00390681
197 0.00390683
198 0.00390687
199 0.00390688
200 0.00390691
201 0.00390693
202 0.00390696
203 0.00390699
204 0.00390701
205 0.00390705
206 0.00390706
207 0.00390711
208 0.00390713
209 0.00390717
210 0.00390719
211 0.0039072
212 0.00390726
213 0.00390723
214 0.00390731
215 0.00390733
216 0.00390736
217 0.00390738
218 0.00390741
219 0.00390746
220 0.00390748
221 0.00390749
222 0.00390754
223 0.00390757
224 0.0039076
225 0.00390765
226 0.00390765
227 0.00390768
228 0.00390773
229 0.00390777
230 0.00390779
231 0.00390782
232 0.00390786
233 0.00390788
234 0.00390791
235 0.00390798
236 0.00390801
237 0.00390802
238 0.00390806
239 0.0039081
240 0.00390814
241 0.00390818
242 0.00390818
243 0.00390824
244 0.00390827
245 0.00390832
246 0.00390836
247 0.00390839
248 0.00390841
249 0.00390847
250 0.00390849
251 0.00390853
252 0.00390857
253 0.00390861
254 0.00390865
255 0.0039087
