0 0.00391053
1 0.00390538
2 0.00390538
3 0.00390539
4 0.0039054
5 0.00390538
6 0.00390541
7 0.0039054
8 0.00390543
9 0.00390544
10 0.00390541
11 0.00390544
12 0.00390544
13 0.00390544
14 0.00390546
15 0.00390547
16 0.00390548
17 0.00390547
18 0.00390546
19 0.00390549
20 0.0039055
21 0.0039055
22 0.00390549
23 0.00390553
24 0.00390553
25 0.00390554
26 0.00390555
27 0.00390556
28 0.00390556
29 0.00390558
30 0.00390558
31 0.00390559
32 0.00390561
33 0.00390561
34 0.00390562
35 0.00390563
36 0.00390561
37 0.00390565
38 0.00390566
39 0.00390566
40 0.00390567
41 0.00390567
42 0.00390567
43 0.0039057
44 0.00390569
45 0.0039057
46 0.00390571
47 0.0039057
48 0.00390574
49 0.00390573
50 0.00390576
51 0.00390575
52 0.00390574
53 0.00390576
54 0.00390576
55 0.00390579
56 0.00390579
57 0.00390579
58 0.0039058
59 0.00390581
60 0.00390582
61 0.00390583
62 0.00390583
63 0.00390584
64 0.00390586
65 0.00390584
66 0.00390586
67 0.00390585
68 0.00390585
69 0.00390587
70 0.00390587
71 0.00390591
72 0.00390591
73 0.00390591
74 0.00390591
75 0.00390592
76 0.00390593
77 0.00390595
78 0.00390594
79 0.00390595
80 0.00390596
81 0.00390596
82 0.00390596
83 0.00390595
84 0.00390601
85 0.00390597
86 0.003906
87 0.003906
88 0.00390602
89 0.00390604
90 0.00390602
91 0.00390603
92 0.00390605
93 0.00390604
94 0.00390607
95 0.00390606
96 0.00390606
97 0.00390606
98 0.00390607
99 0.00390609
100 0.00390609
101 0.00390609
102 0.00390611
103 0.00390613
104 0.00390609
105 0.00390612
106 0.00390613
107 0.00390614
108 0.00390613
109 0.00390614
110 0.00390618
111 0.00390617
112 0.00390617
113 0.00390618
114 0.00390621
115 0.00390618
116 0.0039062
117 0.00390621
118 0.00390619
119 0.0039062
120 0.00390621
121 0.00390621
122 0.00390621
123 0.00390625
124 0.00390623
125 0.00390622
126 0.00390623
127 0.00390624
128 0.00390626
129 0.00390625
130 0.00390626
131 0.00390626
132 0.00390628
133 0.00390626
134 0.0039063
135 0.00390629
136 0.00390629
137 0.00390628
138 0.0039063
139 0.00390631
140 0.0039063
141 0.00390633
142 0.00390633
143 0.00390632
144 0.00390633
145 0.00390635
146 0.00390636
147 0.00390635
148 0.00390634
149 0.00390634
150 0.00390635
151 0.00390636
152 0.00390634
153 0.00390635
154 0.00390636
155 0.00390637
156 0.00390634
157 0.00390638
158 0.00390636
159 0.00390634
160 0.00390638
161 0.00390637
162 0.00390638
163 0.00390638
164 0.00390637
165 0.00390639
166 0.00390641
167 0.00390639
168 0.00390639
169 0.0039064
170 0.00390638
171 0.00390638
172 0.0039064
173 0.00390639
174 0.00390641
175 0.0039064
176 0.00390641
177 0.00390639
178 0.00390641
179 0.00390639
180 0.00390642
181 0.00390641
182 0.00390639
183 0.00390642
184 0.0039064
185 0.00390642
186 0.0039064
187 0.00390641
188 0.00390641
189 0.00390639
190 0.0039064
191 0.0039064
192 0.00390639
193 0.00390641
194 0.00390641
195 0.00390639
196 0.0039064
197 0.00390638
198 0.00390638
199 0.0039064
200 0.00390637
201 0.00390638
202 0.00390636
203 0.00390634
204 0.00390636
205 0.00390634
206 0.00390637
207 0.00390636
208 0.00390635
209 0.00390635
210 0.00390635
211 0.00390635
212 0.00390633
213 0.00390632
214 0.00390632
215 0.00390632
216 0.00390633
217 0.0039063
218 0.0039063
219 0.00390629
220 0.0039063
221 0.00390629
222 0.00390631
223 0.00390628
224 0.00390628
225 0.00390627
226 0.00390612
227 0.00390673
228 0.00390732
229 0.00390736
230 0.00390735
231 0.00390738
232 0.00390741
233 0.00390742
234 0.00390745
235 0.00390748
236 0.00390748
237 0.00390752
238 0.00390754
239 0.00390756
240 0.00390759
241 0.0039076
242 0.00390763
243 0.00390766
244 0.00390769
245 0.00390768
246 0.00390772
247 0.00390777
248 0.00390779
249 0.00390781
250 0.00390783
251 0.00390785
252 0.00390789
253 0.00390792
254 0.00390792
255 0.00390797
