0 0.00391219
1 0.00390487
2 0.00390487
3 0.00390487
4 0.00390495
5 0.00390489
6 0.00390491
7 0.00390492
8 0.00390493
9 0.00390494
10 0.00390495
11 0.00390496
12 0.00390499
13 0.00390499
14 0.00390497
15 0.00390502
16 0.00390503
17 0.00390501
18 0.00390503
19 0.00390504
20 0.00390506
21 0.00390505
22 0.00390507
23 0.00390509
24 0.00390509
25 0.0039051
26 0.00390511
27 0.00390514
28 0.00390514
29 0.00390515
30 0.00390518
31 0.00390516
32 0.00390518
33 0.00390519
34 0.00390521
35 0.0039052
36 0.00390522
37 0.00390525
38 0.00390524
39 0.00390524
40 0.00390528
41 0.00390528
42 0.0039053
43 0.00390529
44 0.00390532
45 0.00390531
46 0.00390532
47 0.00390535
48 0.00390539
49 0.00390537
50 0.00390536
51 0.00390537
52 0.0039054
53 0.0039054
54 0.00390541
55 0.00390543
56 0.00390544
57 0.00390544
58 0.00390546
59 0.00390547
60 0.00390549
61 0.00390547
62 0.00390549
63 0.0039055
64 0.00390551
65 0.00390552
66 0.00390552
67 0.00390556
68 0.00390555
69 0.00390554
70 0.00390559
71 0.00390561
72 0.00390558
73 0.00390559
74 0.00390562
75 0.0039056
76 0.00390561
77 0.00390565
78 0.00390566
79 0.00390567
80 0.00390567
81 0.00390569
82 0.00390569
83 0.00390569
84 0.00390569
85 0.00390571
86 0.00390576
87 0.0039058
88 0.00390576
89 0.00390574
90 0.00390579
91 0.00390579
92 0.00390579
93 0.00390582
94 0.00390583
95 0.00390583
96 0.00390586
97 0.00390586
98 0.00390584
99 0.00390588
100 0.00390586
101 0.00390588
102 0.00390589
103 0.0039059
104 0.0039059
105 0.00390591
106 0.00390593
107 0.00390594
108 0.00390595
109 0.00390594
110 0.00390599
111 0.00390595
112 0.00390597
113 0.00390596
114 0.00390598
115 0.00390603
116 0.003906
117 0.00390602
118 0.00390602
119 0.00390603
120 0.00390603
121 0.00390604
122 0.00390604
123 0.00390606
124 0.00390606
125 0.00390607
126 0.00390608
127 0.00390609
128 0.00390613
129 0.0039061
130 0.0039061
131 0.00390611
132 0.0039061
133 0.00390613
134 0.00390613
135 0.00390612
136 0.00390615
137 0.00390613
138 0.00390615
139 0.00390615
140 0.00390616
141 0.00390616
142 0.00390615
143 0.00390617
144 0.00390621
145 0.00390619
146 0.00390618
147 0.00390621
148 0.0039062
149 0.0039062
150 0.00390621
151 0.00390623
152 0.0039062
153 0.00390623
154 0.00390622
155 0.00390624
156 0.00390623
157 0.00390624
158 0.00390624
159 0.00390623
160 0.00390625
161 0.00390625
162 0.00390625
163 0.00390625
164 0.00390625
165 0.00390626
166 0.00390626
167 0.00390626
168 0.00390628
169 0.00390626
170 0.00390628
171 0.00390628
172 0.00390608
173 0.00390789
174 0.00390627
175 0.00390632
176 0.00390632
177 0.00390633
178 0.00390637
179 0.00390639
180 0.00390641
181 0.00390645
182 0.00390643
183 0.00390648
184 0.0039065
185 0.00390654
186 0.00390656
187 0.00390658
188 0.00390658
189 0.00390661
190 0.00390664
191 0.00390667
192 0.00390669
193 0.00390673
194 0.00390675
195 0.00390676
196 0.00390681
197 0.00390681
198 0.00390685
199 0.00390688
200 0.00390691
201 0.00390691
202 0.00390695
203 0.00390699
204 0.00390699
205 0.00390703
206 0.00390705
207 0.00390707
208 0.0039071
209 0.00390714
210 0.00390716
211 0.00390721
212 0.00390721
213 0.00390727
214 0.00390726
215 0.00390733
216 0.00390733
217 0.00390737
218 0.00390739
219 0.00390741
220 0.00390746
221 0.00390748
222 0.00390751
223 0.00390752
224 0.00390756
225 0.00390761
226 0.00390763
227 0.00390766
228 0.00390768
229 0.00390771
230 0.00390774
231 0.00390779
232 0.00390782
233 0.00390784
234 0.00390788
235 0.0039079
236 0.00390796
237 0.00390798
238 0.00390803
239 0.00390803
240 0.0039081
241 0.00390812
242 0.00390817
243 0.00390817
244 0.0039082
245 0.00390825
246 0.00390829
247 0.00390832
248 0.00390835
249 0.00390842
250 0.00390843
251 0.00390847
252 0.00390851
253 0.00390853
254 0.00390857
255 0.00390862
