0 0.00391354
1 0.00390462
2 0.00390466
3 0.00390463
4 0.00390472
5 0.00390468
6 0.00390468
7 0.00390471
8 0.00390471
9 0.00390471
10 0.00390475
11 0.00390476
12 0.00390476
13 0.00390478
14 0.00390479
15 0.0039048
16 0.00390483
17 0.00390483
18 0.00390484
19 0.00390485
20 0.00390488
21 0.00390488
22 0.00390487
23 0.00390489
24 0.00390492
25 0.00390492
26 0.00390494
27 0.00390496
28 0.00390496
29 0.00390499
30 0.00390498
31 0.003905
32 0.00390502
33 0.00390501
34 0.00390504
35 0.00390507
36 0.00390507
37 0.00390507
38 0.00390509
39 0.0039051
40 0.00390511
41 0.00390512
42 0.00390516
43 0.00390516
44 0.00390516
45 0.00390518
46 0.00390521
47 0.0039052
48 0.00390521
49 0.00390522
50 0.00390525
51 0.00390524
52 0.00390527
53 0.00390527
54 0.0039053
55 0.00390531
56 0.0039053
57 0.00390532
58 0.00390533
59 0.00390533
60 0.00390535
61 0.00390538
62 0.00390538
63 0.00390538
64 0.00390545
65 0.00390541
66 0.00390542
67 0.00390543
68 0.00390544
69 0.00390546
70 0.00390548
71 0.00390549
72 0.00390554
73 0.0039055
74 0.00390552
75 0.00390554
76 0.00390553
77 0.00390553
78 0.00390555
79 0.00390557
80 0.00390562
81 0.0039056
82 0.00390559
83 0.00390562
84 0.00390561
85 0.00390564
86 0.00390565
87 0.00390566
88 0.00390566
89 0.00390568
90 0.00390569
91 0.0039057
92 0.00390572
93 0.00390572
94 0.00390572
95 0.00390574
96 0.00390576
97 0.00390576
98 0.00390578
99 0.00390578
100 0.00390578
101 0.00390579
102 0.00390582
103 0.00390583
104 0.00390584
105 0.00390584
106 0.00390585
107 0.00390585
108 0.00390585
109 0.0039059
110 0.0039059
111 0.00390591
112 0.00390591
113 0.00390592
114 0.00390592
115 0.00390595
116 0.00390597
117 0.00390596
118 0.00390598
119 0.00390601
120 0.00390603
121 0.00390602
122 0.00390603
123 0.00390603
124 0.00390604
125 0.00390604
126 0.00390606
127 0.00390605
128 0.00390614
129 0.00390609
130 0.00390604
131 0.00390609
132 0.0039061
133 0.00390609
134 0.00390611
135 0.00390613
136 0.00390613
137 0.00390611
138 0.00390614
139 0.00390614
140 0.00390617
141 0.00390619
142 0.00390592
143 0.00390913
144 0.00390566
145 0.00390568
146 0.00390569
147 0.0039057
148 0.00390571
149 0.00390574
150 0.00390577
151 0.00390578
152 0.00390582
153 0.00390585
154 0.00390584
155 0.00390585
156 0.00390589
157 0.00390593
158 0.00390596
159 0.00390596
160 0.00390599
161 0.00390604
162 0.00390605
163 0.00390607
164 0.0039061
165 0.00390612
166 0.00390612
167 0.00390616
168 0.00390618
169 0.00390621
170 0.00390624
171 0.00390626
172 0.00390627
173 0.00390631
174 0.00390633
175 0.00390635
176 0.00390639
177 0.00390643
178 0.00390641
179 0.00390649
180 0.0039065
181 0.00390653
182 0.00390654
183 0.00390657
184 0.0039066
185 0.00390665
186 0.00390664
187 0.00390668
188 0.00390672
189 0.00390676
190 0.00390678
191 0.0039068
192 0.00390685
193 0.00390687
194 0.00390689
195 0.00390693
196 0.00390693
197 0.00390698
198 0.00390702
199 0.003907
200 0.00390707
201 0.0039071
202 0.00390713
203 0.00390715
204 0.0039072
205 0.00390721
206 0.00390725
207 0.00390727
208 0.00390732
209 0.00390736
210 0.00390738
211 0.00390742
212 0.00390744
213 0.00390748
214 0.00390751
215 0.00390755
216 0.00390758
217 0.00390763
218 0.00390765
219 0.00390769
220 0.00390772
221 0.00390776
222 0.00390781
223 0.00390785
224 0.00390787
225 0.00390792
226 0.00390795
227 0.00390797
228 0.00390801
229 0.00390805
230 0.00390808
231 0.00390813
232 0.00390815
233 0.0039082
234 0.00390824
235 0.00390828
236 0.00390833
237 0.00390835
238 0.00390838
239 0.00390844
240 0.00390847
241 0.00390853
242 0.00390856
243 0.0039086
244 0.00390863
245 0.0039087
246 0.00390872
247 0.00390879
248 0.00390881
249 0.00390886
250 0.00390887
251 0.00390894
252 0.00390898
253 0.00390902
254 0.00390908
255 0.00390914
