0 0.00392139
1 0.00390425
2 0.00390426
3 0.00390428
4 0.00390452
5 0.00390435
6 0.0039044
7 0.00390442
8 0.00390449
9 0.00390442
10 0.0039045
11 0.00390456
12 0.00390451
13 0.00390448
14 0.00390457
15 0.00390462
16 0.0039047
17 0.00390462
18 0.00390466
19 0.00390467
20 0.00390469
21 0.00390472
22 0.00390457
23 0.00390476
24 0.00390477
25 0.00390481
26 0.00390481
27 0.00390489
28 0.00390484
29 0.00390481
30 0.00390493
31 0.00390493
32 0.00390522
33 0.00390495
34 0.00390498
35 0.00390504
36 0.00390503
37 0.00390506
38 0.0039051
39 0.00390513
40 0.00390507
41 0.00390515
42 0.00390528
43 0.00390462
44 0.00392012
45 0.00390313
46 0.00390319
47 0.00390314
48 0.00390331
49 0.00390347
50 0.00390326
51 0.00390324
52 0.00390328
53 0.00390332
54 0.00390331
55 0.00390332
56 0.00390336
57 0.00390338
58 0.00390341
59 0.00390346
60 0.00390345
61 0.00390348
62 0.00390354
63 0.00390348
64 0.00390362
65 0.00390353
66 0.00390356
67 0.00390358
68 0.00390359
69 0.00390363
70 0.00390365
71 0.00390367
72 0.0039037
73 0.00390371
74 0.00390372
75 0.00390379
76 0.00390381
77 0.00390381
78 0.00390384
79 0.00390389
80 0.00390393
81 0.00390391
82 0.00390393
83 0.00390396
84 0.00390395
85 0.00390399
86 0.00390398
87 0.00390405
88 0.00390405
89 0.0039041
90 0.0039041
91 0.00390415
92 0.00390417
93 0.00390418
94 0.00390422
95 0.00390424
96 0.00390432
97 0.00390469
98 0.00390434
99 0.00390434
100 0.00390438
101 0.0039044
102 0.00390446
103 0.00390444
104 0.00390449
105 0.00390453
106 0.00390457
107 0.00390458
108 0.00390463
109 0.00390467
110 0.0039047
111 0.0039047
112 0.0039048
113 0.00390475
114 0.00390482
115 0.00390481
116 0.00390483
117 0.00390487
118 0.00390493
119 0.00390492
120 0.003905
121 0.00390499
122 0.00390507
123 0.00390508
124 0.00390509
125 0.00390511
126 0.0039052
127 0.0039052
128 0.00390555
129 0.00390526
130 0.00390531
131 0.00390532
132 0.00390537
133 0.00390536
134 0.00390543
135 0.00390542
136 0.00390549
137 0.0039055
138 0.00390557
139 0.00390558
140 0.00390563
141 0.00390566
142 0.0039057
143 0.00390571
144 0.00390582
145 0.00390578
146 0.00390585
147 0.00390584
148 0.00390594
149 0.00390593
150 0.00390593
151 0.00390599
152 0.00390607
153 0.00390609
154 0.00390613
155 0.00390616
156 0.00390618
157 0.00390624
158 0.0039063
159 0.0039063
160 0.00390643
161 0.00390637
162 0.00390642
163 0.00390645
164 0.00390652
165 0.0039065
166 0.00390659
167 0.00390661
168 0.00390668
169 0.00390666
170 0.00390682
171 0.00390678
172 0.00390675
173 0.00390686
174 0.00390692
175 0.00390694
176 0.00390703
177 0.00390703
178 0.00390709
179 0.00390711
180 0.00390719
181 0.00390719
182 0.00390726
183 0.00390729
184 0.00390734
185 0.00390739
186 0.00390746
187 0.00390746
188 0.00390752
189 0.00390752
190 0.00390764
191 0.00390765
192 0.00390778
193 0.00390774
194 0.00390783
195 0.00390782
196 0.0039079
197 0.00390794
198 0.003908
199 0.00390805
200 0.00390804
201 0.00390811
202 0.00390821
203 0.00390828
204 0.00390831
205 0.00390834
206 0.00390843
207 0.00390844
208 0.00390855
209 0.00390855
210 0.00390864
211 0.00390867
212 0.00390875
213 0.00390877
214 0.00390884
215 0.0039089
216 0.00390898
217 0.00390904
218 0.00390913
219 0.00390914
220 0.00390924
221 0.00390931
222 0.00390938
223 0.00390943
224 0.00390952
225 0.00390953
226 0.0039096
227 0.00390963
228 0.00390971
229 0.00390976
230 0.00390984
231 0.00390991
232 0.00390999
233 0.00391002
234 0.00391022
235 0.00391022
236 0.0039102
237 0.00391014
238 0.0039104
239 0.00391046
240 0.00391056
241 0.00391058
242 0.00391063
243 0.00391065
244 0.00391077
245 0.0039108
246 0.00391093
247 0.00391096
248 0.00391104
249 0.00391109
250 0.00391123
251 0.0039113
252 0.00391136
253 0.00391128
254 0.00391147
255 0.00391157
