0 0.00391305
1 0.00390469
2 0.00390471
3 0.00390469
4 0.0039048
5 0.00390473
6 0.00390476
7 0.00390478
8 0.00390478
9 0.0039048
10 0.00390481
11 0.00390481
12 0.00390483
13 0.00390484
14 0.00390486
15 0.00390486
16 0.00390489
17 0.00390491
18 0.0039049
19 0.00390492
20 0.00390492
21 0.00390494
22 0.00390494
23 0.00390496
24 0.00390497
25 0.00390497
26 0.00390501
27 0.003905
28 0.00390502
29 0.00390503
30 0.00390506
31 0.00390505
32 0.00390508
33 0.00390509
34 0.00390509
35 0.00390509
36 0.00390512
37 0.00390511
38 0.00390514
39 0.00390515
40 0.00390515
41 0.00390516
42 0.00390518
43 0.0039052
44 0.00390522
45 0.00390522
46 0.00390525
47 0.00390524
48 0.00390526
49 0.00390527
50 0.00390526
51 0.00390527
52 0.00390528
53 0.00390532
54 0.00390532
55 0.00390532
56 0.00390536
57 0.00390536
58 0.00390537
59 0.0039054
60 0.00390537
61 0.00390541
62 0.00390542
63 0.00390542
64 0.00390545
65 0.00390544
66 0.00390546
67 0.00390546
68 0.00390548
69 0.00390549
70 0.0039055
71 0.00390552
72 0.00390553
73 0.00390555
74 0.00390555
75 0.00390557
76 0.00390556
77 0.00390561
78 0.0039056
79 0.0039056
80 0.00390563
81 0.0039056
82 0.00390564
83 0.00390563
84 0.00390564
85 0.00390566
86 0.00390566
87 0.00390567
88 0.0039057
89 0.00390571
90 0.00390573
91 0.00390571
92 0.0039057
93 0.00390574
94 0.00390576
95 0.00390577
96 0.00390575
97 0.00390578
98 0.00390579
99 0.00390581
100 0.00390581
101 0.00390581
102 0.00390583
103 0.00390583
104 0.00390585
105 0.00390589
106 0.00390591
107 0.0039059
108 0.00390592
109 0.00390591
110 0.00390591
111 0.00390593
112 0.00390595
113 0.00390595
114 0.00390597
115 0.00390597
116 0.00390601
117 0.003906
118 0.003906
119 0.003906
120 0.00390601
121 0.00390601
122 0.00390604
123 0.00390604
124 0.00390607
125 0.00390603
126 0.00390605
127 0.00390607
128 0.00390613
129 0.00390606
130 0.00390606
131 0.00390611
132 0.0039061
133 0.00390609
134 0.0039061
135 0.00390611
136 0.00390612
137 0.00390613
138 0.00390613
139 0.00390616
140 0.00390615
141 0.00390616
142 0.00390615
143 0.00390617
144 0.00390618
145 0.00390618
146 0.00390618
147 0.00390618
148 0.00390619
149 0.00390619
150 0.00390619
151 0.00390624
152 0.00390598
153 0.00390864
154 0.00390586
155 0.00390591
156 0.00390589
157 0.00390593
158 0.00390595
159 0.00390596
160 0.00390599
161 0.00390601
162 0.00390605
163 0.00390605
164 0.00390609
165 0.00390609
166 0.0039061
167 0.00390614
168 0.00390618
169 0.0039062
170 0.00390621
171 0.00390622
172 0.00390627
173 0.0039063
174 0.00390631
175 0.00390634
176 0.00390635
177 0.00390637
178 0.00390641
179 0.00390645
180 0.00390647
181 0.00390649
182 0.00390651
183 0.00390653
184 0.00390657
185 0.00390658
186 0.00390661
187 0.00390665
188 0.00390664
189 0.00390668
190 0.00390671
191 0.00390675
192 0.00390678
193 0.00390682
194 0.00390681
195 0.00390685
196 0.00390688
197 0.00390692
198 0.00390695
199 0.00390697
200 0.00390701
201 0.00390703
202 0.00390707
203 0.00390708
204 0.0039071
205 0.00390715
206 0.00390717
207 0.00390719
208 0.00390722
209 0.00390726
210 0.00390728
211 0.00390733
212 0.00390736
213 0.00390738
214 0.00390743
215 0.00390745
216 0.00390747
217 0.0039075
218 0.00390755
219 0.0039076
220 0.00390761
221 0.00390766
222 0.00390769
223 0.00390773
224 0.00390774
225 0.00390778
226 0.00390783
227 0.00390788
228 0.00390789
229 0.00390794
230 0.00390798
231 0.00390799
232 0.00390805
233 0.00390806
234 0.00390811
235 0.00390814
236 0.00390819
237 0.00390823
238 0.00390824
239 0.00390832
240 0.00390834
241 0.00390838
242 0.0039084
243 0.00390844
244 0.00390848
245 0.00390853
246 0.00390857
247 0.00390861
248 0.00390867
249 0.00390869
250 0.00390874
251 0.00390879
252 0.00390883
253 0.00390886
254 0.00390889
255 0.00390895
