0 0.00391002
1 0.00390565
2 0.00390564
3 0.00390566
4 0.00390569
5 0.00390567
6 0.00390567
7 0.00390568
8 0.00390568
9 0.00390572
10 0.0039057
11 0.00390569
12 0.00390572
13 0.00390572
14 0.00390573
15 0.00390572
16 0.00390574
17 0.00390574
18 0.00390573
19 0.00390577
20 0.00390575
21 0.00390577
22 0.00390576
23 0.0039058
24 0.00390576
25 0.00390579
26 0.00390579
27 0.00390581
28 0.0039058
29 0.00390579
30 0.00390583
31 0.00390582
32 0.00390582
33 0.00390584
34 0.00390585
35 0.00390585
36 0.00390585
37 0.00390586
38 0.00390586
39 0.00390588
40 0.00390588
41 0.00390588
42 0.00390589
43 0.0039059
44 0.00390591
45 0.00390589
46 0.00390592
47 0.00390592
48 0.00390591
49 0.00390594
50 0.00390596
51 0.00390594
52 0.00390596
53 0.00390595
54 0.00390597
55 0.00390596
56 0.00390597
57 0.00390599
58 0.00390599
59 0.00390601
60 0.00390601
61 0.00390602
62 0.00390602
63 0.00390602
64 0.00390603
65 0.00390605
66 0.00390604
67 0.00390604
68 0.00390605
69 0.00390605
70 0.00390605
71 0.00390608
72 0.00390609
73 0.00390609
74 0.00390608
75 0.00390609
76 0.0039061
77 0.00390611
78 0.0039061
79 0.00390611
80 0.0039061
81 0.00390612
82 0.00390613
83 0.00390613
84 0.00390612
85 0.00390613
86 0.00390617
87 0.00390617
88 0.00390619
89 0.00390618
90 0.00390616
91 0.00390618
92 0.00390618
93 0.00390621
94 0.00390618
95 0.00390622
96 0.00390621
97 0.00390623
98 0.00390622
99 0.00390625
100 0.00390623
101 0.00390624
102 0.00390627
103 0.00390627
104 0.00390628
105 0.00390626
106 0.00390625
107 0.00390627
108 0.00390629
109 0.00390629
110 0.00390628
111 0.00390631
112 0.0039063
113 0.00390631
114 0.00390631
115 0.00390632
116 0.0039063
117 0.00390632
118 0.00390632
119 0.00390634
120 0.00390632
121 0.00390635
122 0.00390634
123 0.00390635
124 0.00390636
125 0.00390637
126 0.00390636
127 0.00390641
128 0.00390639
129 0.00390638
130 0.00390638
131 0.00390639
132 0.0039064
133 0.0039064
134 0.0039064
135 0.00390641
136 0.00390641
137 0.00390643
138 0.00390641
139 0.00390641
140 0.00390642
141 0.00390644
142 0.00390643
143 0.00390644
144 0.00390644
145 0.00390644
146 0.00390643
147 0.00390645
148 0.00390643
149 0.00390646
150 0.00390646
151 0.00390646
152 0.00390645
153 0.00390649
154 0.00390647
155 0.00390647
156 0.00390649
157 0.00390647
158 0.00390647
159 0.00390647
160 0.00390649
161 0.00390646
162 0.00390647
163 0.0039065
164 0.0039065
165 0.00390649
166 0.0039065
167 0.0039065
168 0.00390649
169 0.0039065
170 0.00390649
171 0.0039065
172 0.0039065
173 0.00390652
174 0.00390649
175 0.00390651
176 0.0039065
177 0.0039065
178 0.00390651
179 0.00390652
180 0.0039065
181 0.00390652
182 0.00390651
183 0.00390652
184 0.00390653
185 0.0039065
186 0.0039065
187 0.00390652
188 0.00390652
189 0.00390653
190 0.00390648
191 0.00390651
192 0.0039065
193 0.00390651
194 0.00390651
195 0.00390649
196 0.00390649
197 0.00390649
198 0.00390649
199 0.00390651
200 0.00390651
201 0.00390647
202 0.00390649
203 0.0039065
204 0.00390647
205 0.00390649
206 0.0039065
207 0.00390648
208 0.00390647
209 0.00390648
210 0.00390645
211 0.00390647
212 0.00390645
213 0.00390646
214 0.00390644
215 0.00390644
216 0.00390643
217 0.00390645
218 0.00390642
219 0.00390643
220 0.00390643
221 0.00390642
222 0.00390642
223 0.00390641
224 0.00390641
225 0.0039064
226 0.00390639
227 0.00390637
228 0.00390637
229 0.00390636
230 0.00390636
231 0.00390635
232 0.00390635
233 0.00390633
234 0.00390634
235 0.00390633
236 0.00390632
237 0.00390631
238 0.00390631
239 0.00390629
240 0.00390628
241 0.00390627
242 0.00390625
243 0.00390626
244 0.00390625
245 0.00390625
246 0.00390624
247 0.00390622
248 0.00390622
249 0.0039062
250 0.00390615
251 0.00390621
252 0.00390605
253 0.00390645
254 0.0039077
255 0.00390779
