0 0.00391071
1 0.0039053
2 0.00390528
3 0.0039053
4 0.00390535
5 0.0039053
6 0.00390532
7 0.00390534
8 0.00390537
9 0.00390534
10 0.00390534
11 0.00390535
12 0.00390539
13 0.00390536
14 0.00390538
15 0.0039054
16 0.00390539
17 0.0039054
18 0.00390543
19 0.00390541
20 0.00390541
21 0.00390544
22 0.00390543
23 0.00390546
24 0.00390546
25 0.00390546
26 0.00390546
27 0.00390548
28 0.00390549
29 0.0039055
30 0.00390551
31 0.00390551
32 0.00390553
33 0.00390553
34 0.00390555
35 0.00390554
36 0.00390555
37 0.00390555
38 0.00390559
39 0.00390557
40 0.0039056
41 0.00390561
42 0.00390563
43 0.00390562
44 0.00390565
45 0.00390565
46 0.00390564
47 0.00390567
48 0.00390567
49 0.00390568
50 0.00390567
51 0.00390569
52 0.0039057
53 0.00390571
54 0.00390571
55 0.00390571
56 0.00390572
57 0.00390574
58 0.00390575
59 0.00390576
60 0.00390574
61 0.00390576
62 0.00390578
63 0.00390579
64 0.00390581
65 0.00390578
66 0.00390579
67 0.00390583
68 0.00390584
69 0.00390582
70 0.00390582
71 0.00390584
72 0.00390584
73 0.00390584
74 0.00390586
75 0.00390588
76 0.00390591
77 0.00390588
78 0.00390591
79 0.0039059
80 0.00390591
81 0.00390592
82 0.00390594
83 0.00390594
84 0.00390595
85 0.00390595
86 0.00390592
87 0.00390596
88 0.00390597
89 0.00390597
90 0.00390597
91 0.00390599
92 0.00390601
93 0.003906
94 0.00390601
95 0.00390602
96 0.00390604
97 0.00390604
98 0.00390604
99 0.00390604
100 0.00390606
101 0.00390604
102 0.00390607
103 0.00390608
104 0.00390605
105 0.00390609
106 0.0039061
107 0.00390608
108 0.00390609
109 0.00390612
110 0.00390614
111 0.00390611
112 0.00390614
113 0.00390613
114 0.00390613
115 0.00390615
116 0.00390614
117 0.00390617
118 0.00390618
119 0.00390617
120 0.00390615
121 0.00390619
122 0.00390619
123 0.00390619
124 0.0039062
125 0.0039062
126 0.00390619
127 0.00390621
128 0.00390624
129 0.00390623
130 0.00390623
131 0.00390627
132 0.00390624
133 0.00390626
134 0.00390623
135 0.00390626
136 0.00390626
137 0.00390628
138 0.00390625
139 0.00390628
140 0.00390628
141 0.00390628
142 0.00390629
143 0.0039063
144 0.00390628
145 0.00390631
146 0.00390628
147 0.00390632
148 0.0039063
149 0.00390632
150 0.00390633
151 0.00390633
152 0.00390631
153 0.00390632
154 0.00390634
155 0.00390632
156 0.00390634
157 0.00390635
158 0.00390634
159 0.00390637
160 0.00390636
161 0.00390636
162 0.00390633
163 0.00390637
164 0.00390634
165 0.00390636
166 0.00390636
167 0.00390637
168 0.00390636
169 0.00390635
170 0.00390638
171 0.00390637
172 0.00390637
173 0.00390635
174 0.00390638
175 0.0039064
176 0.00390638
177 0.00390636
178 0.00390638
179 0.00390637
180 0.00390637
181 0.00390637
182 0.00390636
183 0.00390638
184 0.00390639
185 0.00390636
186 0.00390637
187 0.00390638
188 0.00390638
189 0.00390637
190 0.00390637
191 0.0039064
192 0.00390639
193 0.00390637
194 0.00390636
195 0.00390637
196 0.00390636
197 0.00390635
198 0.00390635
199 0.00390636
200 0.00390636
201 0.00390635
202 0.00390635
203 0.00390634
204 0.00390635
205 0.00390633
206 0.00390633
207 0.00390632
208 0.00390633
209 0.00390633
210 0.00390632
211 0.0039063
212 0.0039063
213 0.00390631
214 0.00390629
215 0.0039063
216 0.00390628
217 0.00390632
218 0.00390613
219 0.00390682
220 0.00390717
221 0.00390722
222 0.00390722
223 0.00390722
224 0.00390727
225 0.00390728
226 0.0039073
227 0.00390732
228 0.00390736
229 0.00390738
230 0.00390738
231 0.00390743
232 0.00390743
233 0.00390746
234 0.0039075
235 0.0039075
236 0.00390753
237 0.00390756
238 0.00390757
239 0.00390762
240 0.00390761
241 0.00390767
242 0.00390767
243 0.00390773
244 0.00390773
245 0.00390778
246 0.0039078
247 0.00390782
248 0.00390785
249 0.00390789
250 0.00390792
251 0.00390793
252 0.00390796
253 0.00390797
254 0.00390802
255 0.00390805
