0 0.0039162
1 0.00390437
2 0.00390438
3 0.00390437
4 0.00390452
5 0.00390436
6 0.00390446
7 0.00390448
8 0.00390451
9 0.00390451
10 0.00390453
11 0.00390456
12 0.00390456
13 0.00390458
14 0.00390458
15 0.00390459
16 0.00390462
17 0.00390465
18 0.00390464
19 0.00390468
20 0.0039047
21 0.00390469
22 0.00390471
23 0.00390474
24 0.00390476
25 0.0039048
26 0.00390479
27 0.00390479
28 0.0039048
29 0.00390482
30 0.00390484
31 0.00390485
32 0.0039049
33 0.00390489
34 0.0039049
35 0.00390494
36 0.00390492
37 0.00390495
38 0.00390498
39 0.00390499
40 0.003905
41 0.00390501
42 0.00390503
43 0.00390505
44 0.00390505
45 0.00390509
46 0.00390508
47 0.00390509
48 0.00390514
49 0.00390513
50 0.00390503
51 0.00390516
52 0.00390517
53 0.00390515
54 0.00390521
55 0.00390521
56 0.00390523
57 0.00390525
58 0.00390526
59 0.00390528
60 0.0039053
61 0.00390532
62 0.00390533
63 0.00390536
64 0.00390546
65 0.00390536
66 0.00390538
67 0.0039054
68 0.0039054
69 0.00390541
70 0.00390545
71 0.00390544
72 0.00390547
73 0.00390546
74 0.00390548
75 0.0039055
76 0.00390553
77 0.00390555
78 0.00390555
79 0.00390556
80 0.00390558
81 0.00390559
82 0.00390557
83 0.00390561
84 0.00390562
85 0.00390565
86 0.00390564
87 0.00390566
88 0.00390567
89 0.00390571
90 0.00390569
91 0.00390573
92 0.00390573
93 0.00390574
94 0.00390576
95 0.00390579
96 0.00390579
97 0.00390582
98 0.00390586
99 0.00390547
100 0.00391213
101 0.00390457
102 0.00390463
103 0.00390461
104 0.00390464
105 0.00390465
106 0.00390468
107 0.0039047
108 0.00390472
109 0.00390475
110 0.00390476
111 0.00390479
112 0.0039048
113 0.00390485
114 0.00390485
115 0.00390489
116 0.0039049
117 0.00390493
118 0.00390494
119 0.00390495
120 0.003905
121 0.00390503
122 0.00390502
123 0.00390508
124 0.00390509
125 0.00390514
126 0.00390514
127 0.00390517
128 0.00390532
129 0.00390522
130 0.00390522
131 0.00390527
132 0.00390528
133 0.00390532
134 0.00390533
135 0.00390536
136 0.00390539
137 0.00390542
138 0.00390543
139 0.00390546
140 0.00390549
141 0.00390552
142 0.00390553
143 0.00390557
144 0.0039056
145 0.00390563
146 0.00390564
147 0.0039057
148 0.0039057
149 0.00390574
150 0.00390575
151 0.00390581
152 0.00390579
153 0.00390583
154 0.00390585
155 0.00390592
156 0.00390591
157 0.00390594
158 0.00390599
159 0.00390605
160 0.00390607
161 0.00390609
162 0.00390614
163 0.00390616
164 0.0039062
165 0.00390624
166 0.00390626
167 0.0039063
168 0.0039063
169 0.00390636
170 0.00390638
171 0.0039064
172 0.00390644
173 0.00390648
174 0.0039065
175 0.00390654
176 0.00390658
177 0.00390663
178 0.00390661
179 0.00390668
180 0.0039067
181 0.00390673
182 0.00390679
183 0.00390681
184 0.00390684
185 0.00390689
186 0.00390691
187 0.00390695
188 0.00390701
189 0.00390701
190 0.00390706
191 0.00390713
192 0.00390714
193 0.00390718
194 0.00390723
195 0.00390726
196 0.00390728
197 0.00390733
198 0.00390735
199 0.00390741
200 0.00390743
201 0.00390749
202 0.00390752
203 0.00390756
204 0.00390762
205 0.00390766
206 0.00390769
207 0.00390773
208 0.00390775
209 0.00390781
210 0.00390784
211 0.0039079
212 0.00390793
213 0.00390797
214 0.003908
215 0.00390805
216 0.00390813
217 0.00390814
218 0.00390819
219 0.00390825
220 0.00390827
221 0.00390831
222 0.00390837
223 0.00390839
224 0.00390847
225 0.00390852
226 0.00390859
227 0.00390861
228 0.00390861
229 0.00390874
230 0.00390875
231 0.00390879
232 0.00390884
233 0.00390891
234 0.00390893
235 0.003909
236 0.00390904
237 0.00390909
238 0.00390914
239 0.0039092
240 0.00390923
241 0.00390927
242 0.00390935
243 0.00390941
244 0.00390945
245 0.00390948
246 0.00390956
247 0.00390959
248 0.00390967
249 0.00390971
250 0.00390975
251 0.00390982
252 0.00390987
253 0.00390992
254 0.00390998
255 0.00391007
