0 0.0039111
1 0.00390515
2 0.00390516
3 0.00390517
4 0.00390522
5 0.0039052
6 0.00390518
7 0.00390519
8 0.0039052
9 0.0039052
10 0.00390523
11 0.00390522
12 0.00390524
13 0.00390525
14 0.00390526
15 0.00390527
16 0.00390529
17 0.00390529
18 0.00390528
19 0.00390529
20 0.0039053
21 0.0039053
22 0.00390534
23 0.00390533
24 0.00390532
25 0.00390535
26 0.00390536
27 0.00390537
28 0.00390538
29 0.00390536
30 0.0039054
31 0.0039054
32 0.00390541
33 0.00390543
34 0.00390543
35 0.00390543
36 0.00390544
37 0.00390544
38 0.00390545
39 0.00390544
40 0.00390547
41 0.00390551
42 0.0039055
43 0.0039055
44 0.0039055
45 0.00390552
46 0.00390551
47 0.00390554
48 0.00390554
49 0.00390554
50 0.00390556
51 0.00390557
52 0.0039056
53 0.0039056
54 0.00390561
55 0.00390561
56 0.00390564
57 0.00390565
58 0.00390568
59 0.00390565
60 0.00390568
61 0.00390568
62 0.00390569
63 0.0039057
64 0.00390572
65 0.00390571
66 0.00390571
67 0.00390573
68 0.00390572
69 0.00390573
70 0.00390573
71 0.00390576
72 0.00390579
73 0.00390579
74 0.00390577
75 0.0039058
76 0.00390579
77 0.00390581
78 0.00390582
79 0.00390584
80 0.00390584
81 0.00390584
82 0.00390586
83 0.00390587
84 0.00390585
85 0.00390587
86 0.00390586
87 0.00390588
88 0.00390592
89 0.00390591
90 0.00390591
91 0.0039059
92 0.00390594
93 0.00390594
94 0.00390594
95 0.00390595
96 0.00390596
97 0.00390598
98 0.00390598
99 0.00390598
100 0.00390599
101 0.00390599
102 0.00390598
103 0.00390605
104 0.00390602
105 0.00390602
106 0.00390603
107 0.00390604
108 0.00390603
109 0.00390605
110 0.00390604
111 0.00390606
112 0.00390608
113 0.00390607
114 0.00390612
115 0.00390609
116 0.0039061
117 0.00390611
118 0.00390611
119 0.00390612
120 0.00390612
121 0.00390614
122 0.00390613
123 0.00390614
124 0.00390615
125 0.00390614
126 0.00390615
127 0.00390618
128 0.0039062
129 0.00390618
130 0.00390619
131 0.00390619
132 0.00390619
133 0.0039062
134 0.00390619
135 0.00390622
136 0.00390621
137 0.0039062
138 0.00390622
139 0.00390622
140 0.00390623
141 0.00390625
142 0.00390624
143 0.00390625
144 0.00390627
145 0.00390625
146 0.00390627
147 0.00390627
148 0.00390625
149 0.00390626
150 0.00390626
151 0.00390628
152 0.00390627
153 0.00390628
154 0.0039063
155 0.00390628
156 0.0039063
157 0.0039063
158 0.00390633
159 0.00390629
160 0.0039063
161 0.00390632
162 0.00390631
163 0.00390631
164 0.00390631
165 0.00390632
166 0.00390632
167 0.00390632
168 0.00390632
169 0.00390633
170 0.00390632
171 0.00390632
172 0.00390633
173 0.00390635
174 0.00390632
175 0.00390635
176 0.00390636
177 0.00390633
178 0.00390632
179 0.00390633
180 0.00390633
181 0.00390634
182 0.00390631
183 0.00390634
184 0.00390634
185 0.00390635
186 0.00390634
187 0.00390633
188 0.00390633
189 0.00390633
190 0.00390634
191 0.00390633
192 0.00390633
193 0.00390632
194 0.00390632
195 0.00390632
196 0.0039063
197 0.00390631
198 0.0039063
199 0.00390631
200 0.0039063
201 0.00390632
202 0.0039063
203 0.00390633
204 0.00390615
205 0.00390707
206 0.00390692
207 0.00390697
208 0.00390696
209 0.00390699
210 0.003907
211 0.00390703
212 0.00390705
213 0.00390707
214 0.00390709
215 0.0039071
216 0.00390716
217 0.00390717
218 0.00390719
219 0.00390721
220 0.00390724
221 0.00390727
222 0.00390727
223 0.0039073
224 0.00390735
225 0.00390736
226 0.00390737
227 0.00390739
228 0.00390745
229 0.00390746
230 0.00390746
231 0.00390752
232 0.00390755
233 0.00390756
234 0.00390758
235 0.0039076
236 0.00390764
237 0.00390765
238 0.0039077
239 0.00390773
240 0.00390775
241 0.00390776
242 0.00390779
243 0.00390784
244 0.00390787
245 0.00390789
246 0.00390792
247 0.00390796
248 0.00390797
249 0.00390802
250 0.00390804
251 0.00390808
252 0.00390811
253 0.00390814
254 0.00390818
255 0.00390822
