0 0.00391681
1 0.00390434
2 0.00390435
3 0.00390435
4 0.00390453
5 0.0039044
6 0.00390445
7 0.00390446
8 0.00390449
9 0.00390447
10 0.00390448
11 0.00390453
12 0.00390454
13 0.00390448
14 0.00390457
15 0.00390458
16 0.00390465
17 0.00390464
18 0.00390464
19 0.00390465
20 0.00390467
21 0.0039047
22 0.00390471
23 0.00390471
24 0.00390473
25 0.00390476
26 0.00390477
27 0.00390479
28 0.00390478
29 0.00390482
30 0.00390484
31 0.00390487
32 0.0039049
33 0.00390487
34 0.0039049
35 0.00390492
36 0.00390491
37 0.00390496
38 0.00390496
39 0.00390497
40 0.00390499
41 0.00390501
42 0.003905
43 0.00390504
44 0.00390507
45 0.00390502
46 0.00390498
47 0.00390511
48 0.00390513
49 0.00390514
50 0.00390514
51 0.00390517
52 0.00390518
53 0.0039052
54 0.0039052
55 0.00390524
56 0.00390524
57 0.00390525
58 0.00390527
59 0.00390529
60 0.00390529
61 0.00390531
62 0.00390534
63 0.00390536
64 0.00390549
65 0.00390536
66 0.00390538
67 0.00390542
68 0.00390542
69 0.00390544
70 0.00390546
71 0.00390547
72 0.00390546
73 0.00390551
74 0.00390548
75 0.00390554
76 0.00390552
77 0.00390557
78 0.00390556
79 0.00390558
80 0.00390562
81 0.00390561
82 0.00390563
83 0.00390563
84 0.00390565
85 0.00390565
86 0.00390568
87 0.00390568
88 0.00390569
89 0.00390573
90 0.00390579
91 0.00390537
92 0.00391293
93 0.00390438
94 0.00390443
95 0.00390441
96 0.00390444
97 0.00390447
98 0.00390447
99 0.0039045
100 0.00390454
101 0.00390455
102 0.00390456
103 0.00390459
104 0.00390459
105 0.00390464
106 0.00390466
107 0.00390469
108 0.00390468
109 0.00390474
110 0.00390474
111 0.00390477
112 0.0039048
113 0.00390481
114 0.00390485
115 0.00390488
116 0.00390488
117 0.00390491
118 0.00390493
119 0.00390497
120 0.00390499
121 0.00390502
122 0.00390501
123 0.00390507
124 0.00390507
125 0.00390511
126 0.00390513
127 0.00390517
128 0.00390534
129 0.0039052
130 0.00390521
131 0.00390525
132 0.00390527
133 0.0039053
134 0.00390534
135 0.00390537
136 0.00390537
137 0.00390541
138 0.00390545
139 0.00390549
140 0.00390549
141 0.00390551
142 0.00390555
143 0.00390557
144 0.00390562
145 0.00390562
146 0.00390564
147 0.00390569
148 0.00390571
149 0.00390573
150 0.00390578
151 0.0039058
152 0.00390584
153 0.00390587
154 0.00390587
155 0.00390593
156 0.00390596
157 0.00390598
158 0.003906
159 0.00390607
160 0.0039061
161 0.00390611
162 0.00390614
163 0.00390619
164 0.00390618
165 0.00390625
166 0.00390627
167 0.00390633
168 0.00390635
169 0.00390638
170 0.00390643
171 0.00390646
172 0.00390651
173 0.00390652
174 0.00390653
175 0.00390659
176 0.00390663
177 0.00390667
178 0.00390671
179 0.00390672
180 0.00390677
181 0.0039068
182 0.00390684
183 0.00390689
184 0.00390691
185 0.00390694
186 0.00390698
187 0.00390704
188 0.00390704
189 0.00390711
190 0.00390717
191 0.00390718
192 0.00390721
193 0.00390726
194 0.00390728
195 0.00390733
196 0.00390738
197 0.0039074
198 0.00390743
199 0.00390746
200 0.00390752
201 0.00390758
202 0.00390761
203 0.00390769
204 0.0039077
205 0.00390773
206 0.00390779
207 0.00390782
208 0.00390789
209 0.00390791
210 0.00390795
211 0.00390799
212 0.00390802
213 0.00390809
214 0.00390815
215 0.00390818
216 0.00390821
217 0.00390826
218 0.00390833
219 0.00390835
220 0.00390836
221 0.00390848
222 0.00390849
223 0.00390854
224 0.0039086
225 0.00390865
226 0.00390869
227 0.00390873
228 0.00390879
229 0.00390882
230 0.00390889
231 0.00390892
232 0.00390894
233 0.00390902
234 0.00390909
235 0.00390912
236 0.00390916
237 0.00390923
238 0.00390927
239 0.00390933
240 0.00390938
241 0.00390946
242 0.00390949
243 0.00390954
244 0.0039096
245 0.00390965
246 0.00390971
247 0.00390976
248 0.00390983
249 0.00390988
250 0.00390993
251 0.00391
252 0.00391004
253 0.00391011
254 0.00391016
255 0.00391022
