0 0.00392237
1 0.00390428
2 0.00390429
3 0.00390425
4 0.00390455
5 0.00390433
6 0.00390443
7 0.00390441
8 0.00390447
9 0.0039045
10 0.00390452
11 0.00390454
12 0.00390456
13 0.00390459
14 0.00390458
15 0.00390465
16 0.0039052
17 0.00390461
18 0.00390449
19 0.00390484
20 0.0039047
21 0.0039048
22 0.00390478
23 0.00390479
24 0.00390481
25 0.00390482
26 0.00390487
27 0.00390487
28 0.00390489
29 0.00390491
30 0.00390495
31 0.003905
32 0.00390497
33 0.00390506
34 0.00390514
35 0.00390445
36 0.00392179
37 0.0039029
38 0.00390298
39 0.00390294
40 0.00390298
41 0.00390297
42 0.00390304
43 0.00390304
44 0.0039031
45 0.0039031
46 0.00390314
47 0.00390313
48 0.00390325
49 0.0039032
50 0.00390326
51 0.00390328
52 0.00390334
53 0.00390327
54 0.00390333
55 0.0039033
56 0.00390331
57 0.00390332
58 0.00390335
59 0.00390339
60 0.00390344
61 0.00390344
62 0.00390348
63 0.00390347
64 0.00390361
65 0.00390352
66 0.00390354
67 0.00390361
68 0.00390353
69 0.00390357
70 0.0039036
71 0.00390365
72 0.00390367
73 0.00390368
74 0.0039037
75 0.00390372
76 0.00390373
77 0.00390378
78 0.00390383
79 0.00390384
80 0.00390391
81 0.00390389
82 0.0039039
83 0.00390398
84 0.00390396
85 0.00390399
86 0.00390401
87 0.00390403
88 0.00390406
89 0.00390408
90 0.00390414
91 0.00390413
92 0.00390413
93 0.00390416
94 0.00390419
95 0.00390421
96 0.00390429
97 0.0039046
98 0.00390454
99 0.00390435
100 0.00390442
101 0.00390437
102 0.00390447
103 0.00390443
104 0.00390455
105 0.0039045
106 0.00390459
107 0.00390459
108 0.00390467
109 0.0039046
110 0.00390471
111 0.00390471
112 0.0039048
113 0.00390475
114 0.00390482
115 0.00390478
116 0.00390492
117 0.00390489
118 0.00390498
119 0.00390494
120 0.00390505
121 0.00390501
122 0.00390509
123 0.00390506
124 0.00390516
125 0.0039051
126 0.00390526
127 0.00390524
128 0.00390561
129 0.00390525
130 0.00390536
131 0.00390531
132 0.00390542
133 0.00390538
134 0.00390549
135 0.00390544
136 0.00390553
137 0.00390551
138 0.00390561
139 0.00390558
140 0.00390569
141 0.00390565
142 0.00390578
143 0.00390575
144 0.00390586
145 0.00390583
146 0.00390589
147 0.00390591
148 0.00390598
149 0.00390595
150 0.00390609
151 0.00390605
152 0.0039062
153 0.00390614
154 0.00390625
155 0.00390621
156 0.0039063
157 0.00390624
158 0.00390637
159 0.00390631
160 0.00390644
161 0.00390634
162 0.00390655
163 0.00390642
164 0.00390645
165 0.00390651
166 0.0039066
167 0.00390656
168 0.00390667
169 0.00390669
170 0.00390675
171 0.00390669
172 0.00390684
173 0.0039068
174 0.00390695
175 0.00390691
176 0.00390711
177 0.00390754
178 0.00390717
179 0.00390715
180 0.00390725
181 0.00390719
182 0.00390735
183 0.00390727
184 0.00390742
185 0.00390735
186 0.0039075
187 0.00390748
188 0.00390761
189 0.00390756
190 0.00390771
191 0.00390766
192 0.00390789
193 0.0039078
194 0.00390794
195 0.0039079
196 0.00390805
197 0.00390801
198 0.00390814
199 0.00390809
200 0.0039082
201 0.00390821
202 0.00390836
203 0.00390835
204 0.00390849
205 0.00390846
206 0.00390859
207 0.00390857
208 0.00390876
209 0.00390868
210 0.00390881
211 0.0039088
212 0.00390894
213 0.00390892
214 0.00390907
215 0.00390901
216 0.00390914
217 0.00390909
218 0.00390928
219 0.00390926
220 0.0039094
221 0.00390937
222 0.00390952
223 0.00390962
224 0.00390972
225 0.0039097
226 0.0039098
227 0.00390982
228 0.00390989
229 0.00390983
230 0.00391006
231 0.00391009
232 0.0039102
233 0.00391019
234 0.0039103
235 0.00391029
236 0.00391046
237 0.00391046
238 0.00391062
239 0.00391063
240 0.0039108
241 0.00391084
242 0.00391096
243 0.00391096
244 0.00391106
245 0.00391105
246 0.00391115
247 0.00391119
248 0.00391135
249 0.00391129
250 0.00391148
251 0.00391145
252 0.00391166
253 0.00391155
254 0.00391177
255 0.0039118
