0 0.00391134
1 0.00390506
2 0.00390509
3 0.00390509
4 0.00390514
5 0.0039051
6 0.00390511
7 0.00390512
8 0.00390514
9 0.00390515
10 0.00390516
11 0.00390515
12 0.00390518
13 0.00390517
14 0.00390518
15 0.00390518
16 0.00390521
17 0.00390523
18 0.00390523
19 0.00390523
20 0.00390524
21 0.00390525
22 0.00390527
23 0.00390527
24 0.00390528
25 0.00390529
26 0.00390528
27 0.00390531
28 0.00390531
29 0.00390533
30 0.00390532
31 0.00390533
32 0.00390537
33 0.00390535
34 0.00390536
35 0.00390539
36 0.0039054
37 0.00390539
38 0.0039054
39 0.0039054
40 0.00390543
41 0.00390543
42 0.00390544
43 0.00390544
44 0.00390548
45 0.00390548
46 0.00390548
47 0.00390548
48 0.0039055
49 0.00390551
50 0.00390551
51 0.00390554
52 0.00390555
53 0.00390554
54 0.00390554
55 0.00390556
56 0.00390554
57 0.00390557
58 0.00390558
59 0.00390558
60 0.00390562
61 0.0039056
62 0.00390565
63 0.00390566
64 0.00390567
65 0.00390567
66 0.00390567
67 0.0039057
68 0.00390571
69 0.00390571
70 0.00390573
71 0.00390574
72 0.00390571
73 0.00390573
74 0.00390575
75 0.00390575
76 0.00390577
77 0.00390578
78 0.00390578
79 0.00390579
80 0.00390579
81 0.0039058
82 0.0039058
83 0.00390582
84 0.00390583
85 0.00390583
86 0.00390584
87 0.00390585
88 0.00390585
89 0.00390587
90 0.00390587
91 0.00390588
92 0.00390588
93 0.00390589
94 0.0039059
95 0.00390593
96 0.00390592
97 0.00390593
98 0.00390594
99 0.00390596
100 0.00390598
101 0.00390597
102 0.00390596
103 0.00390599
104 0.00390597
105 0.003906
106 0.003906
107 0.003906
108 0.003906
109 0.00390603
110 0.00390602
111 0.00390603
112 0.00390603
113 0.00390605
114 0.00390606
115 0.00390608
116 0.00390609
117 0.00390605
118 0.00390609
119 0.0039061
120 0.00390609
121 0.00390611
122 0.00390611
123 0.00390613
124 0.00390613
125 0.00390615
126 0.00390614
127 0.00390613
128 0.00390617
129 0.00390615
130 0.00390615
131 0.00390616
132 0.00390615
133 0.00390617
134 0.00390618
135 0.00390616
136 0.00390619
137 0.0039062
138 0.0039062
139 0.0039062
140 0.00390621
141 0.00390622
142 0.00390621
143 0.00390621
144 0.00390623
145 0.00390624
146 0.00390623
147 0.00390623
148 0.00390623
149 0.00390625
150 0.00390627
151 0.00390626
152 0.00390625
153 0.00390626
154 0.00390625
155 0.00390628
156 0.00390627
157 0.00390628
158 0.00390627
159 0.0039063
160 0.00390628
161 0.0039063
162 0.00390628
163 0.00390628
164 0.0039063
165 0.00390629
166 0.0039063
167 0.0039063
168 0.0039063
169 0.0039063
170 0.00390629
171 0.00390628
172 0.00390629
173 0.00390631
174 0.00390631
175 0.00390633
176 0.00390632
177 0.0039063
178 0.00390632
179 0.0039063
180 0.00390631
181 0.00390631
182 0.00390632
183 0.00390632
184 0.00390632
185 0.0039063
186 0.00390631
187 0.00390629
188 0.00390632
189 0.00390631
190 0.00390629
191 0.0039063
192 0.00390634
193 0.00390629
194 0.00390629
195 0.0039063
196 0.00390615
197 0.00390725
198 0.00390676
199 0.0039068
200 0.00390681
201 0.00390683
202 0.00390684
203 0.00390687
204 0.00390691
205 0.00390692
206 0.00390695
207 0.00390698
208 0.00390698
209 0.003907
210 0.00390703
211 0.00390707
212 0.00390708
213 0.00390711
214 0.00390712
215 0.00390716
216 0.00390717
217 0.00390722
218 0.00390723
219 0.00390726
220 0.00390729
221 0.00390732
222 0.00390733
223 0.00390737
224 0.00390741
225 0.00390741
226 0.00390742
227 0.00390747
228 0.00390748
229 0.00390751
230 0.00390753
231 0.00390755
232 0.00390759
233 0.00390762
234 0.00390766
235 0.00390767
236 0.00390771
237 0.00390774
238 0.00390778
239 0.00390779
240 0.00390784
241 0.00390785
242 0.00390788
243 0.00390792
244 0.00390796
245 0.00390798
246 0.003908
247 0.00390804
248 0.00390808
249 0.00390809
250 0.00390814
251 0.00390816
252 0.0039082
253 0.00390824
254 0.00390826
255 0.0039083
