0 0.00391002
1 0.00390567
2 0.00390566
3 0.00390567
4 0.0039057
5 0.00390568
6 0.00390567
7 0.0039057
8 0.00390569
9 0.0039057
10 0.00390572
11 0.00390571
12 0.00390573
13 0.00390572
14 0.00390572
15 0.00390575
16 0.00390575
17 0.00390577
18 0.00390575
19 0.00390577
20 0.00390578
21 0.00390577
22 0.00390577
23 0.00390578
24 0.0039058
25 0.0039058
26 0.00390581
27 0.00390582
28 0.00390582
29 0.00390582
30 0.00390583
31 0.00390585
32 0.00390585
33 0.00390585
34 0.00390586
35 0.00390584
36 0.00390585
37 0.00390587
38 0.00390585
39 0.00390587
40 0.00390588
41 0.00390591
42 0.00390591
43 0.00390589
44 0.00390592
45 0.00390593
46 0.00390592
47 0.00390595
48 0.00390593
49 0.00390593
50 0.00390595
51 0.00390594
52 0.00390598
53 0.00390597
54 0.00390598
55 0.00390598
56 0.00390599
57 0.003906
58 0.003906
59 0.00390599
60 0.00390602
61 0.00390602
62 0.00390603
63 0.00390601
64 0.00390603
65 0.00390604
66 0.00390604
67 0.00390606
68 0.00390606
69 0.00390605
70 0.00390607
71 0.00390607
72 0.0039061
73 0.0039061
74 0.00390609
75 0.0039061
76 0.00390611
77 0.00390611
78 0.00390612
79 0.00390613
80 0.00390613
81 0.00390613
82 0.00390615
83 0.00390614
84 0.00390616
85 0.00390617
86 0.00390615
87 0.00390618
88 0.00390617
89 0.00390618
90 0.00390619
91 0.00390621
92 0.0039062
93 0.00390621
94 0.00390621
95 0.0039062
96 0.00390623
97 0.00390624
98 0.00390624
99 0.00390624
100 0.00390625
101 0.00390625
102 0.00390626
103 0.00390625
104 0.00390628
105 0.00390628
106 0.00390628
107 0.00390628
108 0.00390627
109 0.00390629
110 0.00390631
111 0.00390629
112 0.00390632
113 0.00390631
114 0.00390632
115 0.00390632
116 0.00390634
117 0.00390633
118 0.00390634
119 0.00390635
120 0.00390636
121 0.00390634
122 0.00390636
123 0.00390637
124 0.00390637
125 0.00390637
126 0.00390637
127 0.00390636
128 0.00390639
129 0.00390638
130 0.0039064
131 0.00390641
132 0.00390639
133 0.00390641
134 0.00390639
135 0.00390641
136 0.0039064
137 0.00390643
138 0.00390643
139 0.00390643
140 0.00390643
141 0.00390642
142 0.00390643
143 0.00390646
144 0.00390645
145 0.00390645
146 0.00390645
147 0.00390646
148 0.00390646
149 0.00390643
150 0.00390646
151 0.00390646
152 0.00390646
153 0.00390647
154 0.00390649
155 0.0039065
156 0.0039065
157 0.00390649
158 0.00390648
159 0.00390649
160 0.00390648
161 0.00390649
162 0.00390648
163 0.0039065
164 0.00390649
165 0.00390649
166 0.0039065
167 0.0039065
168 0.00390649
169 0.00390649
170 0.00390651
171 0.0039065
172 0.0039065
173 0.0039065
174 0.00390651
175 0.00390651
176 0.0039065
177 0.0039065
178 0.00390652
179 0.00390652
180 0.0039065
181 0.00390651
182 0.00390652
183 0.00390653
184 0.00390651
185 0.00390652
186 0.00390654
187 0.00390651
188 0.00390651
189 0.00390653
190 0.00390651
191 0.0039065
192 0.00390651
193 0.0039065
194 0.00390652
195 0.00390651
196 0.0039065
197 0.00390651
198 0.00390648
199 0.00390649
200 0.00390651
201 0.00390651
202 0.0039065
203 0.00390651
204 0.00390648
205 0.00390648
206 0.00390648
207 0.00390648
208 0.00390649
209 0.00390649
210 0.00390645
211 0.00390647
212 0.00390645
213 0.00390647
214 0.00390646
215 0.00390644
216 0.00390645
217 0.00390644
218 0.00390644
219 0.00390643
220 0.0039064
221 0.00390642
222 0.00390643
223 0.0039064
224 0.00390641
225 0.00390641
226 0.00390638
227 0.00390636
228 0.00390638
229 0.00390638
230 0.00390634
231 0.00390636
232 0.00390634
233 0.00390635
234 0.00390634
235 0.00390631
236 0.00390631
237 0.00390629
238 0.00390631
239 0.00390629
240 0.00390627
241 0.00390629
242 0.00390627
243 0.00390625
244 0.00390625
245 0.00390623
246 0.00390623
247 0.00390621
248 0.00390621
249 0.00390619
250 0.00390619
251 0.00390619
252 0.00390618
253 0.00390603
254 0.00390644
255 0.00390774
