0 0.0039117
1 0.003905
2 0.00390499
3 0.00390497
4 0.00390504
5 0.00390501
6 0.00390502
7 0.00390503
8 0.00390504
9 0.00390504
10 0.00390506
11 0.00390508
12 0.00390508
13 0.00390508
14 0.00390512
15 0.00390511
16 0.00390512
17 0.00390513
18 0.00390514
19 0.00390514
20 0.00390514
21 0.00390516
22 0.00390516
23 0.00390518
24 0.00390519
25 0.0039052
26 0.00390521
27 0.00390523
28 0.00390525
29 0.00390526
30 0.00390522
31 0.00390524
32 0.0039053
33 0.00390528
34 0.0039053
35 0.0039053
36 0.0039053
37 0.00390533
38 0.00390533
39 0.00390533
40 0.00390534
41 0.00390536
42 0.00390535
43 0.00390538
44 0.00390539
45 0.00390538
46 0.00390539
47 0.00390543
48 0.00390544
49 0.00390542
50 0.00390545
51 0.00390545
52 0.00390546
53 0.00390548
54 0.00390547
55 0.0039055
56 0.00390549
57 0.0039055
58 0.0039055
59 0.00390555
60 0.00390553
61 0.00390555
62 0.00390554
63 0.00390557
64 0.00390559
65 0.00390559
66 0.00390558
67 0.00390561
68 0.00390562
69 0.00390563
70 0.00390562
71 0.00390565
72 0.00390567
73 0.00390568
74 0.00390569
75 0.0039057
76 0.00390569
77 0.00390575
78 0.00390572
79 0.00390573
80 0.00390576
81 0.00390575
82 0.00390576
83 0.00390575
84 0.00390581
85 0.0039058
86 0.0039058
87 0.00390581
88 0.0039058
89 0.00390583
90 0.00390583
91 0.00390582
92 0.00390585
93 0.0039058
94 0.00390588
95 0.00390588
96 0.00390588
97 0.00390592
98 0.0039059
99 0.00390591
100 0.00390592
101 0.00390592
102 0.00390591
103 0.00390594
104 0.00390597
105 0.00390597
106 0.00390595
107 0.00390598
108 0.00390598
109 0.00390601
110 0.00390599
111 0.003906
112 0.00390602
113 0.00390602
114 0.00390602
115 0.00390604
116 0.00390602
117 0.00390605
118 0.00390606
119 0.00390604
120 0.00390609
121 0.00390607
122 0.00390608
123 0.0039061
124 0.00390609
125 0.0039061
126 0.00390609
127 0.00390612
128 0.00390615
129 0.00390612
130 0.00390612
131 0.00390612
132 0.00390611
133 0.00390613
134 0.00390615
135 0.00390616
136 0.00390615
137 0.00390617
138 0.00390617
139 0.0039062
140 0.00390617
141 0.00390619
142 0.00390618
143 0.0039062
144 0.00390619
145 0.0039062
146 0.00390621
147 0.00390622
148 0.00390623
149 0.00390621
150 0.00390622
151 0.00390623
152 0.00390624
153 0.00390623
154 0.00390624
155 0.00390623
156 0.00390622
157 0.00390624
158 0.00390624
159 0.00390629
160 0.00390628
161 0.00390625
162 0.00390627
163 0.00390625
164 0.00390628
165 0.00390626
166 0.00390626
167 0.00390625
168 0.00390625
169 0.00390627
170 0.00390626
171 0.00390626
172 0.00390629
173 0.00390627
174 0.00390626
175 0.00390627
176 0.00390627
177 0.00390629
178 0.00390628
179 0.00390628
180 0.00390627
181 0.00390628
182 0.00390626
183 0.00390628
184 0.00390632
185 0.00390611
186 0.0039075
187 0.00390652
188 0.00390658
189 0.00390659
190 0.0039066
191 0.00390664
192 0.00390668
193 0.0039067
194 0.0039067
195 0.00390673
196 0.00390675
197 0.00390677
198 0.00390679
199 0.00390682
200 0.00390683
201 0.00390687
202 0.00390687
203 0.00390692
204 0.00390696
205 0.00390696
206 0.00390701
207 0.00390701
208 0.00390703
209 0.00390707
210 0.00390709
211 0.00390711
212 0.00390717
213 0.00390717
214 0.00390719
215 0.00390722
216 0.00390725
217 0.00390727
218 0.0039073
219 0.00390733
220 0.00390737
221 0.00390736
222 0.0039074
223 0.00390744
224 0.00390747
225 0.00390748
226 0.00390753
227 0.00390755
228 0.00390757
229 0.00390761
230 0.00390764
231 0.00390767
232 0.0039077
233 0.00390774
234 0.00390776
235 0.00390779
236 0.00390784
237 0.00390787
238 0.00390788
239 0.00390791
240 0.00390794
241 0.00390797
242 0.00390802
243 0.00390803
244 0.00390807
245 0.00390812
246 0.00390815
247 0.00390817
248 0.00390821
249 0.00390825
250 0.00390827
251 0.00390831
252 0.00390836
253 0.00390838
254 0.00390841
255 0.00390846
