0 0.0039137
1 0.0039046
2 0.00390462
3 0.00390461
4 0.00390471
5 0.00390464
6 0.00390467
7 0.00390468
8 0.0039047
9 0.00390471
10 0.00390473
11 0.00390473
12 0.00390475
13 0.00390478
14 0.00390477
15 0.00390478
16 0.0039048
17 0.00390482
18 0.00390482
19 0.00390484
20 0.00390486
21 0.00390487
22 0.00390489
23 0.00390488
24 0.00390489
25 0.00390491
26 0.00390491
27 0.00390494
28 0.00390494
29 0.00390496
30 0.00390496
31 0.00390499
32 0.00390502
33 0.00390503
34 0.00390501
35 0.00390504
36 0.00390504
37 0.00390505
38 0.0039051
39 0.00390508
40 0.0039051
41 0.00390513
42 0.00390512
43 0.00390514
44 0.00390515
45 0.00390515
46 0.00390518
47 0.00390519
48 0.0039052
49 0.00390521
50 0.00390522
51 0.00390523
52 0.00390525
53 0.00390527
54 0.00390529
55 0.00390529
56 0.00390531
57 0.00390531
58 0.00390531
59 0.00390533
60 0.00390534
61 0.00390536
62 0.00390535
63 0.00390537
64 0.00390542
65 0.00390541
66 0.00390542
67 0.00390543
68 0.00390542
69 0.00390544
70 0.00390538
71 0.00390546
72 0.00390548
73 0.00390549
74 0.00390551
75 0.00390552
76 0.00390552
77 0.00390556
78 0.00390555
79 0.00390556
80 0.00390559
81 0.00390559
82 0.0039056
83 0.00390561
84 0.00390562
85 0.00390563
86 0.00390564
87 0.00390564
88 0.00390565
89 0.00390567
90 0.00390567
91 0.00390571
92 0.00390572
93 0.0039057
94 0.00390573
95 0.00390573
96 0.00390578
97 0.00390574
98 0.00390577
99 0.00390577
100 0.0039058
101 0.00390579
102 0.00390581
103 0.00390581
104 0.00390582
105 0.00390584
106 0.00390586
107 0.00390588
108 0.00390586
109 0.00390588
110 0.00390587
111 0.00390589
112 0.00390592
113 0.00390591
114 0.00390591
115 0.00390593
116 0.00390594
117 0.00390596
118 0.00390595
119 0.00390598
120 0.00390599
121 0.003906
122 0.00390602
123 0.00390603
124 0.00390602
125 0.00390605
126 0.00390604
127 0.00390604
128 0.00390612
129 0.00390606
130 0.00390606
131 0.0039061
132 0.0039061
133 0.00390608
134 0.00390611
135 0.00390611
136 0.00390611
137 0.00390613
138 0.00390616
139 0.00390585
140 0.00390925
141 0.00390556
142 0.00390559
143 0.0039056
144 0.00390563
145 0.00390564
146 0.00390567
147 0.00390571
148 0.00390572
149 0.00390574
150 0.00390576
151 0.00390578
152 0.0039058
153 0.00390581
154 0.00390585
155 0.00390588
156 0.00390589
157 0.00390593
158 0.00390592
159 0.00390597
160 0.003906
161 0.00390601
162 0.00390605
163 0.00390606
164 0.00390607
165 0.00390612
166 0.00390612
167 0.00390617
168 0.00390617
169 0.00390621
170 0.00390624
171 0.00390627
172 0.00390628
173 0.00390634
174 0.00390633
175 0.00390635
176 0.0039064
177 0.00390643
178 0.00390647
179 0.00390647
180 0.00390652
181 0.00390653
182 0.00390656
183 0.00390658
184 0.00390661
185 0.00390666
186 0.00390668
187 0.00390671
188 0.00390675
189 0.00390677
190 0.00390679
191 0.00390683
192 0.00390684
193 0.00390688
194 0.00390691
195 0.00390693
196 0.00390698
197 0.003907
198 0.00390698
199 0.00390708
200 0.00390711
201 0.00390712
202 0.00390717
203 0.00390719
204 0.0039072
205 0.00390726
206 0.00390727
207 0.00390732
208 0.00390735
209 0.00390739
210 0.00390742
211 0.00390745
212 0.00390748
213 0.00390752
214 0.00390756
215 0.0039076
216 0.00390762
217 0.00390767
218 0.00390769
219 0.00390773
220 0.00390777
221 0.00390781
222 0.00390785
223 0.00390788
224 0.00390792
225 0.00390795
226 0.00390798
227 0.00390802
228 0.00390807
229 0.0039081
230 0.00390813
231 0.00390818
232 0.00390822
233 0.00390827
234 0.0039083
235 0.00390834
236 0.00390837
237 0.00390844
238 0.00390847
239 0.00390851
240 0.00390855
241 0.00390858
242 0.00390862
243 0.00390867
244 0.00390871
245 0.00390876
246 0.00390879
247 0.00390885
248 0.00390889
249 0.00390895
250 0.00390898
251 0.003909
252 0.00390907
253 0.00390911
254 0.00390914
255 0.0039092
