0 0.00391249
1 0.0039048
2 0.00390483
3 0.0039048
4 0.00390488
5 0.00390482
6 0.00390485
7 0.00390484
8 0.00390486
9 0.00390488
10 0.00390487
11 0.00390491
12 0.00390491
13 0.00390493
14 0.00390495
15 0.00390492
16 0.00390499
17 0.00390497
18 0.00390499
19 0.00390498
20 0.00390498
21 0.003905
22 0.00390503
23 0.00390503
24 0.00390503
25 0.00390506
26 0.00390508
27 0.0039051
28 0.0039051
29 0.00390509
30 0.00390511
31 0.00390512
32 0.00390515
33 0.00390515
34 0.00390514
35 0.00390514
36 0.00390519
37 0.0039052
38 0.0039052
39 0.00390521
40 0.00390522
41 0.00390523
42 0.00390524
43 0.00390526
44 0.00390526
45 0.00390525
46 0.00390529
47 0.00390531
48 0.00390531
49 0.00390531
50 0.00390535
51 0.00390533
52 0.00390535
53 0.00390536
54 0.00390538
55 0.0039054
56 0.00390539
57 0.00390541
58 0.00390541
59 0.00390543
60 0.00390542
61 0.00390544
62 0.00390548
63 0.00390547
64 0.0039055
65 0.00390548
66 0.00390548
67 0.00390551
68 0.00390554
69 0.00390555
70 0.00390554
71 0.00390556
72 0.00390557
73 0.00390557
74 0.00390558
75 0.00390558
76 0.0039056
77 0.00390561
78 0.00390562
79 0.00390562
80 0.00390565
81 0.00390566
82 0.00390567
83 0.00390572
84 0.00390568
85 0.00390571
86 0.00390567
87 0.00390571
88 0.00390571
89 0.00390575
90 0.00390573
91 0.00390577
92 0.00390576
93 0.00390577
94 0.0039058
95 0.0039058
96 0.00390582
97 0.00390584
98 0.00390583
99 0.00390584
100 0.00390586
101 0.00390586
102 0.00390589
103 0.00390588
104 0.00390588
105 0.00390589
106 0.00390591
107 0.00390593
108 0.00390593
109 0.00390594
110 0.00390594
111 0.00390595
112 0.00390597
113 0.00390598
114 0.00390598
115 0.00390599
116 0.00390599
117 0.00390601
118 0.00390601
119 0.00390602
120 0.00390601
121 0.00390603
122 0.00390604
123 0.00390605
124 0.00390604
125 0.00390607
126 0.00390606
127 0.00390607
128 0.00390612
129 0.00390608
130 0.00390609
131 0.0039061
132 0.00390611
133 0.00390612
134 0.00390608
135 0.00390613
136 0.00390611
137 0.00390613
138 0.00390613
139 0.00390615
140 0.00390614
141 0.00390617
142 0.00390614
143 0.00390613
144 0.00390619
145 0.00390617
146 0.00390616
147 0.00390619
148 0.00390619
149 0.00390619
150 0.00390622
151 0.00390622
152 0.00390623
153 0.0039062
154 0.00390623
155 0.00390623
156 0.00390623
157 0.00390621
158 0.00390623
159 0.00390623
160 0.00390624
161 0.00390624
162 0.00390626
163 0.00390626
164 0.00390602
165 0.00390816
166 0.00390612
167 0.0039062
168 0.00390616
169 0.00390618
170 0.00390619
171 0.00390623
172 0.00390624
173 0.00390627
174 0.00390628
175 0.00390632
176 0.00390636
177 0.00390638
178 0.00390638
179 0.0039064
180 0.00390644
181 0.00390645
182 0.0039065
183 0.0039065
184 0.00390652
185 0.00390657
186 0.00390658
187 0.00390659
188 0.00390663
189 0.00390665
190 0.00390667
191 0.0039067
192 0.00390672
193 0.00390675
194 0.00390679
195 0.0039068
196 0.00390682
197 0.00390684
198 0.0039069
199 0.00390691
200 0.00390693
201 0.00390696
202 0.003907
203 0.00390705
204 0.00390705
205 0.00390707
206 0.0039071
207 0.00390715
208 0.00390713
209 0.00390718
210 0.00390718
211 0.00390727
212 0.00390725
213 0.00390729
214 0.00390732
215 0.00390736
216 0.00390739
217 0.00390742
218 0.00390743
219 0.00390749
220 0.00390751
221 0.00390752
222 0.00390759
223 0.0039076
224 0.00390764
225 0.00390767
226 0.00390771
227 0.00390775
228 0.00390774
229 0.00390779
230 0.00390783
231 0.00390787
232 0.0039079
233 0.00390794
234 0.00390796
235 0.00390799
236 0.00390803
237 0.00390808
238 0.00390811
239 0.00390813
240 0.00390817
241 0.0039082
242 0.00390824
243 0.00390829
244 0.00390832
245 0.00390835
246 0.00390841
247 0.00390844
248 0.00390846
249 0.00390851
250 0.00390856
251 0.00390859
252 0.00390864
253 0.00390867
254 0.00390869
255 0.00390875
