0 0.00391028
1 0.00390549
2 0.00390548
3 0.0039055
4 0.00390554
5 0.00390551
6 0.00390551
7 0.00390553
8 0.00390552
9 0.00390554
10 0.00390555
11 0.00390554
12 0.00390556
13 0.00390556
14 0.00390557
15 0.00390558
16 0.00390559
17 0.00390561
18 0.00390559
19 0.00390563
20 0.00390563
21 0.00390563
22 0.00390565
23 0.00390563
24 0.00390566
25 0.00390567
26 0.00390567
27 0.00390569
28 0.00390568
29 0.0039057
30 0.00390571
31 0.00390569
32 0.00390569
33 0.00390572
34 0.00390573
35 0.00390573
36 0.00390572
37 0.00390573
38 0.00390574
39 0.00390572
40 0.00390575
41 0.00390577
42 0.00390577
43 0.00390578
44 0.00390579
45 0.00390581
46 0.0039058
47 0.00390578
48 0.00390582
49 0.0039058
50 0.00390584
51 0.00390584
52 0.00390582
53 0.00390585
54 0.00390586
55 0.00390588
56 0.00390586
57 0.00390587
58 0.00390588
59 0.00390589
60 0.0039059
61 0.00390592
62 0.00390591
63 0.00390592
64 0.00390593
65 0.00390594
66 0.00390594
67 0.00390593
68 0.00390594
69 0.00390594
70 0.00390598
71 0.00390598
72 0.00390597
73 0.00390597
74 0.00390601
75 0.00390601
76 0.003906
77 0.00390602
78 0.00390603
79 0.003906
80 0.00390603
81 0.00390603
82 0.00390605
83 0.00390606
84 0.00390604
85 0.00390608
86 0.00390608
87 0.0039061
88 0.00390609
89 0.0039061
90 0.00390609
91 0.00390609
92 0.0039061
93 0.00390613
94 0.00390611
95 0.00390613
96 0.00390613
97 0.0039061
98 0.00390614
99 0.00390613
100 0.00390616
101 0.00390615
102 0.00390616
103 0.00390619
104 0.00390618
105 0.00390618
106 0.00390621
107 0.00390621
108 0.00390621
109 0.00390623
110 0.00390622
111 0.00390621
112 0.00390623
113 0.00390623
114 0.00390624
115 0.00390624
116 0.00390627
117 0.00390626
118 0.00390627
119 0.00390627
120 0.00390629
121 0.00390628
122 0.00390628
123 0.0039063
124 0.00390629
125 0.0039063
126 0.00390631
127 0.00390628
128 0.00390631
129 0.00390632
130 0.00390632
131 0.00390631
132 0.00390634
133 0.00390631
134 0.00390633
135 0.00390634
136 0.00390634
137 0.00390635
138 0.00390634
139 0.00390636
140 0.00390636
141 0.00390637
142 0.00390637
143 0.00390637
144 0.00390637
145 0.0039064
146 0.00390638
147 0.00390639
148 0.00390638
149 0.0039064
150 0.00390639
151 0.0039064
152 0.00390639
153 0.00390639
154 0.00390639
155 0.00390641
156 0.00390641
157 0.00390642
158 0.00390642
159 0.00390642
160 0.00390642
161 0.00390642
162 0.00390644
163 0.00390642
164 0.00390642
165 0.00390645
166 0.00390643
167 0.00390644
168 0.00390644
169 0.00390644
170 0.00390644
171 0.00390646
172 0.00390646
173 0.00390646
174 0.00390645
175 0.00390648
176 0.00390643
177 0.00390642
178 0.00390645
179 0.00390646
180 0.00390647
181 0.00390646
182 0.00390645
183 0.00390644
184 0.00390645
185 0.00390645
186 0.00390646
187 0.00390646
188 0.00390646
189 0.00390645
190 0.00390645
191 0.00390643
192 0.00390646
193 0.00390645
194 0.00390643
195 0.00390645
196 0.00390643
197 0.00390642
198 0.00390644
199 0.00390642
200 0.00390643
201 0.00390644
202 0.00390645
203 0.00390642
204 0.00390644
205 0.00390641
206 0.00390642
207 0.00390641
208 0.00390643
209 0.0039064
210 0.0039064
211 0.00390641
212 0.0039064
213 0.00390638
214 0.00390637
215 0.00390638
216 0.00390637
217 0.00390636
218 0.00390636
219 0.00390636
220 0.00390634
221 0.00390636
222 0.00390634
223 0.00390632
224 0.00390631
225 0.00390632
226 0.0039063
227 0.0039063
228 0.00390631
229 0.00390629
230 0.0039063
231 0.00390628
232 0.00390629
233 0.00390626
234 0.00390625
235 0.00390625
236 0.00390624
237 0.00390624
238 0.00390609
239 0.00390658
240 0.00390748
241 0.00390756
242 0.00390754
243 0.00390758
244 0.00390761
245 0.00390762
246 0.00390765
247 0.00390765
248 0.00390769
249 0.00390771
250 0.00390772
251 0.00390776
252 0.00390779
253 0.00390781
254 0.00390783
255 0.00390786
