0 0.00391168
1 0.00390498
2 0.00390501
3 0.00390498
4 0.00390505
5 0.00390503
6 0.00390503
7 0.00390504
8 0.00390506
9 0.00390507
10 0.00390505
11 0.00390507
12 0.00390506
13 0.00390509
14 0.00390511
15 0.00390511
16 0.00390512
17 0.00390513
18 0.00390514
19 0.00390514
20 0.00390518
21 0.00390517
22 0.0039052
23 0.00390519
24 0.0039052
25 0.00390522
26 0.00390523
27 0.00390523
28 0.00390523
29 0.00390525
30 0.00390525
31 0.00390526
32 0.00390528
33 0.00390529
34 0.00390529
35 0.00390532
36 0.00390531
37 0.00390534
38 0.00390533
39 0.00390535
40 0.00390534
41 0.00390537
42 0.00390537
43 0.00390539
44 0.00390538
45 0.0039054
46 0.00390541
47 0.00390541
48 0.00390543
49 0.00390544
50 0.00390545
51 0.00390546
52 0.00390545
53 0.00390548
54 0.00390548
55 0.00390549
56 0.00390551
57 0.00390549
58 0.00390552
59 0.00390555
60 0.00390555
61 0.00390555
62 0.00390555
63 0.00390556
64 0.00390561
65 0.00390558
66 0.00390562
67 0.00390562
68 0.00390561
69 0.00390563
70 0.00390563
71 0.00390567
72 0.00390567
73 0.0039057
74 0.00390571
75 0.0039057
76 0.00390572
77 0.00390571
78 0.00390573
79 0.00390573
80 0.00390575
81 0.00390574
82 0.00390575
83 0.00390579
84 0.00390578
85 0.0039058
86 0.00390579
87 0.00390581
88 0.0039058
89 0.00390581
90 0.00390583
91 0.00390585
92 0.00390585
93 0.00390584
94 0.00390589
95 0.00390588
96 0.00390588
97 0.0039059
98 0.0039059
99 0.0039059
100 0.00390591
101 0.00390593
102 0.00390592
103 0.00390595
104 0.00390595
105 0.00390595
106 0.00390594
107 0.00390596
108 0.00390598
109 0.003906
110 0.00390599
111 0.00390601
112 0.00390601
113 0.00390601
114 0.00390602
115 0.00390605
116 0.00390602
117 0.00390604
118 0.00390605
119 0.0039061
120 0.00390606
121 0.00390608
122 0.00390609
123 0.00390608
124 0.00390614
125 0.00390611
126 0.00390612
127 0.0039061
128 0.00390615
129 0.00390616
130 0.00390611
131 0.00390615
132 0.00390612
133 0.00390616
134 0.00390615
135 0.00390616
136 0.00390617
137 0.00390616
138 0.00390617
139 0.00390618
140 0.00390619
141 0.00390618
142 0.0039062
143 0.0039062
144 0.00390621
145 0.00390621
146 0.00390621
147 0.00390622
148 0.00390622
149 0.00390624
150 0.00390624
151 0.00390622
152 0.00390625
153 0.00390623
154 0.00390624
155 0.00390625
156 0.00390625
157 0.00390623
158 0.00390625
159 0.00390625
160 0.00390626
161 0.00390627
162 0.00390627
163 0.00390627
164 0.00390627
165 0.0039063
166 0.00390627
167 0.00390628
168 0.00390628
169 0.00390629
170 0.00390629
171 0.00390627
172 0.00390629
173 0.00390631
174 0.0039063
175 0.00390629
176 0.00390631
177 0.00390632
178 0.00390628
179 0.00390628
180 0.0039063
181 0.00390628
182 0.00390627
183 0.00390628
184 0.00390629
185 0.00390634
186 0.00390612
187 0.00390748
188 0.00390656
189 0.00390663
190 0.00390661
191 0.00390663
192 0.00390668
193 0.00390667
194 0.00390673
195 0.00390672
196 0.00390676
197 0.00390676
198 0.0039068
199 0.00390681
200 0.00390684
201 0.00390689
202 0.00390689
203 0.0039069
204 0.00390693
205 0.00390697
206 0.00390698
207 0.00390701
208 0.00390705
209 0.00390705
210 0.00390707
211 0.0039071
212 0.00390714
213 0.00390716
214 0.00390718
215 0.00390721
216 0.00390723
217 0.00390725
218 0.00390729
219 0.00390732
220 0.00390733
221 0.00390737
222 0.0039074
223 0.00390743
224 0.00390746
225 0.00390747
226 0.0039075
227 0.00390754
228 0.00390757
229 0.00390757
230 0.00390761
231 0.00390764
232 0.00390769
233 0.00390772
234 0.00390774
235 0.00390776
236 0.00390781
237 0.00390783
238 0.00390785
239 0.0039079
240 0.00390794
241 0.00390796
242 0.00390799
243 0.00390804
244 0.00390807
245 0.00390808
246 0.00390813
247 0.00390814
248 0.00390815
249 0.00390823
250 0.00390826
251 0.00390828
252 0.00390834
253 0.00390836
254 0.00390838
255 0.0039084
