0 0.00392564
1 0.00390436
2 0.00390437
3 0.00390439
4 0.00390473
5 0.0039046
6 0.00390467
7 0.00390457
8 0.00390468
9 0.00390481
10 0.00390397
11 0.00392865
12 0.00390217
13 0.00390223
14 0.00390224
15 0.00390226
16 0.00390232
17 0.0039023
18 0.00390233
19 0.00390235
20 0.00390238
21 0.00390241
22 0.00390245
23 0.00390243
24 0.00390249
25 0.00390249
26 0.00390255
27 0.00390257
28 0.00390259
29 0.00390258
30 0.00390261
31 0.00390307
32 0.00390273
33 0.00390265
34 0.00390276
35 0.00390272
36 0.00390278
37 0.00390278
38 0.00390283
39 0.00390282
40 0.00390289
41 0.00390287
42 0.00390297
43 0.00390292
44 0.00390297
45 0.00390296
46 0.003903
47 0.00390313
48 0.00390306
49 0.00390309
50 0.00390314
51 0.00390312
52 0.00390317
53 0.00390319
54 0.00390323
55 0.00390323
56 0.00390325
57 0.00390325
58 0.00390332
59 0.00390334
60 0.00390338
61 0.00390337
62 0.00390339
63 0.00390338
64 0.00390348
65 0.0039035
66 0.0039035
67 0.00390354
68 0.00390355
69 0.00390359
70 0.00390361
71 0.00390363
72 0.00390365
73 0.00390367
74 0.00390371
75 0.00390373
76 0.00390375
77 0.0039038
78 0.0039038
79 0.00390384
80 0.00390383
81 0.00390388
82 0.00390393
83 0.00390392
84 0.00390396
85 0.00390398
86 0.00390401
87 0.00390406
88 0.00390407
89 0.00390409
90 0.00390414
91 0.00390415
92 0.00390418
93 0.0039042
94 0.00390426
95 0.00390429
96 0.00390433
97 0.00390435
98 0.00390435
99 0.00390436
100 0.00390443
101 0.00390439
102 0.0039045
103 0.00390449
104 0.00390453
105 0.00390455
106 0.00390462
107 0.00390461
108 0.00390468
109 0.0039047
110 0.00390474
111 0.00390474
112 0.0039048
113 0.00390484
114 0.00390485
115 0.00390489
116 0.00390491
117 0.00390492
118 0.00390501
119 0.00390503
120 0.00390505
121 0.00390509
122 0.00390514
123 0.00390515
124 0.00390518
125 0.00390523
126 0.00390525
127 0.00390532
128 0.00390569
129 0.00390536
130 0.00390539
131 0.00390542
132 0.00390547
133 0.00390551
134 0.00390565
135 0.0039056
136 0.00390563
137 0.00390568
138 0.00390577
139 0.00390563
140 0.00390582
141 0.00390583
142 0.00390585
143 0.00390592
144 0.00390594
145 0.003906
146 0.00390603
147 0.00390607
148 0.00390611
149 0.00390614
150 0.0039062
151 0.00390625
152 0.00390625
153 0.0039063
154 0.00390637
155 0.00390638
156 0.00390644
157 0.00390648
158 0.00390652
159 0.00390655
160 0.00390663
161 0.00390669
162 0.00390671
163 0.00390675
164 0.00390679
165 0.00390683
166 0.00390693
167 0.00390693
168 0.00390698
169 0.00390702
170 0.00390707
171 0.00390711
172 0.00390715
173 0.0039072
174 0.00390728
175 0.00390733
176 0.00390737
177 0.00390741
178 0.00390735
179 0.00390749
180 0.00390752
181 0.00390758
182 0.00390765
183 0.00390768
184 0.00390775
185 0.00390779
186 0.00390783
187 0.00390787
188 0.00390796
189 0.003908
190 0.00390808
191 0.00390812
192 0.00390817
193 0.00390824
194 0.00390832
195 0.00390835
196 0.00390839
197 0.00390843
198 0.00390853
199 0.00390859
200 0.00390866
201 0.00390872
202 0.00390881
203 0.00390883
204 0.00390889
205 0.00390891
206 0.003909
207 0.00390915
208 0.00390914
209 0.00390919
210 0.00390922
211 0.0039093
212 0.00390936
213 0.00390941
214 0.00390948
215 0.00390953
216 0.00390961
217 0.00390969
218 0.00390976
219 0.00390978
220 0.00391009
221 0.00390986
222 0.00390998
223 0.00391007
224 0.00391024
225 0.00391018
226 0.00391031
227 0.00391032
228 0.00391043
229 0.00391039
230 0.00391052
231 0.00391056
232 0.00391073
233 0.00391063
234 0.00391088
235 0.00391078
236 0.00391047
237 0.00391104
238 0.00391117
239 0.00391127
240 0.00391136
241 0.0039114
242 0.00391148
243 0.00391156
244 0.00391164
245 0.00391174
246 0.00391181
247 0.00391186
248 0.003912
249 0.00391209
250 0.00391217
251 0.00391223
252 0.00391229
253 0.00391246
254 0.00391253
255 0.00391266
