0 0.00391128
1 0.00390512
2 0.00390511
3 0.00390511
4 0.00390518
5 0.00390515
6 0.00390513
7 0.00390513
8 0.00390515
9 0.00390516
10 0.00390516
11 0.00390518
12 0.00390517
13 0.00390518
14 0.0039052
15 0.00390521
16 0.00390522
17 0.00390523
18 0.00390525
19 0.00390527
20 0.00390526
21 0.00390527
22 0.00390528
23 0.0039053
24 0.00390529
25 0.00390531
26 0.00390532
27 0.0039053
28 0.00390532
29 0.00390533
30 0.00390536
31 0.00390535
32 0.00390536
33 0.00390536
34 0.00390538
35 0.00390539
36 0.0039054
37 0.00390541
38 0.00390544
39 0.00390542
40 0.00390544
41 0.00390544
42 0.00390547
43 0.00390549
44 0.00390546
45 0.00390548
46 0.00390548
47 0.00390549
48 0.0039055
49 0.00390552
50 0.00390554
51 0.00390554
52 0.00390553
53 0.00390556
54 0.00390556
55 0.00390558
56 0.00390557
57 0.0039056
58 0.00390562
59 0.00390561
60 0.00390564
61 0.00390562
62 0.00390564
63 0.00390566
64 0.00390566
65 0.00390566
66 0.00390567
67 0.00390572
68 0.00390569
69 0.0039057
70 0.00390574
71 0.00390573
72 0.00390574
73 0.00390573
74 0.00390574
75 0.00390575
76 0.00390576
77 0.00390577
78 0.00390581
79 0.00390579
80 0.00390579
81 0.00390581
82 0.00390583
83 0.00390582
84 0.00390585
85 0.00390584
86 0.00390585
87 0.00390587
88 0.00390588
89 0.00390587
90 0.0039059
91 0.00390591
92 0.00390591
93 0.00390589
94 0.00390592
95 0.00390592
96 0.00390593
97 0.00390594
98 0.00390593
99 0.00390596
100 0.003906
101 0.00390598
102 0.00390597
103 0.00390598
104 0.003906
105 0.003906
106 0.003906
107 0.00390603
108 0.00390602
109 0.00390603
110 0.00390603
111 0.00390604
112 0.00390605
113 0.00390606
114 0.00390605
115 0.00390608
116 0.00390606
117 0.00390609
118 0.00390609
119 0.00390609
120 0.00390611
121 0.00390611
122 0.00390611
123 0.00390613
124 0.00390614
125 0.00390614
126 0.00390613
127 0.00390617
128 0.00390615
129 0.00390615
130 0.00390617
131 0.00390619
132 0.00390617
133 0.00390618
134 0.00390619
135 0.0039062
136 0.00390622
137 0.00390619
138 0.00390621
139 0.00390621
140 0.00390624
141 0.00390623
142 0.00390621
143 0.00390622
144 0.00390623
145 0.00390623
146 0.00390624
147 0.00390624
148 0.00390625
149 0.00390624
150 0.00390626
151 0.00390627
152 0.00390625
153 0.00390626
154 0.00390627
155 0.00390629
156 0.00390629
157 0.00390627
158 0.00390627
159 0.00390628
160 0.00390628
161 0.00390629
162 0.0039063
163 0.00390631
164 0.0039063
165 0.00390631
166 0.00390631
167 0.00390631
168 0.00390628
169 0.00390629
170 0.00390632
171 0.0039063
172 0.00390631
173 0.00390632
174 0.00390633
175 0.00390633
176 0.00390632
177 0.00390632
178 0.00390631
179 0.00390632
180 0.0039063
181 0.00390632
182 0.00390632
183 0.00390631
184 0.00390634
185 0.00390632
186 0.0039063
187 0.0039063
188 0.00390631
189 0.00390632
190 0.0039063
191 0.00390631
192 0.00390633
193 0.0039063
194 0.0039063
195 0.00390631
196 0.0039063
197 0.00390634
198 0.00390613
199 0.00390721
200 0.0039068
201 0.00390685
202 0.00390685
203 0.00390685
204 0.00390689
205 0.0039069
206 0.00390692
207 0.00390695
208 0.003907
209 0.00390701
210 0.00390702
211 0.00390705
212 0.00390709
213 0.0039071
214 0.00390712
215 0.00390712
216 0.00390718
217 0.00390721
218 0.00390722
219 0.00390723
220 0.00390728
221 0.0039073
222 0.00390733
223 0.00390733
224 0.00390736
225 0.0039074
226 0.00390743
227 0.00390743
228 0.00390748
229 0.00390749
230 0.00390752
231 0.00390756
232 0.00390758
233 0.0039076
234 0.00390765
235 0.00390764
236 0.00390768
237 0.00390773
238 0.00390775
239 0.00390777
240 0.00390779
241 0.00390783
242 0.00390785
243 0.0039079
244 0.00390792
245 0.00390796
246 0.00390798
247 0.003908
248 0.00390806
249 0.00390809
250 0.0039081
251 0.00390814
252 0.00390818
253 0.0039082
254 0.00390825
255 0.00390827
