0 0.00391081
1 0.00390526
2 0.00390525
3 0.00390525
4 0.0039053
5 0.00390529
6 0.00390528
7 0.0039053
8 0.0039053
9 0.00390532
10 0.00390533
11 0.00390533
12 0.00390532
13 0.00390534
14 0.00390536
15 0.00390537
16 0.00390537
17 0.00390539
18 0.00390538
19 0.00390538
20 0.00390539
21 0.00390539
22 0.00390541
23 0.0039054
24 0.00390541
25 0.00390543
26 0.00390543
27 0.00390546
28 0.00390546
29 0.00390547
30 0.00390546
31 0.00390549
32 0.00390549
33 0.0039055
34 0.00390551
35 0.0039055
36 0.00390552
37 0.00390553
38 0.00390553
39 0.00390555
40 0.00390555
41 0.00390555
42 0.00390557
43 0.00390559
44 0.00390561
45 0.00390562
46 0.00390561
47 0.00390563
48 0.00390565
49 0.00390566
50 0.00390565
51 0.00390566
52 0.00390564
53 0.00390569
54 0.00390567
55 0.00390568
56 0.00390571
57 0.00390572
58 0.00390572
59 0.00390572
60 0.00390572
61 0.00390573
62 0.00390575
63 0.00390576
64 0.00390576
65 0.00390577
66 0.00390578
67 0.00390578
68 0.00390579
69 0.00390581
70 0.00390581
71 0.0039058
72 0.00390583
73 0.00390583
74 0.00390583
75 0.00390584
76 0.00390587
77 0.00390585
78 0.00390585
79 0.00390588
80 0.0039059
81 0.00390589
82 0.0039059
83 0.0039059
84 0.0039059
85 0.00390591
86 0.00390592
87 0.00390593
88 0.00390597
89 0.00390595
90 0.00390597
91 0.00390597
92 0.00390598
93 0.00390596
94 0.00390598
95 0.00390601
96 0.00390602
97 0.00390601
98 0.00390603
99 0.00390602
100 0.00390604
101 0.00390604
102 0.00390606
103 0.00390606
104 0.00390605
105 0.00390606
106 0.00390607
107 0.00390609
108 0.00390611
109 0.00390608
110 0.00390608
111 0.00390611
112 0.0039061
113 0.00390612
114 0.00390614
115 0.00390614
116 0.00390614
117 0.00390614
118 0.00390615
119 0.00390615
120 0.00390614
121 0.00390614
122 0.00390617
123 0.00390618
124 0.0039062
125 0.00390618
126 0.0039062
127 0.0039062
128 0.00390626
129 0.00390622
130 0.00390622
131 0.00390622
132 0.00390622
133 0.00390623
134 0.00390624
135 0.00390625
136 0.00390624
137 0.00390623
138 0.00390625
139 0.00390627
140 0.00390628
141 0.00390626
142 0.00390628
143 0.0039063
144 0.00390627
145 0.00390629
146 0.00390627
147 0.0039063
148 0.0039063
149 0.00390631
150 0.00390629
151 0.00390631
152 0.0039063
153 0.00390632
154 0.00390631
155 0.00390633
156 0.00390633
157 0.00390633
158 0.00390633
159 0.00390633
160 0.00390633
161 0.00390634
162 0.00390633
163 0.00390633
164 0.00390635
165 0.00390635
166 0.00390635
167 0.00390636
168 0.00390636
169 0.00390636
170 0.00390635
171 0.00390636
172 0.00390636
173 0.00390636
174 0.00390637
175 0.00390635
176 0.00390637
177 0.00390635
178 0.00390636
179 0.00390636
180 0.00390635
181 0.00390635
182 0.00390636
183 0.00390638
184 0.00390635
185 0.00390634
186 0.00390638
187 0.00390637
188 0.00390635
189 0.00390636
190 0.00390636
191 0.00390636
192 0.00390638
193 0.00390635
194 0.00390635
195 0.00390635
196 0.00390634
197 0.00390635
198 0.00390635
199 0.00390634
200 0.00390635
201 0.00390633
202 0.00390633
203 0.00390632
204 0.00390632
205 0.00390633
206 0.00390632
207 0.0039063
208 0.00390632
209 0.00390631
210 0.0039063
211 0.00390631
212 0.0039063
213 0.00390633
214 0.00390614
215 0.00390692
216 0.00390708
217 0.00390716
218 0.00390715
219 0.00390717
220 0.00390717
221 0.00390721
222 0.00390724
223 0.00390727
224 0.00390727
225 0.0039073
226 0.00390734
227 0.00390735
228 0.00390738
229 0.0039074
230 0.00390742
231 0.00390743
232 0.00390748
233 0.0039075
234 0.00390751
235 0.00390753
236 0.00390757
237 0.00390758
238 0.00390762
239 0.00390764
240 0.00390768
241 0.00390769
242 0.0039077
243 0.00390775
244 0.00390777
245 0.00390781
246 0.00390782
247 0.00390787
248 0.00390785
249 0.00390791
250 0.00390794
251 0.00390796
252 0.00390801
253 0.00390802
254 0.00390806
255 0.00390812
