0 0.00391214
1 0.00390488
2 0.00390488
3 0.00390487
4 0.00390496
5 0.00390489
6 0.00390491
7 0.00390496
8 0.00390494
9 0.00390495
10 0.00390496
11 0.00390497
12 0.00390496
13 0.00390501
14 0.00390501
15 0.00390501
16 0.003905
17 0.00390505
18 0.00390506
19 0.00390504
20 0.00390505
21 0.00390507
22 0.00390509
23 0.00390511
24 0.00390508
25 0.0039051
26 0.00390514
27 0.00390513
28 0.00390516
29 0.00390515
30 0.00390516
31 0.00390516
32 0.00390519
33 0.00390521
34 0.00390522
35 0.00390521
36 0.00390522
37 0.00390523
38 0.00390527
39 0.00390527
40 0.00390526
41 0.00390528
42 0.00390529
43 0.00390529
44 0.00390529
45 0.00390531
46 0.00390531
47 0.00390535
48 0.00390537
49 0.00390535
50 0.00390537
51 0.00390537
52 0.0039054
53 0.00390541
54 0.0039054
55 0.00390542
56 0.00390544
57 0.00390545
58 0.00390546
59 0.00390546
60 0.00390548
61 0.00390549
62 0.0039055
63 0.0039055
64 0.00390554
65 0.00390551
66 0.00390553
67 0.00390555
68 0.00390555
69 0.00390554
70 0.00390558
71 0.00390558
72 0.0039056
73 0.00390561
74 0.00390559
75 0.00390563
76 0.00390564
77 0.00390564
78 0.00390566
79 0.00390565
80 0.00390568
81 0.00390569
82 0.00390569
83 0.00390572
84 0.00390571
85 0.00390576
86 0.00390575
87 0.0039057
88 0.00390578
89 0.00390577
90 0.00390579
91 0.0039058
92 0.0039058
93 0.00390584
94 0.00390583
95 0.00390583
96 0.00390584
97 0.00390586
98 0.00390588
99 0.00390587
100 0.00390587
101 0.0039059
102 0.00390589
103 0.00390591
104 0.0039059
105 0.00390592
106 0.00390593
107 0.00390595
108 0.00390595
109 0.00390595
110 0.00390597
111 0.00390599
112 0.00390596
113 0.00390599
114 0.00390598
115 0.003906
116 0.00390599
117 0.00390601
118 0.00390602
119 0.00390604
120 0.00390603
121 0.00390604
122 0.00390604
123 0.00390607
124 0.00390607
125 0.00390607
126 0.00390607
127 0.00390608
128 0.00390612
129 0.00390608
130 0.00390609
131 0.00390612
132 0.00390612
133 0.00390612
134 0.00390612
135 0.00390614
136 0.00390615
137 0.00390615
138 0.00390613
139 0.00390615
140 0.00390614
141 0.00390616
142 0.00390617
143 0.00390616
144 0.00390617
145 0.00390619
146 0.00390616
147 0.0039062
148 0.00390618
149 0.0039062
150 0.0039062
151 0.00390621
152 0.00390621
153 0.00390621
154 0.00390622
155 0.00390623
156 0.0039062
157 0.00390626
158 0.00390622
159 0.00390623
160 0.00390623
161 0.00390624
162 0.00390624
163 0.00390624
164 0.00390625
165 0.00390625
166 0.00390625
167 0.00390625
168 0.00390626
169 0.00390627
170 0.00390626
171 0.00390625
172 0.00390629
173 0.00390609
174 0.00390786
175 0.00390631
176 0.00390634
177 0.00390635
178 0.00390636
179 0.0039064
180 0.00390641
181 0.00390645
182 0.00390647
183 0.00390646
184 0.00390651
185 0.00390652
186 0.00390654
187 0.00390657
188 0.00390659
189 0.00390662
190 0.00390665
191 0.00390667
192 0.00390671
193 0.00390671
194 0.00390675
195 0.00390676
196 0.00390679
197 0.00390681
198 0.00390685
199 0.00390685
200 0.00390693
201 0.00390693
202 0.00390695
203 0.00390698
204 0.003907
205 0.00390702
206 0.00390704
207 0.00390709
208 0.00390712
209 0.00390714
210 0.00390717
211 0.00390718
212 0.00390722
213 0.00390723
214 0.0039073
215 0.00390728
216 0.00390733
217 0.00390735
218 0.00390738
219 0.00390741
220 0.00390745
221 0.00390746
222 0.00390749
223 0.00390753
224 0.00390757
225 0.00390758
226 0.00390762
227 0.00390764
228 0.00390769
229 0.00390771
230 0.00390776
231 0.00390777
232 0.00390782
233 0.00390786
234 0.00390787
235 0.0039079
236 0.00390796
237 0.00390798
238 0.00390801
239 0.00390804
240 0.00390809
241 0.0039081
242 0.00390815
243 0.00390818
244 0.00390822
245 0.00390826
246 0.00390832
247 0.00390832
248 0.00390836
249 0.00390839
250 0.00390843
251 0.00390848
252 0.0039085
253 0.00390855
254 0.00390857
255 0.00390863
