0 0.00392593
1 0.00390436
2 0.00390437
3 0.00390441
4 0.0039048
5 0.00390461
6 0.00390451
7 0.00390479
8 0.00390393
9 0.00392933
10 0.00390211
11 0.00390222
12 0.00390216
13 0.00390218
14 0.00390222
15 0.00390221
16 0.00390234
17 0.00390233
18 0.00390232
19 0.00390232
20 0.00390238
21 0.0039024
22 0.00390244
23 0.00390243
24 0.00390248
25 0.00390251
26 0.00390252
27 0.00390254
28 0.00390258
29 0.00390258
30 0.0039026
31 0.00390307
32 0.00390273
33 0.00390265
34 0.00390273
35 0.0039027
36 0.00390278
37 0.00390279
38 0.0039028
39 0.00390283
40 0.00390287
41 0.00390286
42 0.0039029
43 0.00390294
44 0.00390296
45 0.00390297
46 0.00390301
47 0.00390309
48 0.00390306
49 0.00390309
50 0.00390311
51 0.00390311
52 0.00390315
53 0.0039032
54 0.00390319
55 0.00390322
56 0.00390323
57 0.00390329
58 0.00390329
59 0.00390334
60 0.00390337
61 0.00390337
62 0.00390336
63 0.00390342
64 0.00390348
65 0.0039035
66 0.00390351
67 0.00390351
68 0.00390354
69 0.00390359
70 0.0039036
71 0.00390364
72 0.00390364
73 0.00390366
74 0.00390369
75 0.00390372
76 0.00390376
77 0.00390377
78 0.00390378
79 0.00390384
80 0.00390386
81 0.00390388
82 0.00390388
83 0.00390393
84 0.00390397
85 0.00390398
86 0.00390401
87 0.00390402
88 0.00390406
89 0.00390409
90 0.00390414
91 0.00390414
92 0.00390418
93 0.00390419
94 0.00390425
95 0.00390423
96 0.0039043
97 0.00390434
98 0.00390435
99 0.00390437
100 0.00390439
101 0.00390447
102 0.00390448
103 0.00390451
104 0.00390453
105 0.00390457
106 0.00390458
107 0.00390462
108 0.00390466
109 0.00390468
110 0.00390474
111 0.00390477
112 0.00390479
113 0.00390483
114 0.00390484
115 0.00390488
116 0.0039049
117 0.00390495
118 0.00390499
119 0.00390503
120 0.00390507
121 0.00390509
122 0.00390511
123 0.00390519
124 0.0039052
125 0.00390524
126 0.00390528
127 0.00390535
128 0.0039057
129 0.00390535
130 0.00390541
131 0.00390541
132 0.00390549
133 0.00390561
134 0.00390556
135 0.00390562
136 0.00390568
137 0.00390558
138 0.00390575
139 0.00390575
140 0.00390581
141 0.00390581
142 0.00390588
143 0.00390592
144 0.00390598
145 0.003906
146 0.00390602
147 0.00390606
148 0.0039061
149 0.00390617
150 0.00390618
151 0.00390624
152 0.0039063
153 0.00390632
154 0.00390636
155 0.0039064
156 0.00390646
157 0.00390648
158 0.00390654
159 0.00390658
160 0.0039066
161 0.00390668
162 0.00390669
163 0.00390674
164 0.00390682
165 0.00390685
166 0.00390688
167 0.00390694
168 0.00390701
169 0.00390707
170 0.00390709
171 0.00390714
172 0.00390717
173 0.00390726
174 0.00390728
175 0.00390727
176 0.00390739
177 0.00390742
178 0.00390748
179 0.00390754
180 0.00390759
181 0.00390766
182 0.00390769
183 0.00390774
184 0.00390778
185 0.00390783
186 0.00390789
187 0.00390794
188 0.00390801
189 0.00390804
190 0.00390811
191 0.00390828
192 0.00390828
193 0.00390829
194 0.00390833
195 0.00390838
196 0.00390847
197 0.00390851
198 0.00390857
199 0.00390865
200 0.00390874
201 0.00390873
202 0.00390884
203 0.00390883
204 0.00390891
205 0.00390901
206 0.00390903
207 0.0039091
208 0.00390916
209 0.0039092
210 0.00390929
211 0.00390931
212 0.0039094
213 0.00390946
214 0.00390952
215 0.00390961
216 0.00390971
217 0.00390971
218 0.00390998
219 0.00390979
220 0.00390988
221 0.00390993
222 0.00391012
223 0.0039101
224 0.00391029
225 0.00391026
226 0.00391036
227 0.0039103
228 0.00391042
229 0.00391049
230 0.00391064
231 0.0039106
232 0.0039108
233 0.00391069
234 0.00391033
235 0.00391096
236 0.00391098
237 0.00391116
238 0.00391123
239 0.00391131
240 0.00391138
241 0.00391147
242 0.00391157
243 0.00391164
244 0.00391171
245 0.00391179
246 0.00391187
247 0.00391199
248 0.00391204
249 0.00391206
250 0.00391218
251 0.00391237
252 0.00391243
253 0.00391252
254 0.00391262
255 0.00391277
