0 0.00392451
1 0.00390431
2 0.00390432
3 0.00390431
4 0.00390477
5 0.00390447
6 0.00390452
7 0.00390451
8 0.00390458
9 0.00390462
10 0.00390467
11 0.0039046
12 0.00390466
13 0.00390471
14 0.00390475
15 0.00390473
16 0.00390479
17 0.00390492
18 0.00390414
19 0.0039262
20 0.0039024
21 0.00390249
22 0.00390248
23 0.00390247
24 0.00390251
25 0.00390251
26 0.00390256
27 0.00390257
28 0.0039026
29 0.00390264
30 0.00390262
31 0.00390303
32 0.00390277
33 0.00390269
34 0.00390278
35 0.00390271
36 0.00390281
37 0.0039028
38 0.00390282
39 0.00390284
40 0.0039029
41 0.0039029
42 0.00390296
43 0.00390295
44 0.00390301
45 0.003903
46 0.00390304
47 0.00390311
48 0.00390311
49 0.0039031
50 0.00390321
51 0.00390312
52 0.00390318
53 0.00390321
54 0.00390322
55 0.00390323
56 0.00390326
57 0.00390327
58 0.00390333
59 0.00390335
60 0.00390337
61 0.0039034
62 0.00390344
63 0.00390345
64 0.00390351
65 0.00390357
66 0.00390357
67 0.00390349
68 0.00390356
69 0.00390359
70 0.00390361
71 0.00390373
72 0.00390368
73 0.0039037
74 0.00390371
75 0.00390373
76 0.00390378
77 0.00390379
78 0.00390381
79 0.00390379
80 0.00390385
81 0.00390391
82 0.00390397
83 0.00390397
84 0.00390397
85 0.00390399
86 0.00390402
87 0.00390405
88 0.00390409
89 0.00390409
90 0.00390412
91 0.00390415
92 0.00390419
93 0.00390418
94 0.00390426
95 0.00390435
96 0.00390431
97 0.00390429
98 0.00390423
99 0.00390435
100 0.00390439
101 0.00390441
102 0.00390444
103 0.00390449
104 0.00390451
105 0.00390452
106 0.00390456
107 0.00390461
108 0.00390462
109 0.00390466
110 0.00390468
111 0.00390473
112 0.00390474
113 0.00390479
114 0.00390485
115 0.00390484
116 0.0039049
117 0.00390491
118 0.00390496
119 0.00390499
120 0.00390519
121 0.00390505
122 0.0039051
123 0.00390511
124 0.00390516
125 0.00390518
126 0.0039052
127 0.0039053
128 0.00390563
129 0.00390531
130 0.00390537
131 0.00390539
132 0.00390543
133 0.00390544
134 0.0039055
135 0.00390553
136 0.00390553
137 0.0039056
138 0.00390573
139 0.0039057
140 0.00390573
141 0.00390577
142 0.00390581
143 0.00390584
144 0.00390589
145 0.00390594
146 0.00390603
147 0.0039059
148 0.00390609
149 0.00390609
150 0.00390613
151 0.00390617
152 0.00390619
153 0.00390622
154 0.00390628
155 0.00390632
156 0.00390637
157 0.00390639
158 0.00390645
159 0.00390648
160 0.00390654
161 0.00390658
162 0.0039066
163 0.00390666
164 0.0039067
165 0.00390674
166 0.00390679
167 0.00390682
168 0.00390689
169 0.00390691
170 0.00390697
171 0.00390701
172 0.00390706
173 0.00390712
174 0.00390719
175 0.00390725
176 0.00390732
177 0.00390732
178 0.00390734
179 0.00390735
180 0.00390742
181 0.00390743
182 0.00390755
183 0.00390762
184 0.00390766
185 0.00390769
186 0.00390775
187 0.00390778
188 0.00390784
189 0.00390782
190 0.00390791
191 0.00390796
192 0.00390801
193 0.00390835
194 0.00390816
195 0.00390821
196 0.00390828
197 0.00390832
198 0.00390841
199 0.00390842
200 0.00390847
201 0.00390853
202 0.00390861
203 0.00390869
204 0.00390874
205 0.0039088
206 0.00390884
207 0.00390889
208 0.00390901
209 0.00390907
210 0.00390915
211 0.00390916
212 0.00390919
213 0.00390925
214 0.00390937
215 0.00390943
216 0.00390947
217 0.00390951
218 0.00390956
219 0.00390962
220 0.0039097
221 0.00390977
222 0.00390988
223 0.00390991
224 0.00391003
225 0.00391006
226 0.00391013
227 0.00391017
228 0.00391041
229 0.00391024
230 0.00391039
231 0.00391044
232 0.00391054
233 0.00391053
234 0.00391068
235 0.00391068
236 0.00391079
237 0.00391078
238 0.003911
239 0.00391092
240 0.00391122
241 0.00391112
242 0.00391135
243 0.00391127
244 0.003911
245 0.00391146
246 0.00391169
247 0.00391171
248 0.00391194
249 0.00391185
250 0.00391194
251 0.00391201
252 0.0039121
253 0.00391218
254 0.00391227
255 0.00391239
