0 0.00391345
1 0.00390464
2 0.00390471
3 0.00390465
4 0.00390476
5 0.00390468
6 0.00390471
7 0.00390473
8 0.00390472
9 0.00390475
10 0.00390475
11 0.00390477
12 0.00390478
13 0.00390477
14 0.0039048
15 0.00390483
16 0.00390485
17 0.00390483
18 0.00390489
19 0.00390486
20 0.00390488
21 0.00390489
22 0.0039049
23 0.0039049
24 0.00390492
25 0.00390492
26 0.00390495
27 0.00390497
28 0.00390499
29 0.00390498
30 0.003905
31 0.00390503
32 0.00390504
33 0.00390504
34 0.00390507
35 0.00390506
36 0.00390509
37 0.00390509
38 0.00390508
39 0.0039051
40 0.0039051
41 0.00390512
42 0.00390515
43 0.00390517
44 0.00390517
45 0.00390517
46 0.00390518
47 0.00390522
48 0.00390521
49 0.00390523
50 0.00390524
51 0.00390525
52 0.00390527
53 0.00390528
54 0.00390529
55 0.00390527
56 0.00390531
57 0.00390533
58 0.00390534
59 0.00390534
60 0.00390536
61 0.00390536
62 0.00390539
63 0.00390539
64 0.00390543
65 0.00390542
66 0.00390542
67 0.00390543
68 0.00390545
69 0.00390548
70 0.00390548
71 0.00390549
72 0.0039055
73 0.00390556
74 0.00390551
75 0.00390554
76 0.00390553
77 0.00390555
78 0.00390556
79 0.00390556
80 0.00390559
81 0.0039056
82 0.00390563
83 0.00390562
84 0.00390561
85 0.00390564
86 0.00390565
87 0.00390567
88 0.00390568
89 0.00390567
90 0.00390571
91 0.00390571
92 0.00390571
93 0.00390572
94 0.00390572
95 0.00390574
96 0.00390577
97 0.00390575
98 0.00390576
99 0.0039058
100 0.00390581
101 0.00390581
102 0.00390582
103 0.00390582
104 0.00390585
105 0.00390583
106 0.00390586
107 0.00390587
108 0.00390589
109 0.00390588
110 0.00390591
111 0.00390592
112 0.00390594
113 0.00390592
114 0.00390595
115 0.00390596
116 0.00390597
117 0.003906
118 0.003906
119 0.00390601
120 0.003906
121 0.00390603
122 0.003906
123 0.00390604
124 0.00390604
125 0.00390604
126 0.00390606
127 0.00390605
128 0.00390612
129 0.00390608
130 0.00390607
131 0.00390611
132 0.0039061
133 0.00390611
134 0.0039061
135 0.00390613
136 0.00390612
137 0.00390614
138 0.00390615
139 0.00390616
140 0.00390617
141 0.00390614
142 0.00390616
143 0.00390618
144 0.00390591
145 0.00390903
146 0.00390568
147 0.00390573
148 0.00390572
149 0.00390574
150 0.00390576
151 0.00390581
152 0.00390581
153 0.00390584
154 0.00390587
155 0.00390589
156 0.00390591
157 0.00390592
158 0.00390595
159 0.00390597
160 0.00390599
161 0.00390602
162 0.00390604
163 0.00390605
164 0.00390609
165 0.00390611
166 0.00390614
167 0.00390617
168 0.00390617
169 0.0039062
170 0.00390623
171 0.00390625
172 0.00390628
173 0.0039063
174 0.00390634
175 0.00390636
176 0.00390639
177 0.00390641
178 0.00390643
179 0.00390647
180 0.00390649
181 0.00390651
182 0.00390651
183 0.00390658
184 0.0039066
185 0.00390661
186 0.00390664
187 0.00390669
188 0.00390671
189 0.00390673
190 0.00390676
191 0.00390679
192 0.00390682
193 0.00390681
194 0.00390687
195 0.00390691
196 0.00390692
197 0.00390696
198 0.00390697
199 0.00390704
200 0.00390703
201 0.0039071
202 0.00390709
203 0.00390714
204 0.00390717
205 0.00390719
206 0.00390724
207 0.00390724
208 0.00390728
209 0.00390731
210 0.00390738
211 0.0039074
212 0.00390743
213 0.00390746
214 0.0039075
215 0.00390752
216 0.00390755
217 0.0039076
218 0.00390762
219 0.00390766
220 0.00390768
221 0.00390774
222 0.00390776
223 0.0039078
224 0.00390785
225 0.00390789
226 0.00390792
227 0.00390796
228 0.00390798
229 0.00390805
230 0.00390806
231 0.00390813
232 0.00390813
233 0.00390818
234 0.00390822
235 0.00390824
236 0.0039083
237 0.00390836
238 0.00390839
239 0.00390841
240 0.00390847
241 0.00390851
242 0.00390854
243 0.00390858
244 0.00390862
245 0.00390865
246 0.00390869
247 0.00390875
248 0.00390879
249 0.00390884
250 0.00390886
251 0.00390891
252 0.00390895
253 0.00390899
254 0.00390905
255 0.00390908
