0 0.00391347
1 0.00390463
2 0.00390464
3 0.00390463
4 0.00390475
5 0.00390467
6 0.00390471
7 0.00390468
8 0.00390474
9 0.00390473
10 0.00390475
11 0.00390475
12 0.00390479
13 0.00390478
14 0.00390478
15 0.00390481
16 0.00390481
17 0.00390483
18 0.00390484
19 0.00390486
20 0.00390487
21 0.00390488
22 0.00390489
23 0.00390491
24 0.00390492
25 0.00390493
26 0.00390494
27 0.00390496
28 0.00390498
29 0.00390498
30 0.00390499
31 0.00390501
32 0.00390504
33 0.00390504
34 0.00390504
35 0.00390507
36 0.00390507
37 0.00390507
38 0.0039051
39 0.00390511
40 0.00390511
41 0.00390514
42 0.00390511
43 0.00390514
44 0.00390518
45 0.00390517
46 0.00390519
47 0.00390518
48 0.00390519
49 0.00390523
50 0.00390524
51 0.00390525
52 0.00390527
53 0.00390527
54 0.00390529
55 0.00390529
56 0.0039053
57 0.00390532
58 0.00390532
59 0.00390534
60 0.00390535
61 0.00390539
62 0.00390537
63 0.0039054
64 0.00390541
65 0.00390542
66 0.00390541
67 0.00390543
68 0.00390546
69 0.00390545
70 0.00390545
71 0.00390547
72 0.00390541
73 0.00390551
74 0.00390552
75 0.00390552
76 0.00390554
77 0.00390553
78 0.00390555
79 0.00390557
80 0.00390558
81 0.00390561
82 0.00390561
83 0.00390561
84 0.00390564
85 0.00390565
86 0.00390566
87 0.00390565
88 0.00390566
89 0.00390568
90 0.00390569
91 0.00390568
92 0.00390569
93 0.00390573
94 0.00390573
95 0.00390574
96 0.00390578
97 0.00390576
98 0.00390578
99 0.00390579
100 0.0039058
101 0.00390581
102 0.00390581
103 0.00390582
104 0.00390582
105 0.00390585
106 0.00390584
107 0.00390587
108 0.00390586
109 0.00390587
110 0.00390587
111 0.0039059
112 0.00390591
113 0.00390592
114 0.00390593
115 0.00390595
116 0.00390597
117 0.00390598
118 0.00390601
119 0.003906
120 0.00390601
121 0.00390603
122 0.00390603
123 0.00390604
124 0.00390604
125 0.00390605
126 0.00390606
127 0.00390608
128 0.00390611
129 0.00390607
130 0.00390607
131 0.00390609
132 0.0039061
133 0.00390612
134 0.00390609
135 0.00390611
136 0.00390612
137 0.00390613
138 0.00390613
139 0.00390612
140 0.00390612
141 0.00390615
142 0.00390619
143 0.00390589
144 0.00390936
145 0.00390566
146 0.00390569
147 0.00390569
148 0.00390571
149 0.00390573
150 0.00390576
151 0.00390576
152 0.0039058
153 0.00390582
154 0.00390585
155 0.00390587
156 0.00390588
157 0.0039059
158 0.00390594
159 0.00390595
160 0.00390597
161 0.00390602
162 0.00390603
163 0.00390607
164 0.00390609
165 0.0039061
166 0.00390613
167 0.00390616
168 0.00390617
169 0.00390619
170 0.00390623
171 0.00390624
172 0.00390626
173 0.00390628
174 0.00390634
175 0.00390638
176 0.00390639
177 0.00390642
178 0.00390644
179 0.00390645
180 0.00390649
181 0.0039065
182 0.00390654
183 0.00390656
184 0.00390658
185 0.00390664
186 0.00390664
187 0.00390667
188 0.00390671
189 0.00390673
190 0.00390675
191 0.00390681
192 0.00390681
193 0.00390687
194 0.00390689
195 0.00390691
196 0.00390694
197 0.00390696
198 0.00390699
199 0.00390702
200 0.00390703
201 0.00390709
202 0.00390712
203 0.00390715
204 0.00390719
205 0.00390719
206 0.00390724
207 0.00390728
208 0.00390731
209 0.00390735
210 0.00390737
211 0.00390741
212 0.00390743
213 0.00390748
214 0.00390752
215 0.00390755
216 0.00390758
217 0.00390761
218 0.00390767
219 0.00390769
220 0.00390774
221 0.00390776
222 0.00390779
223 0.00390785
224 0.00390789
225 0.00390791
226 0.00390794
227 0.00390799
228 0.00390802
229 0.00390804
230 0.00390809
231 0.00390814
232 0.00390816
233 0.00390821
234 0.00390823
235 0.00390829
236 0.00390833
237 0.00390836
238 0.0039084
239 0.00390846
240 0.00390848
241 0.00390853
242 0.00390856
243 0.00390863
244 0.00390865
245 0.0039087
246 0.00390872
247 0.00390877
248 0.00390882
249 0.00390887
250 0.00390891
251 0.00390895
252 0.00390901
253 0.00390905
254 0.0039091
255 0.00390912
