0 0.00392381
1 0.00390429
2 0.0039043
3 0.00390432
4 0.0039046
5 0.00390442
6 0.00390446
7 0.00390447
8 0.00390454
9 0.00390469
10 0.00390457
11 0.00390461
12 0.00390441
13 0.00390464
14 0.00390467
15 0.00390473
16 0.00390473
17 0.00390473
18 0.00390478
19 0.00390476
20 0.00390477
21 0.00390483
22 0.00390499
23 0.00390413
24 0.00392483
25 0.00390256
26 0.00390261
27 0.0039026
28 0.00390261
29 0.00390265
30 0.00390264
31 0.0039025
32 0.0039027
33 0.00390279
34 0.00390272
35 0.00390281
36 0.00390276
37 0.00390286
38 0.00390281
39 0.00390291
40 0.00390287
41 0.00390294
42 0.00390292
43 0.00390298
44 0.00390297
45 0.00390301
46 0.00390301
47 0.00390312
48 0.00390308
49 0.00390315
50 0.00390315
51 0.00390318
52 0.00390317
53 0.00390324
54 0.00390322
55 0.00390325
56 0.00390331
57 0.00390331
58 0.00390333
59 0.00390338
60 0.00390337
61 0.00390343
62 0.00390339
63 0.00390345
64 0.00390351
65 0.00390354
66 0.00390354
67 0.00390358
68 0.0039036
69 0.00390361
70 0.0039036
71 0.00390368
72 0.00390367
73 0.00390371
74 0.0039037
75 0.00390376
76 0.00390377
77 0.00390382
78 0.00390381
79 0.00390387
80 0.00390386
81 0.00390391
82 0.00390391
83 0.00390397
84 0.00390397
85 0.003904
86 0.00390404
87 0.00390408
88 0.00390408
89 0.00390413
90 0.00390416
91 0.00390422
92 0.00390423
93 0.0039043
94 0.0039043
95 0.00390436
96 0.00390438
97 0.00390435
98 0.00390433
99 0.00390437
100 0.00390438
101 0.00390441
102 0.00390439
103 0.00390445
104 0.00390435
105 0.00390438
106 0.0039044
107 0.00390453
108 0.00390453
109 0.00390459
110 0.0039046
111 0.00390468
112 0.00390467
113 0.00390551
114 0.00390481
115 0.00390484
116 0.00390485
117 0.00390491
118 0.0039049
119 0.00390497
120 0.00390501
121 0.00390503
122 0.00390505
123 0.00390509
124 0.00390513
125 0.0039052
126 0.00390521
127 0.0039053
128 0.00390564
129 0.00390534
130 0.00390534
131 0.00390539
132 0.0039054
133 0.00390544
134 0.00390546
135 0.00390553
136 0.00390557
137 0.00390558
138 0.00390562
139 0.00390567
140 0.00390562
141 0.00390574
142 0.00390576
143 0.0039058
144 0.00390585
145 0.00390588
146 0.00390591
147 0.00390596
148 0.00390596
149 0.00390605
150 0.00390628
151 0.00390615
152 0.00390603
153 0.00390624
154 0.00390621
155 0.00390628
156 0.0039063
157 0.00390634
158 0.00390635
159 0.00390641
160 0.00390648
161 0.00390661
162 0.00390656
163 0.00390661
164 0.00390664
165 0.0039067
166 0.00390675
167 0.00390684
168 0.00390686
169 0.00390689
170 0.00390692
171 0.00390697
172 0.00390699
173 0.00390706
174 0.00390706
175 0.00390722
176 0.0039072
177 0.00390722
178 0.00390728
179 0.00390734
180 0.00390735
181 0.00390742
182 0.00390745
183 0.00390753
184 0.00390754
185 0.00390765
186 0.00390766
187 0.00390774
188 0.00390776
189 0.00390782
190 0.00390787
191 0.00390795
192 0.00390801
193 0.00390806
194 0.00390808
195 0.00390813
196 0.00390819
197 0.00390826
198 0.00390831
199 0.00390833
200 0.00390838
201 0.00390847
202 0.00390853
203 0.00390858
204 0.00390862
205 0.00390869
206 0.00390874
207 0.00390882
208 0.0039089
209 0.00390893
210 0.00390897
211 0.00390907
212 0.0039091
213 0.00390916
214 0.00390925
215 0.00390934
216 0.00390935
217 0.0039094
218 0.00390943
219 0.00390957
220 0.00390961
221 0.00390967
222 0.00390972
223 0.00390998
224 0.00390991
225 0.00390996
226 0.00390997
227 0.00391007
228 0.00391011
229 0.00391018
230 0.00391031
231 0.00391038
232 0.00391043
233 0.00391066
234 0.00391045
235 0.00391065
236 0.00391079
237 0.00391077
238 0.00391086
239 0.0039109
240 0.00391103
241 0.00391101
242 0.00391111
243 0.00391124
244 0.00391135
245 0.00391129
246 0.00391152
247 0.00391145
248 0.00391172
249 0.0039127
250 0.00391168
251 0.0039119
252 0.00391192
253 0.00391201
254 0.00391208
255 0.0039122
