0 0.00392344
1 0.00390429
2 0.00390429
3 0.00390428
4 0.00390459
5 0.00390443
6 0.00390447
7 0.00390447
8 0.0039045
9 0.00390451
10 0.00390454
11 0.00390457
12 0.0039048
13 0.00390466
14 0.00390471
15 0.0039047
16 0.00390479
17 0.00390472
18 0.00390473
19 0.00390476
20 0.00390478
21 0.00390482
22 0.00390485
23 0.00390485
24 0.0039049
25 0.00390503
26 0.00390431
27 0.00392405
28 0.00390264
29 0.00390271
30 0.00390266
31 0.00390304
32 0.00390282
33 0.00390275
34 0.0039028
35 0.00390279
36 0.00390285
37 0.00390287
38 0.0039029
39 0.00390291
40 0.00390299
41 0.00390298
42 0.00390304
43 0.00390304
44 0.0039031
45 0.00390311
46 0.00390313
47 0.00390321
48 0.00390319
49 0.00390315
50 0.00390316
51 0.00390317
52 0.00390319
53 0.00390314
54 0.00390316
55 0.00390315
56 0.00390317
57 0.00390319
58 0.00390327
59 0.00390322
60 0.00390328
61 0.00390329
62 0.00390337
63 0.00390335
64 0.00390347
65 0.00390436
66 0.00390354
67 0.00390354
68 0.00390355
69 0.00390357
70 0.0039036
71 0.00390361
72 0.00390365
73 0.00390366
74 0.0039037
75 0.00390373
76 0.00390376
77 0.00390378
78 0.00390383
79 0.00390387
80 0.00390391
81 0.00390391
82 0.00390393
83 0.00390394
84 0.003904
85 0.00390404
86 0.00390402
87 0.00390405
88 0.00390409
89 0.00390411
90 0.0039042
91 0.00390419
92 0.00390423
93 0.00390423
94 0.00390424
95 0.00390427
96 0.00390435
97 0.00390432
98 0.00390435
99 0.00390434
100 0.00390439
101 0.00390443
102 0.00390446
103 0.00390448
104 0.00390452
105 0.00390454
106 0.0039046
107 0.00390463
108 0.00390465
109 0.00390468
110 0.00390472
111 0.00390474
112 0.00390478
113 0.00390478
114 0.00390482
115 0.00390486
116 0.00390486
117 0.00390489
118 0.00390493
119 0.00390497
120 0.00390501
121 0.00390502
122 0.00390509
123 0.0039051
124 0.00390514
125 0.00390515
126 0.00390522
127 0.00390528
128 0.00390563
129 0.00390529
130 0.00390534
131 0.00390536
132 0.0039054
133 0.00390542
134 0.00390545
135 0.0039055
136 0.00390553
137 0.00390557
138 0.00390564
139 0.00390564
140 0.00390569
141 0.00390571
142 0.00390582
143 0.00390579
144 0.00390586
145 0.00390586
146 0.00390591
147 0.00390595
148 0.003906
149 0.00390602
150 0.00390606
151 0.00390609
152 0.00390613
153 0.00390617
154 0.00390625
155 0.00390617
156 0.00390633
157 0.00390634
158 0.00390637
159 0.00390643
160 0.0039065
161 0.0039065
162 0.00390656
163 0.00390659
164 0.00390662
165 0.00390667
166 0.00390672
167 0.00390677
168 0.00390679
169 0.00390683
170 0.00390689
171 0.00390692
172 0.00390697
173 0.00390702
174 0.00390707
175 0.00390714
176 0.00390717
177 0.00390722
178 0.00390727
179 0.00390729
180 0.00390734
181 0.00390739
182 0.00390746
183 0.00390749
184 0.00390755
185 0.00390758
186 0.00390766
187 0.0039077
188 0.00390774
189 0.00390777
190 0.00390783
191 0.00390788
192 0.00390797
193 0.00390799
194 0.00390806
195 0.00390807
196 0.00390815
197 0.0039082
198 0.00390825
199 0.0039083
200 0.00390836
201 0.00390867
202 0.00390844
203 0.00390849
204 0.00390859
205 0.00390863
206 0.00390868
207 0.00390873
208 0.00390877
209 0.00390882
210 0.0039089
211 0.00390897
212 0.00390902
213 0.00390909
214 0.00390919
215 0.0039093
216 0.00390931
217 0.00390939
218 0.00390958
219 0.00390947
220 0.00390948
221 0.00390959
222 0.00390967
223 0.0039098
224 0.00390985
225 0.00390984
226 0.00390985
227 0.00391
228 0.00391005
229 0.0039101
230 0.00391018
231 0.0039102
232 0.00391035
233 0.00391048
234 0.00391056
235 0.00391056
236 0.0039107
237 0.00391062
238 0.00391079
239 0.00391088
240 0.00391096
241 0.00391095
242 0.0039111
243 0.00391109
244 0.00391123
245 0.0039112
246 0.00391145
247 0.00391138
248 0.00391161
249 0.00391152
250 0.00391179
251 0.00391167
252 0.00391123
253 0.00391181
254 0.00391201
255 0.00391211
