0 0.00391723
1 0.00390432
2 0.00390435
3 0.00390434
4 0.00390454
5 0.00390437
6 0.00390444
7 0.00390446
8 0.00390456
9 0.00390446
10 0.00390449
11 0.00390453
12 0.00390455
13 0.00390455
14 0.00390456
15 0.00390458
16 0.0039047
17 0.00390463
18 0.00390463
19 0.00390463
20 0.00390467
21 0.00390467
22 0.00390472
23 0.0039047
24 0.00390472
25 0.00390477
26 0.00390476
27 0.00390477
28 0.00390479
29 0.0039048
30 0.00390484
31 0.00390486
32 0.00390495
33 0.00390489
34 0.00390488
35 0.00390492
36 0.00390492
37 0.00390495
38 0.00390496
39 0.00390498
40 0.00390493
41 0.00390503
42 0.00390503
43 0.00390508
44 0.00390512
45 0.00390507
46 0.00390511
47 0.00390509
48 0.00390515
49 0.00390514
50 0.00390516
51 0.00390519
52 0.00390519
53 0.00390522
54 0.00390524
55 0.00390525
56 0.00390524
57 0.00390528
58 0.0039053
59 0.00390531
60 0.00390531
61 0.00390533
62 0.00390535
63 0.00390539
64 0.00390557
65 0.0039054
66 0.00390542
67 0.00390545
68 0.00390544
69 0.00390548
70 0.0039055
71 0.00390548
72 0.00390552
73 0.00390551
74 0.00390554
75 0.00390555
76 0.00390558
77 0.00390555
78 0.00390559
79 0.00390563
80 0.00390562
81 0.00390564
82 0.00390568
83 0.00390566
84 0.00390572
85 0.00390576
86 0.00390534
87 0.00391349
88 0.00390424
89 0.0039043
90 0.00390429
91 0.00390432
92 0.00390434
93 0.00390437
94 0.00390437
95 0.0039044
96 0.00390444
97 0.00390445
98 0.00390447
99 0.00390447
100 0.00390453
101 0.00390453
102 0.00390456
103 0.00390456
104 0.0039046
105 0.00390462
106 0.00390466
107 0.00390467
108 0.00390469
109 0.00390472
110 0.00390473
111 0.00390475
112 0.00390479
113 0.0039048
114 0.00390482
115 0.00390485
116 0.00390488
117 0.0039049
118 0.00390493
119 0.00390494
120 0.00390497
121 0.00390498
122 0.00390503
123 0.00390502
124 0.00390507
125 0.00390509
126 0.0039051
127 0.00390513
128 0.00390533
129 0.00390527
130 0.00390521
131 0.00390525
132 0.00390527
133 0.00390529
134 0.00390532
135 0.00390536
136 0.00390537
137 0.00390541
138 0.00390544
139 0.00390545
140 0.00390548
141 0.0039055
142 0.00390555
143 0.00390559
144 0.00390562
145 0.00390564
146 0.00390566
147 0.00390565
148 0.00390572
149 0.00390574
150 0.0039058
151 0.0039058
152 0.00390584
153 0.00390587
154 0.00390589
155 0.00390591
156 0.00390595
157 0.00390599
158 0.00390603
159 0.00390604
160 0.00390609
161 0.00390611
162 0.00390614
163 0.00390619
164 0.00390621
165 0.00390622
166 0.00390628
167 0.0039063
168 0.00390635
169 0.00390637
170 0.00390642
171 0.00390641
172 0.00390656
173 0.00390651
174 0.00390658
175 0.0039066
176 0.00390665
177 0.00390669
178 0.00390672
179 0.00390674
180 0.00390679
181 0.00390684
182 0.00390689
183 0.0039069
184 0.00390694
185 0.00390698
186 0.00390703
187 0.00390705
188 0.00390711
189 0.00390713
190 0.00390716
191 0.00390722
192 0.00390729
193 0.0039073
194 0.00390733
195 0.00390736
196 0.00390741
197 0.00390745
198 0.00390749
199 0.00390755
200 0.00390754
201 0.00390764
202 0.00390765
203 0.00390772
204 0.00390773
205 0.00390779
206 0.00390783
207 0.00390787
208 0.00390791
209 0.00390795
210 0.003908
211 0.00390806
212 0.00390809
213 0.00390814
214 0.0039082
215 0.00390819
216 0.0039083
217 0.00390831
218 0.00390836
219 0.00390842
220 0.00390847
221 0.00390852
222 0.00390855
223 0.00390861
224 0.00390868
225 0.00390872
226 0.00390873
227 0.00390881
228 0.00390886
229 0.00390888
230 0.00390897
231 0.00390901
232 0.00390907
233 0.00390911
234 0.00390917
235 0.00390923
236 0.00390926
237 0.00390933
238 0.00390937
239 0.00390944
240 0.00390947
241 0.00390953
242 0.0039096
243 0.00390962
244 0.00390969
245 0.00390975
246 0.00390983
247 0.00390987
248 0.00390993
249 0.00391
250 0.00391004
251 0.0039101
252 0.00391017
253 0.00391022
254 0.00391029
255 0.00391036
