0 0.00392179
1 0.00390425
2 0.00390429
3 0.00390427
4 0.00390454
5 0.00390439
6 0.00390444
7 0.00390443
8 0.00390461
9 0.0039044
10 0.00390451
11 0.00390454
12 0.00390454
13 0.00390457
14 0.0039046
15 0.0039046
16 0.00390501
17 0.00390462
18 0.00390468
19 0.00390467
20 0.00390474
21 0.00390482
22 0.00390478
23 0.00390477
24 0.00390489
25 0.00390479
26 0.00390486
27 0.00390485
28 0.0039049
29 0.00390489
30 0.00390494
31 0.00390499
32 0.00390533
33 0.00390499
34 0.00390504
35 0.00390504
36 0.00390504
37 0.00390505
38 0.00390513
39 0.00390528
40 0.00390463
41 0.00392079
42 0.00390306
43 0.00390306
44 0.00390312
45 0.00390308
46 0.00390316
47 0.0039031
48 0.00390325
49 0.00390317
50 0.00390325
51 0.00390321
52 0.00390328
53 0.00390326
54 0.00390335
55 0.00390329
56 0.00390342
57 0.00390333
58 0.00390345
59 0.00390341
60 0.00390348
61 0.00390345
62 0.00390355
63 0.00390345
64 0.00390367
65 0.00390356
66 0.00390366
67 0.00390361
68 0.0039037
69 0.00390362
70 0.00390377
71 0.00390374
72 0.00390376
73 0.00390369
74 0.00390379
75 0.00390374
76 0.00390382
77 0.00390379
78 0.00390387
79 0.00390381
80 0.00390391
81 0.00390384
82 0.00390394
83 0.00390393
84 0.00390398
85 0.00390393
86 0.00390403
87 0.00390396
88 0.00390411
89 0.00390401
90 0.00390414
91 0.00390409
92 0.0039042
93 0.00390416
94 0.00390423
95 0.00390421
96 0.00390441
97 0.00390463
98 0.00390437
99 0.0039043
100 0.00390442
101 0.00390437
102 0.00390448
103 0.00390442
104 0.00390453
105 0.00390451
106 0.00390461
107 0.00390456
108 0.00390464
109 0.00390461
110 0.00390471
111 0.00390468
112 0.00390483
113 0.00390474
114 0.00390481
115 0.00390477
116 0.0039049
117 0.00390485
118 0.00390497
119 0.00390493
120 0.00390504
121 0.00390501
122 0.0039051
123 0.00390506
124 0.00390518
125 0.00390514
126 0.00390524
127 0.00390529
128 0.00390565
129 0.00390527
130 0.00390535
131 0.00390532
132 0.00390543
133 0.00390539
134 0.0039055
135 0.00390545
136 0.00390558
137 0.0039055
138 0.00390563
139 0.00390559
140 0.0039057
141 0.00390566
142 0.00390574
143 0.00390573
144 0.00390586
145 0.00390579
146 0.00390588
147 0.00390585
148 0.00390593
149 0.003906
150 0.003906
151 0.00390599
152 0.00390615
153 0.00390609
154 0.00390619
155 0.00390615
156 0.00390627
157 0.00390624
158 0.00390632
159 0.00390633
160 0.00390645
161 0.00390634
162 0.00390644
163 0.00390644
164 0.00390651
165 0.00390648
166 0.00390656
167 0.00390655
168 0.00390668
169 0.0039066
170 0.00390678
171 0.00390672
172 0.00390684
173 0.00390683
174 0.00390691
175 0.0039069
176 0.00390704
177 0.003907
178 0.00390708
179 0.00390709
180 0.00390717
181 0.00390717
182 0.00390725
183 0.00390731
184 0.00390734
185 0.00390728
186 0.00390738
187 0.00390742
188 0.00390748
189 0.00390748
190 0.00390758
191 0.00390763
192 0.00390772
193 0.00390814
194 0.00390783
195 0.00390778
196 0.00390793
197 0.00390789
198 0.00390798
199 0.00390799
200 0.00390814
201 0.0039081
202 0.00390823
203 0.00390821
204 0.00390834
205 0.00390832
206 0.00390843
207 0.00390843
208 0.00390861
209 0.00390855
210 0.00390871
211 0.00390868
212 0.00390878
213 0.00390875
214 0.00390891
215 0.00390888
216 0.003909
217 0.00390898
218 0.00390918
219 0.00390914
220 0.00390929
221 0.00390926
222 0.0039094
223 0.00390943
224 0.00390961
225 0.00390956
226 0.00390966
227 0.00390969
228 0.00390984
229 0.00390983
230 0.00390994
231 0.00390997
232 0.00391011
233 0.00391005
234 0.00391007
235 0.00391022
236 0.00391035
237 0.00391037
238 0.00391049
239 0.00391046
240 0.00391064
241 0.00391062
242 0.00391076
243 0.00391077
244 0.00391089
245 0.00391089
246 0.00391103
247 0.0039111
248 0.00391121
249 0.00391118
250 0.00391119
251 0.00391129
252 0.00391148
253 0.00391144
254 0.00391161
255 0.0039116
