0 0.0039155
1 0.00390443
2 0.00390444
3 0.00390443
4 0.00390459
5 0.00390449
6 0.00390451
7 0.00390452
8 0.00390454
9 0.00390455
10 0.00390456
11 0.00390459
12 0.00390458
13 0.00390461
14 0.00390464
15 0.00390465
16 0.00390468
17 0.00390468
18 0.00390471
19 0.00390471
20 0.00390472
21 0.00390473
22 0.00390473
23 0.00390477
24 0.00390477
25 0.00390479
26 0.00390478
27 0.00390483
28 0.00390483
29 0.00390485
30 0.00390487
31 0.00390489
32 0.00390492
33 0.0039049
34 0.00390494
35 0.00390492
36 0.00390496
37 0.00390495
38 0.00390497
39 0.00390498
40 0.00390502
41 0.003905
42 0.00390502
43 0.00390505
44 0.00390505
45 0.00390509
46 0.00390507
47 0.00390513
48 0.00390514
49 0.00390512
50 0.00390514
51 0.00390515
52 0.00390519
53 0.00390519
54 0.0039052
55 0.00390514
56 0.00390523
57 0.00390525
58 0.00390527
59 0.00390526
60 0.0039053
61 0.0039053
62 0.00390532
63 0.00390533
64 0.00390542
65 0.00390537
66 0.00390536
67 0.00390542
68 0.0039054
69 0.00390541
70 0.00390542
71 0.00390545
72 0.00390545
73 0.00390545
74 0.00390547
75 0.0039055
76 0.00390549
77 0.00390551
78 0.00390554
79 0.00390553
80 0.00390555
81 0.0039056
82 0.00390558
83 0.0039056
84 0.00390562
85 0.00390562
86 0.00390562
87 0.00390563
88 0.00390565
89 0.00390568
90 0.00390568
91 0.0039057
92 0.00390571
93 0.00390572
94 0.00390572
95 0.00390574
96 0.00390579
97 0.00390578
98 0.00390577
99 0.00390579
100 0.0039058
101 0.00390583
102 0.00390581
103 0.00390585
104 0.00390586
105 0.00390584
106 0.00390586
107 0.0039059
108 0.00390595
109 0.00390558
110 0.00391124
111 0.00390484
112 0.00390486
113 0.00390486
114 0.00390488
115 0.0039049
116 0.00390494
117 0.00390495
118 0.00390495
119 0.003905
120 0.00390501
121 0.00390504
122 0.00390504
123 0.00390509
124 0.0039051
125 0.00390513
126 0.00390516
127 0.00390519
128 0.00390531
129 0.00390523
130 0.00390524
131 0.00390527
132 0.00390529
133 0.00390531
134 0.00390534
135 0.00390536
136 0.00390539
137 0.00390541
138 0.00390544
139 0.00390546
140 0.00390549
141 0.00390552
142 0.00390554
143 0.00390558
144 0.00390559
145 0.00390562
146 0.00390563
147 0.00390566
148 0.0039057
149 0.00390574
150 0.00390577
151 0.00390581
152 0.00390581
153 0.00390584
154 0.00390587
155 0.00390592
156 0.00390593
157 0.00390597
158 0.003906
159 0.003906
160 0.00390605
161 0.00390608
162 0.00390611
163 0.00390613
164 0.00390616
165 0.00390621
166 0.00390622
167 0.00390624
168 0.00390627
169 0.00390631
170 0.00390635
171 0.00390638
172 0.0039064
173 0.00390644
174 0.00390646
175 0.00390653
176 0.00390651
177 0.00390658
178 0.0039066
179 0.00390663
180 0.00390667
181 0.00390669
182 0.00390671
183 0.00390672
184 0.00390677
185 0.00390681
186 0.00390685
187 0.0039069
188 0.00390692
189 0.00390696
190 0.00390699
191 0.00390703
192 0.00390707
193 0.00390709
194 0.00390713
195 0.00390715
196 0.0039072
197 0.00390722
198 0.00390727
199 0.0039073
200 0.00390735
201 0.00390737
202 0.00390741
203 0.00390746
204 0.00390749
205 0.00390753
206 0.00390757
207 0.00390758
208 0.00390765
209 0.00390768
210 0.00390772
211 0.00390778
212 0.0039078
213 0.00390785
214 0.00390789
215 0.00390794
216 0.00390796
217 0.00390802
218 0.00390806
219 0.0039081
220 0.00390813
221 0.0039082
222 0.00390823
223 0.00390827
224 0.00390831
225 0.00390834
226 0.00390841
227 0.00390846
228 0.0039085
229 0.00390852
230 0.00390858
231 0.00390863
232 0.00390867
233 0.00390871
234 0.00390877
235 0.00390882
236 0.00390886
237 0.00390892
238 0.00390891
239 0.00390903
240 0.00390906
241 0.0039091
242 0.00390915
243 0.00390919
244 0.00390919
245 0.00390927
246 0.00390931
247 0.00390939
248 0.00390944
249 0.00390951
250 0.00390953
251 0.00390959
252 0.00390965
253 0.00390972
254 0.00390976
255 0.00390985
