0 0.00391825
1 0.00390428
2 0.00390431
3 0.00390429
4 0.00390452
5 0.00390434
6 0.0039044
7 0.00390442
8 0.00390444
9 0.00390443
10 0.00390447
11 0.00390446
12 0.00390432
13 0.00390454
14 0.00390453
15 0.00390455
16 0.00390462
17 0.00390461
18 0.00390461
19 0.00390463
20 0.00390465
21 0.00390467
22 0.00390469
23 0.00390474
24 0.00390475
25 0.00390473
26 0.00390475
27 0.00390477
28 0.00390467
29 0.00390484
30 0.00390485
31 0.00390484
32 0.00390511
33 0.00390488
34 0.0039049
35 0.00390492
36 0.00390493
37 0.00390497
38 0.00390502
39 0.00390502
40 0.00390501
41 0.00390502
42 0.00390507
43 0.00390505
44 0.00390509
45 0.00390511
46 0.00390512
47 0.0039051
48 0.00390517
49 0.00390516
50 0.0039052
51 0.00390517
52 0.00390523
53 0.00390524
54 0.00390525
55 0.00390527
56 0.00390529
57 0.00390529
58 0.00390533
59 0.00390535
60 0.00390533
61 0.00390536
62 0.0039054
63 0.00390536
64 0.0039057
65 0.00390543
66 0.00390546
67 0.00390547
68 0.00390547
69 0.00390551
70 0.00390556
71 0.00390555
72 0.00390556
73 0.00390562
74 0.00390519
75 0.00391511
76 0.00390393
77 0.00390401
78 0.00390396
79 0.003904
80 0.00390405
81 0.00390403
82 0.00390406
83 0.00390407
84 0.00390412
85 0.00390412
86 0.00390415
87 0.00390415
88 0.0039042
89 0.00390422
90 0.00390424
91 0.00390427
92 0.00390429
93 0.0039043
94 0.00390432
95 0.00390436
96 0.0039044
97 0.0039044
98 0.0039044
99 0.00390445
100 0.00390445
101 0.00390448
102 0.00390451
103 0.00390455
104 0.00390456
105 0.0039046
106 0.00390461
107 0.00390462
108 0.00390468
109 0.00390469
110 0.00390469
111 0.00390472
112 0.00390477
113 0.00390478
114 0.0039048
115 0.00390483
116 0.00390487
117 0.00390487
118 0.00390492
119 0.00390493
120 0.00390496
121 0.003905
122 0.00390502
123 0.00390505
124 0.00390508
125 0.00390511
126 0.00390513
127 0.00390518
128 0.00390539
129 0.00390519
130 0.00390523
131 0.00390525
132 0.00390527
133 0.0039053
134 0.00390534
135 0.00390537
136 0.00390539
137 0.0039054
138 0.00390547
139 0.00390546
140 0.00390551
141 0.00390555
142 0.00390559
143 0.00390558
144 0.00390563
145 0.00390567
146 0.00390569
147 0.00390571
148 0.00390577
149 0.0039058
150 0.00390583
151 0.00390584
152 0.00390588
153 0.0039059
154 0.00390595
155 0.00390598
156 0.00390602
157 0.00390606
158 0.00390608
159 0.00390612
160 0.00390617
161 0.00390616
162 0.00390622
163 0.00390624
164 0.00390628
165 0.00390631
166 0.0039064
167 0.00390638
168 0.00390642
169 0.00390647
170 0.00390652
171 0.00390654
172 0.00390656
173 0.0039066
174 0.00390667
175 0.00390667
176 0.00390674
177 0.00390674
178 0.00390679
179 0.00390685
180 0.00390686
181 0.0039069
182 0.00390696
183 0.00390698
184 0.00390706
185 0.00390708
186 0.00390714
187 0.00390718
188 0.00390722
189 0.00390726
190 0.00390731
191 0.00390735
192 0.00390742
193 0.00390743
194 0.00390746
195 0.00390752
196 0.00390757
197 0.00390759
198 0.00390763
199 0.00390768
200 0.00390773
201 0.00390777
202 0.00390782
203 0.0039078
204 0.00390793
205 0.00390794
206 0.003908
207 0.00390805
208 0.00390811
209 0.00390814
210 0.00390818
211 0.00390823
212 0.00390827
213 0.00390833
214 0.00390836
215 0.00390841
216 0.00390847
217 0.00390852
218 0.00390857
219 0.0039086
220 0.00390868
221 0.00390873
222 0.00390877
223 0.00390883
224 0.00390888
225 0.0039089
226 0.00390896
227 0.00390901
228 0.0039091
229 0.00390912
230 0.0039092
231 0.00390921
232 0.00390928
233 0.00390934
234 0.0039094
235 0.00390945
236 0.0039095
237 0.00390955
238 0.00390963
239 0.00390966
240 0.00390973
241 0.00390979
242 0.00390984
243 0.00390991
244 0.00390996
245 0.00391001
246 0.00391008
247 0.00391015
248 0.0039102
249 0.00391024
250 0.00391029
251 0.00391038
252 0.00391045
253 0.00391052
254 0.00391056
255 0.00391064
