0 0.00392195
1 0.00390431
2 0.00390429
3 0.00390426
4 0.00390456
5 0.00390439
6 0.00390403
7 0.00390435
8 0.0039043
9 0.00390445
10 0.00390451
11 0.00390453
12 0.00390456
13 0.00390456
14 0.00390462
15 0.00390464
16 0.00390515
17 0.00390464
18 0.00390467
19 0.00390473
20 0.00390479
21 0.00390474
22 0.00390479
23 0.00390477
24 0.00390479
25 0.00390483
26 0.00390487
27 0.00390487
28 0.00390489
29 0.00390492
30 0.00390494
31 0.00390446
32 0.00390596
33 0.00390499
34 0.00390502
35 0.00390501
36 0.00390509
37 0.00390519
38 0.00390457
39 0.00392174
40 0.00390302
41 0.00390301
42 0.00390307
43 0.00390299
44 0.00390312
45 0.00390307
46 0.00390315
47 0.00390311
48 0.00390326
49 0.00390319
50 0.00390329
51 0.0039032
52 0.00390332
53 0.00390327
54 0.0039034
55 0.00390328
56 0.00390341
57 0.00390334
58 0.00390344
59 0.00390338
60 0.00390349
61 0.00390344
62 0.00390355
63 0.0039035
64 0.00390368
65 0.00390353
66 0.00390363
67 0.00390358
68 0.0039037
69 0.00390361
70 0.00390376
71 0.00390363
72 0.00390378
73 0.0039037
74 0.00390382
75 0.00390374
76 0.00390387
77 0.00390378
78 0.00390391
79 0.00390384
80 0.00390398
81 0.00390387
82 0.00390401
83 0.00390392
84 0.00390408
85 0.00390399
86 0.00390412
87 0.00390403
88 0.00390416
89 0.0039041
90 0.00390422
91 0.00390414
92 0.00390428
93 0.0039042
94 0.00390433
95 0.00390427
96 0.00390445
97 0.00390433
98 0.00390446
99 0.00390436
100 0.00390453
101 0.00390442
102 0.00390459
103 0.00390447
104 0.00390463
105 0.00390451
106 0.00390466
107 0.00390457
108 0.00390468
109 0.00390462
110 0.00390474
111 0.00390468
112 0.0039048
113 0.00390467
114 0.00390479
115 0.00390473
116 0.00390487
117 0.00390476
118 0.00390494
119 0.00390484
120 0.00390498
121 0.00390489
122 0.00390505
123 0.00390496
124 0.0039051
125 0.00390501
126 0.00390517
127 0.00390512
128 0.0039056
129 0.00390556
130 0.00390532
131 0.00390524
132 0.00390538
133 0.0039053
134 0.00390545
135 0.00390535
136 0.00390551
137 0.00390544
138 0.00390556
139 0.00390551
140 0.00390564
141 0.00390556
142 0.00390571
143 0.00390562
144 0.00390583
145 0.00390573
146 0.00390583
147 0.00390579
148 0.003906
149 0.00390596
150 0.00390602
151 0.00390596
152 0.00390611
153 0.00390601
154 0.00390617
155 0.00390609
156 0.00390623
157 0.00390617
158 0.00390631
159 0.00390631
160 0.00390647
161 0.00390634
162 0.00390648
163 0.00390643
164 0.00390657
165 0.0039065
166 0.00390669
167 0.00390652
168 0.00390677
169 0.00390668
170 0.00390681
171 0.00390676
172 0.00390691
173 0.00390686
174 0.00390699
175 0.00390695
176 0.00390715
177 0.00390704
178 0.00390717
179 0.00390712
180 0.00390729
181 0.00390721
182 0.00390737
183 0.00390731
184 0.00390744
185 0.00390739
186 0.00390754
187 0.00390751
188 0.00390765
189 0.00390758
190 0.00390774
191 0.0039077
192 0.00390791
193 0.00390781
194 0.00390794
195 0.00390789
196 0.00390806
197 0.003908
198 0.00390816
199 0.00390811
200 0.00390825
201 0.00390822
202 0.00390837
203 0.0039083
204 0.00390845
205 0.00390841
206 0.00390857
207 0.00390861
208 0.00390872
209 0.00390864
210 0.00390875
211 0.00390874
212 0.00390885
213 0.00390884
214 0.00390897
215 0.00390894
216 0.0039091
217 0.00390908
218 0.00390919
219 0.00390918
220 0.00390935
221 0.00390936
222 0.00390949
223 0.0039095
224 0.00390965
225 0.00390959
226 0.00390968
227 0.00390966
228 0.00390979
229 0.00390983
230 0.00390993
231 0.00390989
232 0.0039099
233 0.00391004
234 0.00391022
235 0.00391027
236 0.00391034
237 0.00391033
238 0.00391045
239 0.0039105
240 0.00391065
241 0.00391065
242 0.00391076
243 0.00391072
244 0.0039109
245 0.00391095
246 0.00391105
247 0.00391103
248 0.00391104
249 0.00391111
250 0.00391128
251 0.00391126
252 0.0039114
253 0.0039114
254 0.00391159
255 0.00391161
