0 0.00391094
1 0.0039052
2 0.0039052
3 0.00390522
4 0.00390525
5 0.00390523
6 0.00390525
7 0.00390525
8 0.00390526
9 0.00390527
10 0.00390527
11 0.00390529
12 0.0039053
13 0.0039053
14 0.00390531
15 0.00390531
16 0.00390534
17 0.00390532
18 0.00390534
19 0.00390533
20 0.00390536
21 0.00390535
22 0.00390538
23 0.00390537
24 0.00390539
25 0.00390538
26 0.00390542
27 0.00390542
28 0.00390542
29 0.00390542
30 0.00390544
31 0.00390543
32 0.00390544
33 0.00390545
34 0.00390548
35 0.00390547
36 0.00390549
37 0.00390549
38 0.00390551
39 0.00390551
40 0.00390551
41 0.00390554
42 0.00390554
43 0.00390553
44 0.00390555
45 0.00390555
46 0.00390559
47 0.00390558
48 0.00390559
49 0.00390562
50 0.00390561
51 0.00390563
52 0.00390562
53 0.00390563
54 0.00390567
55 0.00390564
56 0.00390566
57 0.00390567
58 0.00390568
59 0.00390568
60 0.00390569
61 0.00390572
62 0.00390572
63 0.00390572
64 0.00390574
65 0.00390573
66 0.00390572
67 0.00390576
68 0.00390575
69 0.00390578
70 0.00390577
71 0.00390579
72 0.0039058
73 0.0039058
74 0.00390583
75 0.00390582
76 0.00390583
77 0.00390583
78 0.00390583
79 0.00390587
80 0.00390587
81 0.00390585
82 0.00390588
83 0.00390589
84 0.00390591
85 0.0039059
86 0.00390591
87 0.00390593
88 0.00390592
89 0.00390592
90 0.00390595
91 0.00390597
92 0.00390595
93 0.00390596
94 0.00390595
95 0.00390599
96 0.00390598
97 0.003906
98 0.003906
99 0.003906
100 0.00390601
101 0.00390603
102 0.00390603
103 0.00390603
104 0.00390603
105 0.00390599
106 0.00390605
107 0.00390605
108 0.00390607
109 0.00390608
110 0.00390605
111 0.00390609
112 0.00390609
113 0.00390608
114 0.00390609
115 0.00390611
116 0.0039061
117 0.00390613
118 0.00390612
119 0.00390614
120 0.00390613
121 0.00390615
122 0.00390615
123 0.00390617
124 0.00390618
125 0.00390616
126 0.00390618
127 0.0039062
128 0.00390621
129 0.00390619
130 0.0039062
131 0.00390621
132 0.00390621
133 0.00390622
134 0.00390621
135 0.00390623
136 0.00390623
137 0.00390626
138 0.00390625
139 0.00390624
140 0.00390625
141 0.00390624
142 0.00390627
143 0.00390626
144 0.00390626
145 0.00390629
146 0.00390626
147 0.0039063
148 0.00390625
149 0.00390628
150 0.00390629
151 0.00390629
152 0.00390631
153 0.0039063
154 0.0039063
155 0.0039063
156 0.00390632
157 0.00390632
158 0.00390632
159 0.00390631
160 0.00390632
161 0.00390631
162 0.00390631
163 0.00390632
164 0.00390635
165 0.00390631
166 0.00390632
167 0.00390634
168 0.00390634
169 0.00390635
170 0.00390633
171 0.00390635
172 0.00390633
173 0.00390634
174 0.00390632
175 0.00390634
176 0.00390634
177 0.00390635
178 0.00390635
179 0.00390634
180 0.00390634
181 0.00390634
182 0.00390632
183 0.00390634
184 0.00390634
185 0.00390635
186 0.00390633
187 0.00390634
188 0.00390632
189 0.00390633
190 0.00390633
191 0.00390634
192 0.00390634
193 0.00390632
194 0.00390631
195 0.00390635
196 0.00390633
197 0.00390629
198 0.00390633
199 0.00390632
200 0.00390632
201 0.00390633
202 0.0039063
203 0.00390631
204 0.00390629
205 0.00390629
206 0.0039063
207 0.00390627
208 0.00390632
209 0.00390613
210 0.00390699
211 0.00390699
212 0.00390705
213 0.00390705
214 0.00390709
215 0.00390712
216 0.00390714
217 0.00390713
218 0.00390717
219 0.00390719
220 0.00390722
221 0.00390725
222 0.00390726
223 0.00390728
224 0.00390731
225 0.00390734
226 0.00390735
227 0.00390738
228 0.00390741
229 0.00390743
230 0.00390746
231 0.00390748
232 0.00390751
233 0.0039075
234 0.00390755
235 0.00390757
236 0.00390763
237 0.00390763
238 0.00390767
239 0.00390769
240 0.00390772
241 0.00390776
242 0.00390776
243 0.00390779
244 0.00390784
245 0.00390784
246 0.00390791
247 0.0039079
248 0.00390795
249 0.00390797
250 0.00390801
251 0.00390803
252 0.00390806
253 0.00390809
254 0.00390811
255 0.00390814
