0 0.00391435
1 0.00390449
2 0.00390452
3 0.00390455
4 0.00390464
5 0.00390457
6 0.0039046
7 0.00390462
8 0.00390464
9 0.00390463
10 0.00390465
11 0.00390468
12 0.00390469
13 0.00390469
14 0.0039047
15 0.00390474
16 0.00390475
17 0.00390474
18 0.00390476
19 0.00390479
20 0.00390481
21 0.0039048
22 0.00390483
23 0.00390484
24 0.00390484
25 0.00390486
26 0.00390489
27 0.00390488
28 0.00390489
29 0.00390492
30 0.00390493
31 0.00390492
32 0.00390497
33 0.00390498
34 0.00390498
35 0.00390497
36 0.00390499
37 0.00390502
38 0.00390504
39 0.00390505
40 0.00390507
41 0.00390508
42 0.00390506
43 0.00390509
44 0.00390511
45 0.00390512
46 0.00390513
47 0.00390516
48 0.00390519
49 0.00390516
50 0.0039052
51 0.0039052
52 0.00390521
53 0.00390524
54 0.00390523
55 0.00390525
56 0.00390528
57 0.00390528
58 0.00390529
59 0.0039053
60 0.00390531
61 0.00390533
62 0.00390536
63 0.00390537
64 0.00390541
65 0.00390544
66 0.00390541
67 0.00390543
68 0.0039054
69 0.00390541
70 0.00390545
71 0.00390548
72 0.00390547
73 0.00390549
74 0.0039055
75 0.00390548
76 0.00390552
77 0.00390554
78 0.00390553
79 0.00390556
80 0.00390558
81 0.00390559
82 0.00390558
83 0.00390561
84 0.00390561
85 0.00390561
86 0.00390563
87 0.00390568
88 0.00390569
89 0.00390568
90 0.00390569
91 0.00390571
92 0.00390571
93 0.00390572
94 0.00390574
95 0.00390574
96 0.00390577
97 0.00390575
98 0.00390577
99 0.00390578
100 0.0039058
101 0.0039058
102 0.00390581
103 0.00390582
104 0.00390584
105 0.00390585
106 0.00390584
107 0.00390587
108 0.00390586
109 0.00390588
110 0.0039059
111 0.00390591
112 0.00390593
113 0.00390594
114 0.00390594
115 0.00390594
116 0.00390595
117 0.00390596
118 0.00390597
119 0.00390597
120 0.00390599
121 0.00390599
122 0.00390602
123 0.00390601
124 0.00390602
125 0.00390603
126 0.00390606
127 0.00390591
128 0.00390591
129 0.00390994
130 0.0039053
131 0.00390535
132 0.00390535
133 0.00390537
134 0.00390538
135 0.00390542
136 0.00390543
137 0.00390547
138 0.00390547
139 0.0039055
140 0.00390553
141 0.00390555
142 0.00390557
143 0.00390561
144 0.00390565
145 0.00390563
146 0.00390568
147 0.00390568
148 0.0039057
149 0.00390573
150 0.00390574
151 0.00390578
152 0.00390581
153 0.00390582
154 0.00390586
155 0.00390588
156 0.0039059
157 0.00390594
158 0.00390597
159 0.00390598
160 0.00390603
161 0.00390602
162 0.00390607
163 0.00390608
164 0.00390611
165 0.00390614
166 0.00390616
167 0.0039062
168 0.00390623
169 0.00390626
170 0.00390627
171 0.00390631
172 0.00390633
173 0.00390634
174 0.0039064
175 0.00390639
176 0.00390647
177 0.00390646
178 0.00390648
179 0.00390651
180 0.00390655
181 0.00390658
182 0.00390661
183 0.00390665
184 0.00390666
185 0.00390671
186 0.00390671
187 0.00390676
188 0.00390679
189 0.00390682
190 0.00390685
191 0.00390689
192 0.0039069
193 0.00390695
194 0.00390697
195 0.00390698
196 0.00390705
197 0.00390706
198 0.00390711
199 0.00390714
200 0.00390714
201 0.00390718
202 0.00390724
203 0.00390728
204 0.00390728
205 0.00390733
206 0.00390735
207 0.0039074
208 0.00390746
209 0.00390748
210 0.00390752
211 0.00390754
212 0.0039076
213 0.00390761
214 0.00390765
215 0.0039077
216 0.00390773
217 0.00390779
218 0.0039078
219 0.00390784
220 0.00390788
221 0.00390793
222 0.00390797
223 0.00390802
224 0.00390806
225 0.00390809
226 0.00390811
227 0.00390814
228 0.0039082
229 0.00390823
230 0.00390828
231 0.00390833
232 0.00390836
233 0.0039084
234 0.00390842
235 0.0039085
236 0.00390852
237 0.00390857
238 0.00390861
239 0.00390865
240 0.0039087
241 0.00390876
242 0.0039088
243 0.00390882
244 0.00390887
245 0.00390891
246 0.00390896
247 0.00390903
248 0.00390904
249 0.00390911
250 0.00390916
251 0.00390922
252 0.00390925
253 0.00390928
254 0.00390934
255 0.00390942
