0 0.00391212
1 0.00390488
2 0.00390489
3 0.00390488
4 0.00390496
5 0.00390492
6 0.00390492
7 0.00390493
8 0.00390496
9 0.00390496
10 0.00390497
11 0.00390498
12 0.00390501
13 0.003905
14 0.00390504
15 0.00390501
16 0.00390503
17 0.00390502
18 0.00390506
19 0.00390503
20 0.00390506
21 0.00390507
22 0.00390507
23 0.00390513
24 0.00390511
25 0.00390512
26 0.00390514
27 0.00390515
28 0.00390516
29 0.00390515
30 0.00390517
31 0.00390517
32 0.00390521
33 0.00390521
34 0.00390522
35 0.00390524
36 0.00390523
37 0.00390526
38 0.00390526
39 0.00390526
40 0.00390527
41 0.00390527
42 0.0039053
43 0.00390531
44 0.00390531
45 0.00390534
46 0.00390536
47 0.00390534
48 0.00390537
49 0.00390537
50 0.00390538
51 0.00390539
52 0.00390539
53 0.00390542
54 0.00390541
55 0.00390543
56 0.00390545
57 0.00390545
58 0.00390546
59 0.00390546
60 0.00390546
61 0.00390549
62 0.0039055
63 0.0039055
64 0.00390553
65 0.00390554
66 0.00390555
67 0.00390556
68 0.00390558
69 0.00390558
70 0.00390556
71 0.00390559
72 0.00390559
73 0.0039056
74 0.00390564
75 0.00390562
76 0.00390564
77 0.00390566
78 0.00390564
79 0.00390565
80 0.00390567
81 0.00390569
82 0.0039057
83 0.00390569
84 0.00390573
85 0.00390575
86 0.00390577
87 0.00390577
88 0.00390581
89 0.00390578
90 0.00390578
91 0.00390579
92 0.00390581
93 0.00390583
94 0.00390582
95 0.00390583
96 0.00390584
97 0.00390587
98 0.00390587
99 0.00390587
100 0.00390587
101 0.0039059
102 0.00390588
103 0.00390591
104 0.00390593
105 0.00390591
106 0.00390592
107 0.00390594
108 0.00390594
109 0.00390595
110 0.00390596
111 0.00390596
112 0.00390598
113 0.00390597
114 0.00390598
115 0.003906
116 0.00390602
117 0.00390603
118 0.00390603
119 0.00390602
120 0.00390604
121 0.00390604
122 0.00390606
123 0.00390607
124 0.00390608
125 0.00390609
126 0.00390608
127 0.00390611
128 0.00390611
129 0.00390612
130 0.00390611
131 0.00390612
132 0.00390612
133 0.00390613
134 0.00390614
135 0.00390612
136 0.00390613
137 0.00390614
138 0.00390614
139 0.00390615
140 0.00390617
141 0.00390618
142 0.00390617
143 0.00390619
144 0.0039062
145 0.00390618
146 0.0039062
147 0.0039062
148 0.00390618
149 0.00390621
150 0.00390622
151 0.00390621
152 0.00390621
153 0.00390621
154 0.00390624
155 0.00390623
156 0.00390624
157 0.00390623
158 0.00390623
159 0.00390626
160 0.00390626
161 0.00390624
162 0.00390624
163 0.00390627
164 0.00390625
165 0.00390627
166 0.00390624
167 0.00390628
168 0.00390625
169 0.00390625
170 0.00390627
171 0.00390628
172 0.00390629
173 0.00390632
174 0.00390606
175 0.00390781
176 0.00390635
177 0.00390636
178 0.0039064
179 0.0039064
180 0.00390642
181 0.00390645
182 0.00390649
183 0.00390648
184 0.00390651
185 0.00390656
186 0.00390658
187 0.00390658
188 0.0039066
189 0.00390659
190 0.00390664
191 0.00390668
192 0.00390671
193 0.00390673
194 0.00390675
195 0.00390676
196 0.00390677
197 0.00390681
198 0.00390682
199 0.00390685
200 0.00390689
201 0.00390691
202 0.00390692
203 0.00390696
204 0.00390699
205 0.00390702
206 0.00390704
207 0.00390707
208 0.00390708
209 0.00390712
210 0.00390716
211 0.00390717
212 0.00390721
213 0.00390722
214 0.00390725
215 0.00390726
216 0.00390732
217 0.00390733
218 0.00390735
219 0.00390741
220 0.00390743
221 0.00390744
222 0.00390748
223 0.00390751
224 0.00390754
225 0.0039076
226 0.00390761
227 0.00390764
228 0.00390768
229 0.00390771
230 0.00390773
231 0.00390778
232 0.00390781
233 0.00390782
234 0.00390786
235 0.00390788
236 0.00390793
237 0.00390797
238 0.003908
239 0.00390802
240 0.00390805
241 0.00390808
242 0.00390813
243 0.00390816
244 0.00390819
245 0.00390822
246 0.00390827
247 0.00390831
248 0.00390833
249 0.00390837
250 0.00390841
251 0.00390844
252 0.00390846
253 0.00390852
254 0.00390857
255 0.00390858
