0 0.00391964
1 0.00390422
2 0.00390427
3 0.00390426
4 0.0039045
5 0.00390439
6 0.00390442
7 0.00390437
8 0.00390444
9 0.00390443
10 0.00390449
11 0.0039045
12 0.0039045
13 0.00390452
14 0.00390452
15 0.00390453
16 0.00390432
17 0.00390462
18 0.00390464
19 0.00390463
20 0.00390466
21 0.00390469
22 0.00390472
23 0.00390474
24 0.00390477
25 0.00390477
26 0.00390479
27 0.00390478
28 0.00390485
29 0.00390482
30 0.00390486
31 0.00390496
32 0.00390488
33 0.00390493
34 0.00390497
35 0.00390496
36 0.00390499
37 0.00390501
38 0.00390502
39 0.00390505
40 0.00390506
41 0.00390506
42 0.00390508
43 0.0039051
44 0.00390508
45 0.00390517
46 0.00390518
47 0.00390521
48 0.00390512
49 0.00390521
50 0.00390523
51 0.00390526
52 0.00390527
53 0.00390528
54 0.00390531
55 0.00390532
56 0.00390536
57 0.00390537
58 0.00390539
59 0.00390548
60 0.00390499
61 0.00391718
62 0.00390361
63 0.00390364
64 0.00390371
65 0.00390366
66 0.00390368
67 0.0039037
68 0.00390372
69 0.00390373
70 0.00390375
71 0.00390377
72 0.00390381
73 0.00390382
74 0.00390384
75 0.00390384
76 0.00390389
77 0.00390389
78 0.00390393
79 0.00390396
80 0.003904
81 0.00390398
82 0.00390399
83 0.00390401
84 0.00390404
85 0.00390407
86 0.00390409
87 0.00390411
88 0.00390413
89 0.00390416
90 0.00390417
91 0.00390419
92 0.00390427
93 0.00390426
94 0.00390428
95 0.00390429
96 0.00390434
97 0.00390443
98 0.00390438
99 0.00390438
100 0.00390441
101 0.00390442
102 0.00390448
103 0.0039045
104 0.00390451
105 0.00390454
106 0.00390457
107 0.00390457
108 0.00390461
109 0.00390463
110 0.00390467
111 0.0039047
112 0.00390473
113 0.00390476
114 0.00390478
115 0.00390479
116 0.00390483
117 0.00390483
118 0.00390489
119 0.0039049
120 0.00390494
121 0.00390496
122 0.00390501
123 0.00390503
124 0.00390508
125 0.00390506
126 0.00390504
127 0.00390514
128 0.0039054
129 0.00390515
130 0.00390519
131 0.00390524
132 0.00390525
133 0.00390529
134 0.00390532
135 0.00390534
136 0.00390538
137 0.00390539
138 0.00390544
139 0.00390546
140 0.00390551
141 0.00390553
142 0.00390558
143 0.00390559
144 0.00390567
145 0.00390566
146 0.0039057
147 0.00390572
148 0.00390576
149 0.00390578
150 0.00390583
151 0.00390587
152 0.00390589
153 0.00390593
154 0.00390598
155 0.00390602
156 0.00390608
157 0.00390608
158 0.0039061
159 0.00390621
160 0.00390623
161 0.00390621
162 0.00390628
163 0.0039063
164 0.00390636
165 0.00390636
166 0.00390642
167 0.00390645
168 0.00390649
169 0.0039065
170 0.00390658
171 0.00390665
172 0.00390663
173 0.0039067
174 0.00390672
175 0.00390677
176 0.00390683
177 0.00390686
178 0.00390689
179 0.00390693
180 0.00390697
181 0.00390702
182 0.00390706
183 0.00390708
184 0.00390715
185 0.0039072
186 0.00390725
187 0.00390727
188 0.00390734
189 0.00390731
190 0.00390746
191 0.00390747
192 0.00390755
193 0.00390752
194 0.0039076
195 0.00390764
196 0.00390767
197 0.00390772
198 0.00390783
199 0.00390785
200 0.00390792
201 0.00390795
202 0.00390802
203 0.00390808
204 0.00390813
205 0.00390814
206 0.00390821
207 0.00390825
208 0.00390832
209 0.00390838
210 0.00390843
211 0.00390846
212 0.00390853
213 0.00390856
214 0.00390865
215 0.00390866
216 0.00390873
217 0.00390877
218 0.00390884
219 0.0039089
220 0.00390899
221 0.00390901
222 0.00390908
223 0.00390912
224 0.00390921
225 0.00390923
226 0.00390929
227 0.00390935
228 0.0039094
229 0.00390945
230 0.00390954
231 0.00390955
232 0.00390963
233 0.00390968
234 0.00390975
235 0.00390981
236 0.00390986
237 0.00390994
238 0.00391
239 0.00391009
240 0.00391013
241 0.00391015
242 0.00391024
243 0.0039103
244 0.00391037
245 0.00391043
246 0.00391048
247 0.00391057
248 0.00391066
249 0.0039107
250 0.00391078
251 0.00391087
252 0.00391092
253 0.00391091
254 0.00391082
255 0.00391117
