0 0.00392131
1 0.00390425
2 0.00390426
3 0.00390426
4 0.0039045
5 0.0039044
6 0.00390442
7 0.00390441
8 0.0039045
9 0.0039044
10 0.0039045
11 0.0039045
12 0.00390457
13 0.00390456
14 0.00390452
15 0.00390458
16 0.00390393
17 0.00390461
18 0.00390467
19 0.00390465
20 0.00390469
21 0.00390471
22 0.00390479
23 0.00390481
24 0.00390476
25 0.00390479
26 0.00390484
27 0.00390486
28 0.00390484
29 0.0039049
30 0.00390465
31 0.0039049
32 0.00390485
33 0.003905
34 0.003905
35 0.003905
36 0.00390507
37 0.00390505
38 0.00390508
39 0.00390512
40 0.00390511
41 0.00390512
42 0.00390519
43 0.00390528
44 0.0039047
45 0.00391997
46 0.0039031
47 0.00390314
48 0.00390316
49 0.00390315
50 0.00390321
51 0.00390315
52 0.00390322
53 0.00390323
54 0.00390328
55 0.00390325
56 0.0039033
57 0.00390331
58 0.00390337
59 0.00390337
60 0.00390344
61 0.00390343
62 0.00390347
63 0.00390344
64 0.0039036
65 0.00390386
66 0.00390358
67 0.00390356
68 0.00390363
69 0.00390362
70 0.00390369
71 0.00390367
72 0.00390372
73 0.00390372
74 0.00390375
75 0.00390374
76 0.00390385
77 0.0039038
78 0.00390387
79 0.00390385
80 0.00390395
81 0.00390389
82 0.00390397
83 0.00390396
84 0.00390399
85 0.003904
86 0.00390405
87 0.00390405
88 0.0039041
89 0.00390411
90 0.00390419
91 0.00390415
92 0.00390426
93 0.00390423
94 0.00390428
95 0.0039043
96 0.00390442
97 0.00390433
98 0.0039044
99 0.00390437
100 0.00390446
101 0.00390444
102 0.00390449
103 0.00390447
104 0.00390457
105 0.00390453
106 0.00390463
107 0.00390461
108 0.0039047
109 0.00390466
110 0.00390474
111 0.00390472
112 0.00390484
113 0.00390476
114 0.00390484
115 0.00390483
116 0.00390492
117 0.00390488
118 0.00390496
119 0.00390494
120 0.00390502
121 0.003905
122 0.0039051
123 0.00390506
124 0.00390517
125 0.00390514
126 0.00390522
127 0.0039052
128 0.00390559
129 0.00390525
130 0.00390531
131 0.00390529
132 0.00390539
133 0.00390535
134 0.00390545
135 0.00390542
136 0.00390552
137 0.00390548
138 0.00390558
139 0.00390555
140 0.00390568
141 0.00390562
142 0.0039057
143 0.0039057
144 0.0039058
145 0.00390577
146 0.00390585
147 0.00390583
148 0.00390591
149 0.00390587
150 0.00390597
151 0.00390603
152 0.00390606
153 0.00390606
154 0.00390612
155 0.0039061
156 0.00390622
157 0.00390619
158 0.00390628
159 0.00390627
160 0.00390642
161 0.00390635
162 0.00390647
163 0.00390643
164 0.00390652
165 0.00390649
166 0.00390661
167 0.0039066
168 0.00390668
169 0.00390666
170 0.00390675
171 0.00390675
172 0.00390687
173 0.00390675
174 0.00390697
175 0.00390691
176 0.00390703
177 0.00390702
178 0.0039071
179 0.00390709
180 0.0039072
181 0.00390718
182 0.00390726
183 0.00390725
184 0.00390737
185 0.00390734
186 0.00390743
187 0.00390746
188 0.00390755
189 0.00390751
190 0.00390761
191 0.00390761
192 0.00390779
193 0.00390772
194 0.00390781
195 0.00390781
196 0.0039079
197 0.00390791
198 0.003908
199 0.003908
200 0.00390811
201 0.00390809
202 0.0039082
203 0.00390831
204 0.00390832
205 0.00390832
206 0.00390839
207 0.00390841
208 0.00390854
209 0.00390854
210 0.00390862
211 0.00390864
212 0.00390874
213 0.00390874
214 0.00390888
215 0.0039089
216 0.00390899
217 0.00390903
218 0.00390909
219 0.00390914
220 0.00390924
221 0.00390924
222 0.00390936
223 0.0039094
224 0.0039095
225 0.00390946
226 0.00390957
227 0.0039096
228 0.00390971
229 0.00390974
230 0.00390982
231 0.00390987
232 0.00390997
233 0.00391001
234 0.0039101
235 0.00391015
236 0.0039103
237 0.00391022
238 0.00391019
239 0.00391049
240 0.00391057
241 0.00391057
242 0.00391066
243 0.00391065
244 0.00391076
245 0.0039108
246 0.00391095
247 0.00391096
248 0.0039111
249 0.00391107
250 0.00391122
251 0.00391134
252 0.0039114
253 0.00391136
254 0.00391133
255 0.00391156
