0 0.0039105
1 0.00390536
2 0.00390538
3 0.00390539
4 0.00390543
5 0.0039054
6 0.0039054
7 0.00390541
8 0.00390542
9 0.00390541
10 0.00390543
11 0.00390544
12 0.00390544
13 0.00390547
14 0.00390547
15 0.00390549
16 0.00390549
17 0.0039055
18 0.00390549
19 0.0039055
20 0.00390552
21 0.00390551
22 0.00390554
23 0.00390554
24 0.00390553
25 0.00390554
26 0.00390556
27 0.00390556
28 0.00390558
29 0.00390557
30 0.00390559
31 0.00390561
32 0.00390561
33 0.00390561
34 0.00390562
35 0.00390563
36 0.00390564
37 0.00390564
38 0.00390564
39 0.00390567
40 0.00390567
41 0.00390566
42 0.00390567
43 0.00390569
44 0.00390572
45 0.0039057
46 0.00390574
47 0.00390573
48 0.00390574
49 0.00390575
50 0.00390575
51 0.00390574
52 0.00390578
53 0.00390579
54 0.00390577
55 0.00390578
56 0.00390578
57 0.00390581
58 0.00390581
59 0.00390581
60 0.0039058
61 0.00390583
62 0.00390584
63 0.00390585
64 0.00390584
65 0.00390587
66 0.00390586
67 0.00390586
68 0.00390589
69 0.00390587
70 0.00390591
71 0.00390589
72 0.0039059
73 0.00390592
74 0.00390592
75 0.00390594
76 0.00390595
77 0.00390593
78 0.00390596
79 0.00390593
80 0.00390596
81 0.00390597
82 0.00390597
83 0.00390598
84 0.003906
85 0.003906
86 0.00390602
87 0.00390603
88 0.00390603
89 0.00390601
90 0.00390603
91 0.00390606
92 0.00390605
93 0.00390606
94 0.00390607
95 0.00390608
96 0.00390606
97 0.00390609
98 0.00390608
99 0.00390609
100 0.00390611
101 0.00390609
102 0.0039061
103 0.00390609
104 0.00390613
105 0.00390614
106 0.00390615
107 0.00390614
108 0.00390616
109 0.00390618
110 0.00390616
111 0.00390617
112 0.00390619
113 0.00390619
114 0.00390613
115 0.0039062
116 0.00390619
117 0.00390621
118 0.00390621
119 0.00390622
120 0.00390621
121 0.00390624
122 0.00390623
123 0.00390623
124 0.00390625
125 0.00390625
126 0.00390624
127 0.00390626
128 0.00390629
129 0.00390626
130 0.00390628
131 0.00390628
132 0.00390629
133 0.00390629
134 0.00390629
135 0.0039063
136 0.0039063
137 0.00390631
138 0.00390629
139 0.00390632
140 0.00390633
141 0.00390632
142 0.00390633
143 0.00390632
144 0.00390635
145 0.00390633
146 0.00390635
147 0.00390633
148 0.00390633
149 0.00390635
150 0.00390635
151 0.00390637
152 0.00390634
153 0.00390635
154 0.00390638
155 0.00390637
156 0.00390637
157 0.00390638
158 0.00390637
159 0.00390638
160 0.00390638
161 0.00390638
162 0.00390637
163 0.00390638
164 0.0039064
165 0.0039064
166 0.00390639
167 0.00390638
168 0.00390639
169 0.0039064
170 0.0039064
171 0.00390639
172 0.0039064
173 0.00390641
174 0.00390642
175 0.00390639
176 0.00390642
177 0.0039064
178 0.0039064
179 0.0039064
180 0.00390639
181 0.00390641
182 0.0039064
183 0.00390641
184 0.00390641
185 0.0039064
186 0.00390639
187 0.00390641
188 0.00390642
189 0.00390639
190 0.00390639
191 0.00390639
192 0.00390639
193 0.00390639
194 0.0039064
195 0.0039064
196 0.00390638
197 0.00390637
198 0.00390637
199 0.00390638
200 0.00390637
201 0.00390638
202 0.00390639
203 0.00390637
204 0.00390638
205 0.00390637
206 0.00390635
207 0.00390636
208 0.00390635
209 0.00390634
210 0.00390635
211 0.00390635
212 0.00390634
213 0.00390633
214 0.00390632
215 0.00390631
216 0.0039063
217 0.00390631
218 0.00390629
219 0.00390628
220 0.00390629
221 0.00390628
222 0.00390628
223 0.00390628
224 0.00390628
225 0.00390627
226 0.00390628
227 0.00390612
228 0.0039067
229 0.00390735
230 0.00390737
231 0.00390737
232 0.0039074
233 0.0039074
234 0.00390744
235 0.00390745
236 0.0039075
237 0.0039075
238 0.00390752
239 0.00390757
240 0.00390761
241 0.00390762
242 0.00390763
243 0.00390765
244 0.00390766
245 0.0039077
246 0.00390772
247 0.00390775
248 0.00390777
249 0.00390781
250 0.00390783
251 0.00390784
252 0.0039079
253 0.00390791
254 0.00390794
255 0.00390795
