0 0.00391301
1 0.00390471
2 0.00390472
3 0.00390472
4 0.00390481
5 0.00390477
6 0.00390476
7 0.00390477
8 0.0039048
9 0.0039048
10 0.0039048
11 0.00390483
12 0.00390485
13 0.00390485
14 0.00390485
15 0.00390489
16 0.00390488
17 0.00390488
18 0.0039049
19 0.00390491
20 0.00390492
21 0.00390495
22 0.00390496
23 0.00390497
24 0.00390497
25 0.003905
26 0.00390497
27 0.00390501
28 0.00390502
29 0.00390504
30 0.00390506
31 0.00390506
32 0.00390509
33 0.00390507
34 0.0039051
35 0.0039051
36 0.0039051
37 0.00390512
38 0.00390513
39 0.00390516
40 0.00390518
41 0.00390517
42 0.00390519
43 0.00390521
44 0.00390521
45 0.00390522
46 0.00390524
47 0.00390524
48 0.00390526
49 0.00390528
50 0.00390529
51 0.00390529
52 0.0039053
53 0.00390532
54 0.00390534
55 0.00390534
56 0.00390535
57 0.00390536
58 0.00390537
59 0.00390538
60 0.00390538
61 0.00390539
62 0.00390542
63 0.00390543
64 0.00390545
65 0.00390545
66 0.00390547
67 0.00390548
68 0.00390548
69 0.00390548
70 0.00390551
71 0.00390551
72 0.00390552
73 0.00390553
74 0.00390554
75 0.00390558
76 0.00390555
77 0.0039055
78 0.00390561
79 0.00390559
80 0.00390563
81 0.0039056
82 0.00390563
83 0.00390564
84 0.00390565
85 0.00390564
86 0.00390566
87 0.00390567
88 0.0039057
89 0.00390569
90 0.00390571
91 0.00390575
92 0.00390574
93 0.00390574
94 0.00390576
95 0.00390573
96 0.00390577
97 0.00390578
98 0.00390578
99 0.00390578
100 0.00390582
101 0.00390582
102 0.00390582
103 0.00390583
104 0.00390584
105 0.00390589
106 0.00390587
107 0.0039059
108 0.00390591
109 0.00390591
110 0.00390592
111 0.00390594
112 0.00390597
113 0.00390593
114 0.00390597
115 0.00390596
116 0.00390598
117 0.00390598
118 0.003906
119 0.003906
120 0.00390599
121 0.00390599
122 0.00390601
123 0.00390603
124 0.00390603
125 0.00390605
126 0.00390603
127 0.00390607
128 0.00390611
129 0.00390609
130 0.00390605
131 0.00390608
132 0.0039061
133 0.00390612
134 0.0039061
135 0.00390613
136 0.00390612
137 0.00390612
138 0.00390611
139 0.00390613
140 0.00390614
141 0.00390614
142 0.00390614
143 0.00390614
144 0.00390617
145 0.00390615
146 0.00390619
147 0.00390617
148 0.00390619
149 0.00390618
150 0.00390618
151 0.0039062
152 0.00390623
153 0.00390598
154 0.00390859
155 0.00390587
156 0.00390591
157 0.00390593
158 0.00390595
159 0.00390595
160 0.00390599
161 0.00390602
162 0.00390602
163 0.00390605
164 0.00390605
165 0.0039061
166 0.00390613
167 0.00390613
168 0.00390616
169 0.00390619
170 0.00390621
171 0.00390623
172 0.00390628
173 0.00390629
174 0.00390632
175 0.00390635
176 0.00390636
177 0.00390639
178 0.00390641
179 0.00390645
180 0.00390644
181 0.00390651
182 0.00390651
183 0.00390654
184 0.00390656
185 0.00390657
186 0.00390663
187 0.00390665
188 0.00390663
189 0.0039067
190 0.0039067
191 0.00390674
192 0.00390679
193 0.00390679
194 0.00390682
195 0.00390685
196 0.00390689
197 0.0039069
198 0.00390692
199 0.00390698
200 0.00390702
201 0.00390702
202 0.00390706
203 0.00390708
204 0.00390713
205 0.00390713
206 0.00390718
207 0.00390722
208 0.00390724
209 0.00390727
210 0.0039073
211 0.00390734
212 0.00390734
213 0.00390739
214 0.00390743
215 0.00390746
216 0.00390748
217 0.00390752
218 0.00390755
219 0.00390759
220 0.00390763
221 0.00390765
222 0.00390767
223 0.00390773
224 0.00390776
225 0.00390778
226 0.00390781
227 0.00390787
228 0.00390787
229 0.00390792
230 0.00390796
231 0.003908
232 0.00390804
233 0.00390808
234 0.00390812
235 0.00390814
236 0.00390818
237 0.00390822
238 0.00390826
239 0.00390831
240 0.00390832
241 0.00390836
242 0.0039084
243 0.00390844
244 0.00390849
245 0.00390853
246 0.00390859
247 0.00390862
248 0.00390866
249 0.00390871
250 0.00390874
251 0.0039088
252 0.00390882
253 0.00390884
254 0.00390889
255 0.00390895
