0 0.00392101
1 0.00390416
2 0.0039041
3 0.00390427
4 0.00390454
5 0.00390437
6 0.00390439
7 0.00390441
8 0.00390451
9 0.00390443
10 0.00390452
11 0.00390451
12 0.00390455
13 0.00390455
14 0.0039046
15 0.00390426
16 0.00390522
17 0.00390475
18 0.00390468
19 0.0039047
20 0.00390474
21 0.00390467
22 0.00390475
23 0.00390476
24 0.0039046
25 0.00390482
26 0.00390482
27 0.00390479
28 0.00390488
29 0.00390488
30 0.00390491
31 0.00390477
32 0.0039058
33 0.00390502
34 0.003905
35 0.00390498
36 0.00390504
37 0.00390499
38 0.00390505
39 0.00390512
40 0.00390505
41 0.00390511
42 0.00390512
43 0.00390511
44 0.00390515
45 0.0039052
46 0.00390534
47 0.00390422
48 0.00391825
49 0.00390293
50 0.003903
51 0.0039029
52 0.00390297
53 0.00390298
54 0.00390298
55 0.00390303
56 0.00390302
57 0.003903
58 0.00390307
59 0.00390303
60 0.00390309
61 0.00390313
62 0.00390312
63 0.00390308
64 0.00390324
65 0.00390317
66 0.00390323
67 0.00390324
68 0.00390325
69 0.00390321
70 0.00390329
71 0.00390327
72 0.00390334
73 0.00390334
74 0.00390339
75 0.00390335
76 0.00390341
77 0.00390344
78 0.00390349
79 0.0039035
80 0.00390357
81 0.00390355
82 0.00390357
83 0.00390358
84 0.0039036
85 0.00390363
86 0.00390368
87 0.00390367
88 0.00390374
89 0.00390371
90 0.00390377
91 0.00390378
92 0.00390382
93 0.00390382
94 0.00390389
95 0.0039039
96 0.00390398
97 0.00390391
98 0.00390397
99 0.00390393
100 0.00390402
101 0.00390404
102 0.00390408
103 0.00390408
104 0.00390412
105 0.00390412
106 0.00390419
107 0.00390418
108 0.00390425
109 0.00390426
110 0.00390433
111 0.00390435
112 0.00390444
113 0.00390439
114 0.00390445
115 0.00390443
116 0.00390449
117 0.00390448
118 0.00390456
119 0.00390457
120 0.00390462
121 0.00390463
122 0.00390469
123 0.00390466
124 0.00390473
125 0.00390474
126 0.00390479
127 0.0039048
128 0.0039051
129 0.00390482
130 0.00390487
131 0.00390487
132 0.00390494
133 0.00390496
134 0.00390502
135 0.00390502
136 0.00390505
137 0.00390508
138 0.00390514
139 0.00390512
140 0.00390521
141 0.00390519
142 0.00390526
143 0.00390529
144 0.00390534
145 0.00390536
146 0.00390541
147 0.0039054
148 0.00390547
149 0.00390548
150 0.00390554
151 0.00390554
152 0.0039056
153 0.00390562
154 0.00390567
155 0.00390571
156 0.00390576
157 0.00390578
158 0.00390583
159 0.00390585
160 0.0039058
161 0.00390576
162 0.00390594
163 0.00390597
164 0.00390605
165 0.00390604
166 0.00390611
167 0.00390612
168 0.00390616
169 0.0039062
170 0.00390626
171 0.00390628
172 0.00390633
173 0.00390636
174 0.00390644
175 0.00390648
176 0.00390646
177 0.00390657
178 0.00390661
179 0.00390663
180 0.00390671
181 0.00390671
182 0.00390677
183 0.00390679
184 0.00390688
185 0.00390688
186 0.00390694
187 0.00390697
188 0.00390703
189 0.00390707
190 0.0039071
191 0.00390718
192 0.00390728
193 0.00390724
194 0.00390728
195 0.00390732
196 0.00390738
197 0.00390741
198 0.00390748
199 0.0039075
200 0.00390758
201 0.00390763
202 0.00390769
203 0.00390771
204 0.00390781
205 0.00390783
206 0.00390789
207 0.00390799
208 0.00396989
209 0.0039083
210 0.00390861
211 0.00390869
212 0.00390876
213 0.00390876
214 0.00390887
215 0.00390892
216 0.00390898
217 0.00390903
218 0.00390912
219 0.00390911
220 0.00390922
221 0.00390925
222 0.00390932
223 0.00390937
224 0.00390944
225 0.00390953
226 0.00390959
227 0.00390962
228 0.00390969
229 0.00390968
230 0.00390985
231 0.00390989
232 0.00390999
233 0.00391003
234 0.00391009
235 0.0039101
236 0.00391024
237 0.00391031
238 0.00391044
239 0.00391046
240 0.00391056
241 0.0039105
242 0.00391075
243 0.0039108
244 0.00391087
245 0.00391087
246 0.00391097
247 0.003911
248 0.00391118
249 0.00391115
250 0.0039113
251 0.00391134
252 0.00391142
253 0.00391148
254 0.00391166
255 0.00391159
