0 0.00391761
1 0.0039043
2 0.00390432
3 0.00390423
4 0.00390449
5 0.00390436
6 0.00390443
7 0.00390444
8 0.00390446
9 0.00390445
10 0.00390449
11 0.00390452
12 0.00390453
13 0.00390454
14 0.00390456
15 0.00390456
16 0.00390457
17 0.00390464
18 0.00390459
19 0.00390466
20 0.00390465
21 0.00390468
22 0.00390468
23 0.00390471
24 0.00390472
25 0.00390474
26 0.00390476
27 0.00390477
28 0.0039048
29 0.00390483
30 0.00390483
31 0.00390486
32 0.00390484
33 0.00390487
34 0.00390489
35 0.00390486
36 0.00390492
37 0.00390492
38 0.00390498
39 0.00390497
40 0.00390499
41 0.00390489
42 0.00390502
43 0.00390507
44 0.00390507
45 0.00390509
46 0.00390509
47 0.0039051
48 0.00390518
49 0.00390515
50 0.00390515
51 0.00390515
52 0.00390517
53 0.00390522
54 0.00390522
55 0.00390524
56 0.00390526
57 0.00390526
58 0.00390527
59 0.0039053
60 0.00390533
61 0.00390534
62 0.00390536
63 0.0039054
64 0.00390564
65 0.0039054
66 0.00390539
67 0.00390546
68 0.00390545
69 0.00390546
70 0.00390545
71 0.00390549
72 0.00390549
73 0.00390552
74 0.00390553
75 0.00390553
76 0.00390556
77 0.0039056
78 0.00390559
79 0.00390563
80 0.00390575
81 0.00390523
82 0.00391402
83 0.00390412
84 0.00390418
85 0.00390416
86 0.00390417
87 0.00390421
88 0.00390421
89 0.00390425
90 0.00390426
91 0.00390431
92 0.00390432
93 0.00390436
94 0.00390435
95 0.00390439
96 0.00390443
97 0.00390443
98 0.00390445
99 0.00390449
100 0.00390448
101 0.00390452
102 0.00390454
103 0.00390457
104 0.00390459
105 0.00390463
106 0.00390465
107 0.00390468
108 0.00390468
109 0.00390472
110 0.00390473
111 0.00390475
112 0.00390479
113 0.00390483
114 0.00390483
115 0.00390487
116 0.00390489
117 0.00390491
118 0.00390493
119 0.00390497
120 0.00390498
121 0.00390503
122 0.00390505
123 0.00390507
124 0.00390507
125 0.00390513
126 0.00390512
127 0.00390518
128 0.00390537
129 0.00390521
130 0.00390524
131 0.00390527
132 0.00390529
133 0.0039053
134 0.00390534
135 0.00390538
136 0.0039054
137 0.00390543
138 0.00390546
139 0.00390549
140 0.00390547
141 0.00390553
142 0.00390558
143 0.00390562
144 0.00390562
145 0.00390566
146 0.00390566
147 0.0039057
148 0.00390572
149 0.00390578
150 0.00390581
151 0.00390584
152 0.00390585
153 0.00390589
154 0.00390591
155 0.00390595
156 0.00390599
157 0.00390602
158 0.00390605
159 0.00390608
160 0.00390611
161 0.00390614
162 0.00390617
163 0.00390622
164 0.00390625
165 0.00390628
166 0.0039063
167 0.00390636
168 0.00390639
169 0.00390638
170 0.00390644
171 0.00390649
172 0.00390652
173 0.00390656
174 0.0039066
175 0.00390663
176 0.00390666
177 0.00390675
178 0.00390677
179 0.0039068
180 0.00390685
181 0.00390689
182 0.00390692
183 0.00390696
184 0.00390701
185 0.00390702
186 0.00390705
187 0.0039071
188 0.00390715
189 0.00390719
190 0.00390723
191 0.00390727
192 0.00390734
193 0.00390734
194 0.00390737
195 0.00390742
196 0.00390743
197 0.00390753
198 0.00390757
199 0.00390761
200 0.00390763
201 0.00390766
202 0.0039077
203 0.00390776
204 0.00390781
205 0.00390786
206 0.00390791
207 0.00390795
208 0.00390799
209 0.00390807
210 0.00390802
211 0.00390816
212 0.00390813
213 0.0039082
214 0.00390827
215 0.00390831
216 0.00390837
217 0.00390842
218 0.00390845
219 0.00390852
220 0.00390856
221 0.0039086
222 0.00390865
223 0.0039087
224 0.00390876
225 0.0039088
226 0.00390885
227 0.00390891
228 0.00390896
229 0.003909
230 0.00390906
231 0.00390909
232 0.00390916
233 0.0039092
234 0.00390926
235 0.00390929
236 0.00390939
237 0.00390941
238 0.00390946
239 0.00390954
240 0.00390959
241 0.00390965
242 0.0039097
243 0.00390976
244 0.00390981
245 0.0039099
246 0.00390992
247 0.00391
248 0.00391005
249 0.0039101
250 0.00391018
251 0.00391022
252 0.00391028
253 0.00391034
254 0.0039104
255 0.00391048
