0 0.00392549
1 0.00390436
2 0.00390432
3 0.00390437
4 0.0039047
5 0.0039045
6 0.00390435
7 0.00390457
8 0.00390461
9 0.00390467
10 0.00390483
11 0.00390382
12 0.00392836
13 0.00390219
14 0.00390228
15 0.00390229
16 0.0039023
17 0.00390231
18 0.0039023
19 0.00390236
20 0.00390238
21 0.0039024
22 0.00390245
23 0.00390248
24 0.00390248
25 0.00390252
26 0.00390254
27 0.00390258
28 0.00390259
29 0.00390259
30 0.00390261
31 0.00390243
32 0.00390266
33 0.00390273
34 0.00390266
35 0.00390279
36 0.00390273
37 0.00390281
38 0.00390279
39 0.00390286
40 0.00390284
41 0.00390291
42 0.00390289
43 0.00390301
44 0.00390289
45 0.003903
46 0.00390297
47 0.00390311
48 0.00390306
49 0.00390312
50 0.0039031
51 0.00390313
52 0.00390314
53 0.00390318
54 0.00390316
55 0.00390323
56 0.00390323
57 0.00390329
58 0.00390329
59 0.00390339
60 0.00390337
61 0.00390338
62 0.00390337
63 0.00390343
64 0.00390345
65 0.00390349
66 0.00390347
67 0.00390353
68 0.00390353
69 0.00390359
70 0.00390357
71 0.00390363
72 0.00390364
73 0.00390369
74 0.00390369
75 0.00390378
76 0.00390377
77 0.00390381
78 0.0039038
79 0.00390383
80 0.00390385
81 0.00390388
82 0.00390388
83 0.00390392
84 0.00390394
85 0.003904
86 0.003904
87 0.00390405
88 0.00390407
89 0.00390411
90 0.00390412
91 0.00390417
92 0.00390416
93 0.00390422
94 0.00390421
95 0.00390428
96 0.00390431
97 0.00390433
98 0.00390433
99 0.00390439
100 0.00390442
101 0.00390444
102 0.00390446
103 0.00390451
104 0.00390452
105 0.00390455
106 0.00390457
107 0.00390464
108 0.00390465
109 0.00390467
110 0.00390472
111 0.00390475
112 0.00390478
113 0.00390483
114 0.00390482
115 0.0039049
116 0.0039049
117 0.00390496
118 0.00390494
119 0.00390502
120 0.00390503
121 0.00390507
122 0.00390511
123 0.00390519
124 0.00390519
125 0.00390524
126 0.00390526
127 0.00390532
128 0.00390568
129 0.00390538
130 0.00390541
131 0.00390542
132 0.00390546
133 0.0039055
134 0.00390539
135 0.00390558
136 0.00390559
137 0.00390564
138 0.00390567
139 0.0039058
140 0.00390565
141 0.00390584
142 0.00390583
143 0.00390591
144 0.0039059
145 0.00390598
146 0.003906
147 0.00390604
148 0.00390609
149 0.00390614
150 0.00390614
151 0.00390621
152 0.00390625
153 0.0039063
154 0.00390629
155 0.00390639
156 0.0039064
157 0.00390646
158 0.00390649
159 0.00390654
160 0.0039066
161 0.00390665
162 0.00390668
163 0.00390672
164 0.00390675
165 0.00390682
166 0.00390683
167 0.00390692
168 0.00390694
169 0.00390701
170 0.00390706
171 0.0039071
172 0.00390711
173 0.0039072
174 0.00390722
175 0.0039073
176 0.00390734
177 0.0039074
178 0.00390742
179 0.0039075
180 0.00390752
181 0.00390761
182 0.00390763
183 0.00390768
184 0.00390773
185 0.00390778
186 0.00390783
187 0.0039079
188 0.0039079
189 0.00390802
190 0.00390805
191 0.00390815
192 0.0039082
193 0.00390823
194 0.00390824
195 0.00390836
196 0.00390841
197 0.00390846
198 0.00390848
199 0.00390859
200 0.00390864
201 0.00390869
202 0.00390876
203 0.00390889
204 0.00390886
205 0.00390898
206 0.00390895
207 0.00390906
208 0.00390916
209 0.00390918
210 0.00390924
211 0.00390928
212 0.00390932
213 0.00390942
214 0.00390945
215 0.00390954
216 0.00390959
217 0.00390965
218 0.00390976
219 0.00390983
220 0.00390986
221 0.0039102
222 0.00390994
223 0.00391017
224 0.00391018
225 0.00391023
226 0.00391027
227 0.00391029
228 0.00391044
229 0.00391042
230 0.00391047
231 0.00391055
232 0.00391071
233 0.00391064
234 0.00391086
235 0.0039108
236 0.00391104
237 0.00391213
238 0.00391111
239 0.00391125
240 0.00391131
241 0.00391138
242 0.00391145
243 0.00391153
244 0.00391164
245 0.00391172
246 0.00391176
247 0.0039119
248 0.00391197
249 0.00391207
250 0.00391216
251 0.00391224
252 0.00391227
253 0.00391234
254 0.00391253
255 0.00391266
