0 0.00391382
1 0.00390459
2 0.00390459
3 0.00390459
4 0.00390472
5 0.00390466
6 0.00390468
7 0.00390465
8 0.00390468
9 0.00390469
10 0.00390471
11 0.00390474
12 0.00390476
13 0.00390475
14 0.00390477
15 0.00390478
16 0.00390479
17 0.0039048
18 0.00390481
19 0.00390482
20 0.00390484
21 0.00390486
22 0.00390485
23 0.00390489
24 0.00390488
25 0.00390491
26 0.00390492
27 0.00390493
28 0.00390494
29 0.00390496
30 0.00390496
31 0.00390498
32 0.00390501
33 0.003905
34 0.00390501
35 0.00390502
36 0.00390504
37 0.00390506
38 0.00390508
39 0.00390507
40 0.00390509
41 0.00390511
42 0.00390512
43 0.00390514
44 0.00390515
45 0.00390515
46 0.00390518
47 0.00390518
48 0.00390521
49 0.00390521
50 0.00390522
51 0.00390524
52 0.00390524
53 0.00390526
54 0.00390528
55 0.00390528
56 0.0039053
57 0.0039053
58 0.0039053
59 0.0039053
60 0.00390533
61 0.00390535
62 0.00390539
63 0.0039054
64 0.00390543
65 0.00390541
66 0.0039054
67 0.00390544
68 0.00390542
69 0.00390537
70 0.00390545
71 0.00390546
72 0.00390546
73 0.00390549
74 0.00390549
75 0.00390556
76 0.00390552
77 0.00390553
78 0.00390556
79 0.00390555
80 0.00390558
81 0.0039056
82 0.00390561
83 0.0039056
84 0.0039056
85 0.00390563
86 0.00390564
87 0.00390562
88 0.00390565
89 0.00390567
90 0.00390569
91 0.00390568
92 0.0039057
93 0.00390572
94 0.00390572
95 0.00390572
96 0.00390575
97 0.00390578
98 0.00390575
99 0.0039058
100 0.00390581
101 0.00390581
102 0.00390579
103 0.00390585
104 0.00390582
105 0.00390585
106 0.00390584
107 0.00390585
108 0.00390589
109 0.00390587
110 0.00390588
111 0.0039059
112 0.00390592
113 0.00390592
114 0.00390591
115 0.00390592
116 0.00390593
117 0.00390593
118 0.00390594
119 0.00390598
120 0.00390597
121 0.003906
122 0.00390603
123 0.00390602
124 0.00390603
125 0.00390604
126 0.00390604
127 0.00390603
128 0.00390613
129 0.00390606
130 0.00390607
131 0.00390608
132 0.00390609
133 0.00390611
134 0.00390607
135 0.00390611
136 0.00390615
137 0.00390585
138 0.00390935
139 0.00390551
140 0.00390556
141 0.00390555
142 0.00390559
143 0.0039056
144 0.0039056
145 0.00390566
146 0.00390565
147 0.00390571
148 0.00390572
149 0.00390572
150 0.00390578
151 0.00390577
152 0.0039058
153 0.00390582
154 0.00390585
155 0.00390588
156 0.00390589
157 0.00390591
158 0.00390595
159 0.00390597
160 0.003906
161 0.00390601
162 0.00390605
163 0.00390608
164 0.00390608
165 0.00390611
166 0.00390612
167 0.00390617
168 0.00390619
169 0.00390623
170 0.00390624
171 0.00390626
172 0.0039063
173 0.00390634
174 0.00390636
175 0.00390636
176 0.00390642
177 0.00390642
178 0.00390646
179 0.00390648
180 0.00390652
181 0.00390655
182 0.00390655
183 0.00390662
184 0.00390664
185 0.00390665
186 0.00390668
187 0.00390671
188 0.00390676
189 0.00390677
190 0.0039068
191 0.00390682
192 0.00390686
193 0.00390689
194 0.00390692
195 0.00390694
196 0.00390699
197 0.00390699
198 0.00390703
199 0.00390707
200 0.00390709
201 0.00390714
202 0.00390716
203 0.00390721
204 0.00390724
205 0.00390728
206 0.00390729
207 0.00390735
208 0.00390737
209 0.00390741
210 0.00390742
211 0.00390748
212 0.0039075
213 0.00390751
214 0.00390758
215 0.00390762
216 0.00390764
217 0.00390766
218 0.00390772
219 0.00390776
220 0.00390779
221 0.00390782
222 0.00390787
223 0.00390791
224 0.00390794
225 0.00390799
226 0.003908
227 0.00390804
228 0.0039081
229 0.00390813
230 0.00390816
231 0.00390821
232 0.00390823
233 0.0039083
234 0.00390833
235 0.00390836
236 0.0039084
237 0.00390846
238 0.0039085
239 0.00390854
240 0.00390858
241 0.00390862
242 0.00390865
243 0.00390868
244 0.00390874
245 0.00390877
246 0.00390882
247 0.0039089
248 0.00390892
249 0.00390896
250 0.00390901
251 0.00390906
252 0.00390909
253 0.00390913
254 0.00390918
255 0.00390926
