0 0.0039131
1 0.00390468
2 0.00390471
3 0.00390469
4 0.00390477
5 0.00390476
6 0.00390474
7 0.00390476
8 0.00390477
9 0.00390479
10 0.00390479
11 0.00390482
12 0.00390481
13 0.00390484
14 0.00390485
15 0.00390484
16 0.00390487
17 0.00390488
18 0.0039049
19 0.0039049
20 0.00390492
21 0.00390495
22 0.00390493
23 0.00390496
24 0.00390495
25 0.00390499
26 0.00390499
27 0.003905
28 0.00390502
29 0.00390501
30 0.00390505
31 0.00390505
32 0.00390506
33 0.00390507
34 0.00390508
35 0.00390511
36 0.0039051
37 0.00390512
38 0.00390513
39 0.00390515
40 0.00390517
41 0.00390517
42 0.00390515
43 0.0039052
44 0.0039052
45 0.00390523
46 0.00390522
47 0.00390522
48 0.00390526
49 0.00390526
50 0.00390526
51 0.00390529
52 0.00390529
53 0.00390532
54 0.00390532
55 0.00390532
56 0.00390533
57 0.00390535
58 0.00390534
59 0.00390538
60 0.00390537
61 0.00390538
62 0.00390541
63 0.00390542
64 0.00390545
65 0.00390544
66 0.00390545
67 0.00390545
68 0.00390547
69 0.00390548
70 0.00390548
71 0.00390551
72 0.00390551
73 0.00390552
74 0.00390552
75 0.00390554
76 0.00390548
77 0.00390559
78 0.00390559
79 0.0039056
80 0.00390559
81 0.00390561
82 0.00390564
83 0.00390564
84 0.00390566
85 0.00390566
86 0.00390566
87 0.00390566
88 0.00390567
89 0.0039057
90 0.00390566
91 0.0039057
92 0.00390571
93 0.00390573
94 0.00390574
95 0.00390574
96 0.00390576
97 0.00390578
98 0.00390579
99 0.0039058
100 0.0039058
101 0.00390581
102 0.00390582
103 0.00390584
104 0.00390584
105 0.00390585
106 0.00390587
107 0.00390589
108 0.00390589
109 0.0039059
110 0.0039059
111 0.00390594
112 0.00390593
113 0.00390591
114 0.00390594
115 0.00390598
116 0.00390597
117 0.00390597
118 0.00390598
119 0.003906
120 0.00390599
121 0.00390599
122 0.00390602
123 0.00390604
124 0.00390601
125 0.00390602
126 0.00390604
127 0.00390605
128 0.00390612
129 0.00390605
130 0.00390607
131 0.00390608
132 0.00390607
133 0.00390609
134 0.0039061
135 0.00390613
136 0.00390612
137 0.00390612
138 0.00390613
139 0.00390612
140 0.00390613
141 0.00390616
142 0.00390616
143 0.00390616
144 0.00390615
145 0.00390618
146 0.00390615
147 0.00390616
148 0.00390617
149 0.0039062
150 0.00390622
151 0.00390598
152 0.00390869
153 0.00390584
154 0.00390589
155 0.00390588
156 0.0039059
157 0.00390592
158 0.00390595
159 0.00390597
160 0.00390598
161 0.00390601
162 0.00390604
163 0.00390607
164 0.00390608
165 0.00390608
166 0.00390612
167 0.00390617
168 0.00390616
169 0.0039062
170 0.00390623
171 0.00390625
172 0.00390627
173 0.0039063
174 0.00390632
175 0.00390633
176 0.00390636
177 0.00390638
178 0.0039064
179 0.00390645
180 0.00390647
181 0.00390651
182 0.00390652
183 0.00390655
184 0.00390655
185 0.00390658
186 0.00390663
187 0.00390664
188 0.00390667
189 0.0039067
190 0.00390672
191 0.00390677
192 0.00390679
193 0.00390681
194 0.00390684
195 0.00390687
196 0.00390688
197 0.00390692
198 0.00390696
199 0.00390701
200 0.00390701
201 0.00390705
202 0.00390707
203 0.00390711
204 0.0039071
205 0.00390716
206 0.0039072
207 0.00390722
208 0.00390726
209 0.00390728
210 0.00390731
211 0.00390736
212 0.00390739
213 0.00390742
214 0.00390744
215 0.00390749
216 0.00390751
217 0.00390755
218 0.00390758
219 0.00390761
220 0.00390764
221 0.00390767
222 0.00390772
223 0.00390776
224 0.00390778
225 0.00390781
226 0.00390783
227 0.00390788
228 0.00390791
229 0.00390796
230 0.00390799
231 0.00390804
232 0.00390807
233 0.0039081
234 0.00390815
235 0.00390819
236 0.0039082
237 0.00390825
238 0.0039083
239 0.00390834
240 0.00390837
241 0.00390839
242 0.00390844
243 0.00390847
244 0.00390853
245 0.00390857
246 0.00390859
247 0.00390865
248 0.00390868
249 0.00390873
250 0.00390876
251 0.00390882
252 0.00390885
253 0.00390888
254 0.00390893
255 0.00390899
