0 0.00391177
1 0.00390497
2 0.00390496
3 0.00390499
4 0.00390503
5 0.00390499
6 0.003905
7 0.00390501
8 0.00390503
9 0.00390505
10 0.00390503
11 0.00390504
12 0.00390506
13 0.00390507
14 0.00390509
15 0.00390509
16 0.00390509
17 0.00390512
18 0.00390511
19 0.00390513
20 0.00390515
21 0.00390516
22 0.00390513
23 0.00390519
24 0.00390518
25 0.00390516
26 0.00390519
27 0.00390522
28 0.00390524
29 0.00390522
30 0.00390525
31 0.00390524
32 0.00390528
33 0.00390526
34 0.00390528
35 0.00390527
36 0.0039053
37 0.00390531
38 0.00390532
39 0.00390532
40 0.00390533
41 0.00390535
42 0.00390536
43 0.00390534
44 0.00390537
45 0.00390538
46 0.0039054
47 0.00390541
48 0.00390542
49 0.00390544
50 0.00390544
51 0.00390543
52 0.00390544
53 0.00390545
54 0.00390546
55 0.00390546
56 0.00390549
57 0.00390551
58 0.00390553
59 0.00390551
60 0.00390552
61 0.00390554
62 0.00390553
63 0.00390556
64 0.00390558
65 0.00390559
66 0.00390559
67 0.00390559
68 0.00390558
69 0.00390561
70 0.00390561
71 0.00390564
72 0.00390564
73 0.00390566
74 0.00390567
75 0.00390569
76 0.00390569
77 0.0039057
78 0.0039057
79 0.00390571
80 0.00390575
81 0.00390573
82 0.00390576
83 0.00390575
84 0.00390576
85 0.00390579
86 0.0039058
87 0.00390581
88 0.00390581
89 0.00390581
90 0.00390583
91 0.00390583
92 0.00390578
93 0.00390586
94 0.00390587
95 0.00390585
96 0.00390588
97 0.00390588
98 0.00390589
99 0.0039059
100 0.0039059
101 0.00390588
102 0.00390592
103 0.00390595
104 0.00390595
105 0.00390594
106 0.00390595
107 0.00390596
108 0.00390597
109 0.00390597
110 0.00390599
111 0.00390599
112 0.003906
113 0.003906
114 0.003906
115 0.00390603
116 0.00390602
117 0.00390602
118 0.00390606
119 0.00390605
120 0.00390608
121 0.00390608
122 0.00390606
123 0.00390606
124 0.00390608
125 0.00390609
126 0.0039061
127 0.00390612
128 0.00390611
129 0.00390612
130 0.00390612
131 0.00390612
132 0.00390613
133 0.00390614
134 0.00390613
135 0.00390616
136 0.00390613
137 0.00390618
138 0.00390617
139 0.00390615
140 0.00390618
141 0.00390618
142 0.00390619
143 0.00390619
144 0.00390618
145 0.0039062
146 0.00390619
147 0.0039062
148 0.00390622
149 0.00390621
150 0.00390621
151 0.00390623
152 0.00390621
153 0.00390626
154 0.00390625
155 0.00390626
156 0.00390622
157 0.00390625
158 0.00390624
159 0.00390624
160 0.00390625
161 0.00390623
162 0.00390625
163 0.00390628
164 0.00390628
165 0.00390627
166 0.00390626
167 0.00390627
168 0.00390628
169 0.00390627
170 0.00390628
171 0.00390629
172 0.00390626
173 0.00390628
174 0.00390626
175 0.00390626
176 0.00390627
177 0.00390628
178 0.00390628
179 0.00390627
180 0.00390628
181 0.00390627
182 0.00390633
183 0.00390611
184 0.00390755
185 0.00390652
186 0.00390656
187 0.00390656
188 0.00390657
189 0.00390659
190 0.00390662
191 0.00390665
192 0.00390666
193 0.0039067
194 0.00390672
195 0.00390675
196 0.00390678
197 0.00390679
198 0.00390681
199 0.00390684
200 0.00390683
201 0.00390687
202 0.00390691
203 0.00390693
204 0.00390695
205 0.00390698
206 0.00390701
207 0.00390702
208 0.00390703
209 0.00390707
210 0.00390712
211 0.00390713
212 0.00390716
213 0.00390719
214 0.00390721
215 0.00390723
216 0.00390725
217 0.00390727
218 0.00390733
219 0.00390734
220 0.00390736
221 0.00390738
222 0.00390743
223 0.00390746
224 0.0039075
225 0.00390751
226 0.00390754
227 0.00390757
228 0.00390758
229 0.00390764
230 0.00390767
231 0.0039077
232 0.00390771
233 0.00390774
234 0.00390779
235 0.00390779
236 0.00390784
237 0.00390787
238 0.00390789
239 0.00390794
240 0.00390797
241 0.003908
242 0.00390803
243 0.00390807
244 0.00390809
245 0.00390812
246 0.00390815
247 0.00390821
248 0.00390824
249 0.00390828
250 0.00390831
251 0.00390834
252 0.00390837
253 0.0039084
254 0.00390845
255 0.00390847
