0 0.003921
1 0.00390443
2 0.00390421
3 0.00390429
4 0.00390452
5 0.00390438
6 0.00390443
7 0.00390442
8 0.00390448
9 0.00390444
10 0.0039045
11 0.00390452
12 0.00390455
13 0.00390454
14 0.00390459
15 0.0039046
16 0.00390555
17 0.00390455
18 0.00390481
19 0.00390467
20 0.0039047
21 0.0039047
22 0.00390475
23 0.00390477
24 0.00390482
25 0.00390485
26 0.00390482
27 0.00390481
28 0.00390488
29 0.00390487
30 0.0039049
31 0.00390493
32 0.00390585
33 0.00390493
34 0.00390505
35 0.00390502
36 0.00390503
37 0.00390502
38 0.00390506
39 0.00390509
40 0.00390509
41 0.00390511
42 0.00390514
43 0.00390515
44 0.00390519
45 0.00390518
46 0.00390522
47 0.00390518
48 0.00390477
49 0.00391923
50 0.0039033
51 0.0039033
52 0.00390333
53 0.00390329
54 0.00390337
55 0.00390337
56 0.00390341
57 0.00390339
58 0.00390348
59 0.00390346
60 0.00390351
61 0.00390349
62 0.00390356
63 0.00390357
64 0.0039037
65 0.00390356
66 0.00390361
67 0.00390361
68 0.00390367
69 0.00390364
70 0.00390372
71 0.0039037
72 0.00390377
73 0.00390372
74 0.00390381
75 0.00390378
76 0.00390384
77 0.00390383
78 0.00390389
79 0.00390391
80 0.00390396
81 0.00390389
82 0.00390397
83 0.00390397
84 0.00390401
85 0.00390398
86 0.00390405
87 0.00390402
88 0.00390409
89 0.00390409
90 0.00390416
91 0.0039041
92 0.00390419
93 0.0039042
94 0.00390426
95 0.00390423
96 0.00390437
97 0.0039043
98 0.00390437
99 0.00390443
100 0.0039044
101 0.00390442
102 0.00390448
103 0.00390446
104 0.0039045
105 0.00390452
106 0.00390456
107 0.00390458
108 0.00390464
109 0.00390461
110 0.00390471
111 0.0039047
112 0.00390482
113 0.00390477
114 0.0039048
115 0.00390478
116 0.00390487
117 0.00390487
118 0.00390486
119 0.00390494
120 0.00390497
121 0.00390499
122 0.00390502
123 0.00390506
124 0.0039051
125 0.00390511
126 0.00390514
127 0.00390518
128 0.00390549
129 0.00390521
130 0.00390523
131 0.00390525
132 0.00390532
133 0.00390531
134 0.00390539
135 0.00390538
136 0.00390544
137 0.00390545
138 0.00390551
139 0.00390551
140 0.0039056
141 0.00390558
142 0.00390562
143 0.00390567
144 0.00390576
145 0.00390573
146 0.00390576
147 0.00390581
148 0.00390587
149 0.00390587
150 0.00390594
151 0.00390594
152 0.00390601
153 0.00390606
154 0.00390608
155 0.00390609
156 0.00390614
157 0.00390616
158 0.00390623
159 0.00390621
160 0.0039063
161 0.00390634
162 0.0039064
163 0.00390637
164 0.00390641
165 0.00390642
166 0.0039065
167 0.00390651
168 0.00390656
169 0.00390659
170 0.00390664
171 0.00390666
172 0.00390671
173 0.00390676
174 0.00390681
175 0.00390684
176 0.00390693
177 0.00390686
178 0.00390701
179 0.00390699
180 0.00390708
181 0.00390707
182 0.00390715
183 0.00390719
184 0.00390726
185 0.00390728
186 0.00390735
187 0.00390737
188 0.00390744
189 0.00390745
190 0.00390755
191 0.00390756
192 0.00390767
193 0.00390782
194 0.00390772
195 0.00390773
196 0.00390778
197 0.00390781
198 0.0039079
199 0.00390789
200 0.003908
201 0.00390799
202 0.00390808
203 0.00390811
204 0.00390822
205 0.00390819
206 0.0039083
207 0.0039084
208 0.00390864
209 0.0039086
210 0.00390854
211 0.00390855
212 0.00390866
213 0.00390867
214 0.00390875
215 0.0039088
216 0.00390886
217 0.00390888
218 0.00390902
219 0.00390901
220 0.0039091
221 0.00390912
222 0.00390924
223 0.00390928
224 0.00390946
225 0.00390966
226 0.00390949
227 0.00390952
228 0.0039096
229 0.00390961
230 0.00390972
231 0.00390977
232 0.00390986
233 0.00390986
234 0.00390998
235 0.00391002
236 0.00391014
237 0.00391017
238 0.00391026
239 0.00391034
240 0.00391047
241 0.00391041
242 0.00391037
243 0.0039106
244 0.0039107
245 0.00391075
246 0.00391083
247 0.00391081
248 0.00391093
249 0.00391099
250 0.00391108
251 0.00391114
252 0.00391126
253 0.00391126
254 0.00391141
255 0.00391151
