0 0.00391079
1 0.00390527
2 0.00390527
3 0.00390525
4 0.00390532
5 0.00390529
6 0.00390527
7 0.0039053
8 0.00390531
9 0.00390533
10 0.00390532
11 0.00390534
12 0.00390535
13 0.00390534
14 0.00390537
15 0.00390537
16 0.00390538
17 0.00390537
18 0.0039054
19 0.00390541
20 0.00390541
21 0.0039054
22 0.00390542
23 0.00390542
24 0.00390545
25 0.00390542
26 0.00390545
27 0.00390546
28 0.00390546
29 0.00390547
30 0.00390548
31 0.0039055
32 0.00390549
33 0.00390551
34 0.00390551
35 0.00390552
36 0.00390552
37 0.00390556
38 0.00390555
39 0.00390554
40 0.00390557
41 0.00390557
42 0.00390558
43 0.00390559
44 0.00390562
45 0.00390563
46 0.00390561
47 0.00390563
48 0.00390565
49 0.00390566
50 0.00390566
51 0.00390568
52 0.00390568
53 0.00390569
54 0.00390569
55 0.00390571
56 0.00390572
57 0.00390571
58 0.00390571
59 0.00390574
60 0.00390573
61 0.00390574
62 0.00390575
63 0.00390575
64 0.00390578
65 0.00390578
66 0.00390579
67 0.00390579
68 0.00390581
69 0.00390579
70 0.00390581
71 0.00390583
72 0.00390584
73 0.00390581
74 0.00390585
75 0.00390586
76 0.00390585
77 0.00390587
78 0.00390587
79 0.0039059
80 0.00390591
81 0.00390591
82 0.00390592
83 0.00390592
84 0.00390594
85 0.00390594
86 0.00390594
87 0.00390595
88 0.00390595
89 0.00390598
90 0.00390595
91 0.00390598
92 0.00390598
93 0.00390599
94 0.00390599
95 0.00390599
96 0.00390602
97 0.00390601
98 0.00390603
99 0.00390603
100 0.00390605
101 0.00390603
102 0.00390606
103 0.00390605
104 0.00390607
105 0.00390608
106 0.00390608
107 0.00390609
108 0.00390605
109 0.0039061
110 0.00390609
111 0.00390611
112 0.00390612
113 0.00390611
114 0.00390614
115 0.00390613
116 0.00390614
117 0.00390613
118 0.00390616
119 0.00390617
120 0.00390617
121 0.00390616
122 0.00390619
123 0.00390619
124 0.00390618
125 0.0039062
126 0.00390618
127 0.0039062
128 0.00390622
129 0.00390621
130 0.00390623
131 0.00390622
132 0.00390622
133 0.00390624
134 0.00390622
135 0.00390627
136 0.00390625
137 0.00390626
138 0.00390626
139 0.00390626
140 0.00390629
141 0.00390628
142 0.00390627
143 0.00390628
144 0.00390629
145 0.00390629
146 0.00390629
147 0.00390629
148 0.00390631
149 0.00390629
150 0.00390633
151 0.0039063
152 0.00390632
153 0.00390632
154 0.00390633
155 0.00390632
156 0.00390632
157 0.00390633
158 0.00390634
159 0.00390633
160 0.00390633
161 0.00390634
162 0.00390634
163 0.00390634
164 0.00390636
165 0.00390632
166 0.00390637
167 0.00390636
168 0.00390635
169 0.00390637
170 0.00390636
171 0.00390633
172 0.00390635
173 0.00390637
174 0.00390635
175 0.00390637
176 0.00390636
177 0.00390635
178 0.00390638
179 0.00390636
180 0.00390638
181 0.00390635
182 0.00390636
183 0.00390635
184 0.00390637
185 0.00390636
186 0.00390637
187 0.00390637
188 0.00390635
189 0.00390638
190 0.00390635
191 0.00390636
192 0.00390635
193 0.00390636
194 0.00390634
195 0.00390635
196 0.00390636
197 0.00390635
198 0.00390634
199 0.00390633
200 0.00390633
201 0.00390633
202 0.00390632
203 0.00390633
204 0.00390631
205 0.00390632
206 0.00390631
207 0.00390632
208 0.00390631
209 0.00390629
210 0.00390629
211 0.00390629
212 0.00390628
213 0.00390627
214 0.00390631
215 0.00390615
216 0.00390686
217 0.00390711
218 0.00390716
219 0.00390716
220 0.00390718
221 0.00390719
222 0.00390722
223 0.00390726
224 0.00390728
225 0.00390731
226 0.00390732
227 0.00390735
228 0.00390738
229 0.00390739
230 0.00390743
231 0.00390747
232 0.00390746
233 0.00390747
234 0.00390752
235 0.00390754
236 0.00390755
237 0.00390759
238 0.00390761
239 0.00390764
240 0.00390767
241 0.00390769
242 0.00390771
243 0.00390775
244 0.00390776
245 0.00390781
246 0.00390782
247 0.00390784
248 0.00390788
249 0.00390791
250 0.00390794
251 0.00390797
252 0.00390802
253 0.00390803
254 0.00390805
255 0.0039081
