0 0.00391395
1 0.00390457
2 0.00390461
3 0.00390457
4 0.00390469
5 0.00390462
6 0.00390465
7 0.00390463
8 0.00390465
9 0.00390467
10 0.00390468
11 0.00390471
12 0.00390472
13 0.00390474
14 0.00390475
15 0.00390476
16 0.00390477
17 0.00390478
18 0.00390479
19 0.00390482
20 0.00390481
21 0.00390485
22 0.00390486
23 0.00390484
24 0.00390488
25 0.00390489
26 0.00390489
27 0.00390492
28 0.00390494
29 0.00390494
30 0.00390495
31 0.00390494
32 0.00390498
33 0.00390501
34 0.00390499
35 0.00390503
36 0.00390502
37 0.00390505
38 0.00390508
39 0.00390505
40 0.00390509
41 0.00390511
42 0.0039051
43 0.00390513
44 0.00390514
45 0.00390517
46 0.00390515
47 0.00390518
48 0.00390522
49 0.0039052
50 0.00390522
51 0.00390522
52 0.00390522
53 0.00390526
54 0.00390528
55 0.00390526
56 0.00390527
57 0.0039053
58 0.00390531
59 0.00390533
60 0.00390537
61 0.00390535
62 0.00390536
63 0.00390538
64 0.00390541
65 0.0039054
66 0.0039054
67 0.00390543
68 0.00390547
69 0.00390543
70 0.00390544
71 0.00390545
72 0.00390552
73 0.00390549
74 0.0039055
75 0.0039055
76 0.00390553
77 0.00390555
78 0.00390557
79 0.00390556
80 0.00390559
81 0.00390558
82 0.00390559
83 0.00390561
84 0.00390562
85 0.00390562
86 0.00390564
87 0.00390566
88 0.00390567
89 0.00390568
90 0.00390568
91 0.00390569
92 0.00390571
93 0.00390571
94 0.00390573
95 0.00390574
96 0.00390577
97 0.00390576
98 0.00390579
99 0.00390579
100 0.00390581
101 0.0039058
102 0.00390582
103 0.00390582
104 0.00390585
105 0.00390585
106 0.00390584
107 0.00390585
108 0.00390586
109 0.00390588
110 0.00390587
111 0.00390591
112 0.00390593
113 0.00390591
114 0.00390593
115 0.00390594
116 0.00390595
117 0.00390596
118 0.00390598
119 0.00390598
120 0.00390598
121 0.00390597
122 0.00390602
123 0.00390603
124 0.00390604
125 0.00390606
126 0.00390606
127 0.00390608
128 0.00390617
129 0.00390608
130 0.00390608
131 0.00390611
132 0.00390612
133 0.00390614
134 0.00390585
135 0.00390957
136 0.00390547
137 0.0039055
138 0.00390551
139 0.00390552
140 0.00390554
141 0.00390555
142 0.00390556
143 0.00390561
144 0.00390561
145 0.00390564
146 0.00390566
147 0.0039057
148 0.00390569
149 0.00390573
150 0.00390576
151 0.00390576
152 0.00390581
153 0.00390585
154 0.00390582
155 0.00390588
156 0.00390589
157 0.00390594
158 0.00390596
159 0.00390597
160 0.00390598
161 0.00390602
162 0.00390604
163 0.00390608
164 0.00390608
165 0.00390611
166 0.00390614
167 0.00390618
168 0.0039062
169 0.00390623
170 0.00390623
171 0.00390628
172 0.0039063
173 0.00390633
174 0.00390635
175 0.00390637
176 0.00390638
177 0.00390642
178 0.00390647
179 0.00390649
180 0.00390653
181 0.00390656
182 0.00390659
183 0.0039066
184 0.00390663
185 0.00390667
186 0.0039067
187 0.00390671
188 0.00390676
189 0.00390677
190 0.00390681
191 0.00390685
192 0.00390687
193 0.0039069
194 0.00390693
195 0.00390694
196 0.00390702
197 0.00390702
198 0.00390706
199 0.00390708
200 0.00390713
201 0.00390717
202 0.00390719
203 0.00390722
204 0.00390725
205 0.00390728
206 0.00390732
207 0.00390735
208 0.00390738
209 0.00390743
210 0.00390745
211 0.00390749
212 0.00390752
213 0.00390757
214 0.0039076
215 0.00390763
216 0.00390766
217 0.00390771
218 0.00390774
219 0.00390779
220 0.00390781
221 0.00390786
222 0.00390788
223 0.00390792
224 0.00390798
225 0.003908
226 0.00390803
227 0.00390811
228 0.00390812
229 0.00390814
230 0.00390819
231 0.00390821
232 0.00390826
233 0.00390832
234 0.00390836
235 0.00390839
236 0.00390844
237 0.00390847
238 0.00390853
239 0.00390856
240 0.0039086
241 0.00390863
242 0.0039087
243 0.00390874
244 0.00390878
245 0.00390881
246 0.00390887
247 0.00390892
248 0.00390897
249 0.00390901
250 0.00390903
251 0.00390908
252 0.00390909
253 0.00390917
254 0.00390923
255 0.00390931
