0 0.00391449
1 0.00390453
2 0.00390453
3 0.00390452
4 0.00390464
5 0.00390457
6 0.00390459
7 0.00390459
8 0.00390462
9 0.00390463
10 0.00390465
11 0.00390465
12 0.00390466
13 0.00390469
14 0.00390469
15 0.00390471
16 0.00390473
17 0.00390472
18 0.00390475
19 0.00390475
20 0.00390478
21 0.00390479
22 0.00390481
23 0.00390482
24 0.00390483
25 0.00390485
26 0.00390485
27 0.00390486
28 0.0039049
29 0.00390491
30 0.00390492
31 0.00390494
32 0.00390496
33 0.00390496
34 0.00390496
35 0.00390499
36 0.00390501
37 0.003905
38 0.00390503
39 0.00390504
40 0.00390506
41 0.00390507
42 0.00390507
43 0.0039051
44 0.00390512
45 0.00390513
46 0.00390513
47 0.00390512
48 0.00390516
49 0.00390518
50 0.00390517
51 0.00390521
52 0.00390524
53 0.00390525
54 0.00390523
55 0.00390524
56 0.00390527
57 0.00390526
58 0.0039053
59 0.0039053
60 0.00390531
61 0.00390533
62 0.00390532
63 0.00390528
64 0.0039054
65 0.00390537
66 0.00390536
67 0.0039054
68 0.0039054
69 0.00390544
70 0.00390543
71 0.00390547
72 0.00390546
73 0.00390548
74 0.00390549
75 0.0039055
76 0.0039055
77 0.00390554
78 0.00390552
79 0.00390554
80 0.00390557
81 0.00390558
82 0.00390561
83 0.0039056
84 0.0039056
85 0.00390563
86 0.00390562
87 0.00390564
88 0.00390565
89 0.00390566
90 0.00390566
91 0.0039057
92 0.0039057
93 0.00390571
94 0.0039057
95 0.00390574
96 0.00390576
97 0.00390576
98 0.00390575
99 0.00390578
100 0.00390579
101 0.0039058
102 0.00390579
103 0.00390583
104 0.00390583
105 0.00390584
106 0.00390585
107 0.00390585
108 0.00390587
109 0.00390589
110 0.00390589
111 0.00390591
112 0.00390593
113 0.00390592
114 0.0039059
115 0.00390593
116 0.00390593
117 0.00390596
118 0.00390596
119 0.00390598
120 0.00390598
121 0.003906
122 0.003906
123 0.00390603
124 0.00390605
125 0.00390576
126 0.00391008
127 0.00390522
128 0.00390535
129 0.00390524
130 0.00390528
131 0.00390529
132 0.00390533
133 0.00390535
134 0.00390538
135 0.00390542
136 0.00390543
137 0.00390547
138 0.00390547
139 0.00390551
140 0.00390555
141 0.00390555
142 0.00390555
143 0.00390559
144 0.00390561
145 0.00390564
146 0.00390566
147 0.00390569
148 0.0039057
149 0.00390573
150 0.00390573
151 0.00390578
152 0.00390582
153 0.00390582
154 0.00390584
155 0.00390588
156 0.00390591
157 0.00390592
158 0.00390594
159 0.00390597
160 0.00390603
161 0.00390605
162 0.00390605
163 0.0039061
164 0.00390612
165 0.00390613
166 0.00390615
167 0.0039062
168 0.00390624
169 0.00390624
170 0.00390629
171 0.00390631
172 0.00390633
173 0.00390635
174 0.0039064
175 0.00390642
176 0.00390645
177 0.00390648
178 0.00390649
179 0.00390653
180 0.00390655
181 0.00390662
182 0.00390663
183 0.00390666
184 0.00390667
185 0.00390671
186 0.00390674
187 0.00390677
188 0.00390681
189 0.00390683
190 0.00390687
191 0.00390688
192 0.00390695
193 0.00390699
194 0.003907
195 0.00390702
196 0.00390704
197 0.00390708
198 0.00390713
199 0.00390715
200 0.00390721
201 0.00390722
202 0.00390727
203 0.00390731
204 0.00390734
205 0.00390737
206 0.00390741
207 0.00390745
208 0.00390749
209 0.00390752
210 0.00390756
211 0.0039076
212 0.00390764
213 0.00390766
214 0.00390771
215 0.00390776
216 0.00390777
217 0.0039078
218 0.00390786
219 0.00390789
220 0.00390794
221 0.00390795
222 0.00390799
223 0.00390804
224 0.00390809
225 0.00390815
226 0.00390816
227 0.00390821
228 0.00390824
229 0.00390831
230 0.00390832
231 0.00390838
232 0.00390843
233 0.00390844
234 0.00390849
235 0.00390856
236 0.00390859
237 0.00390865
238 0.00390869
239 0.00390872
240 0.00390876
241 0.00390882
242 0.00390884
243 0.0039089
244 0.00390894
245 0.00390899
246 0.00390901
247 0.00390909
248 0.00390913
249 0.00390917
250 0.00390921
251 0.00390927
252 0.00390933
253 0.00390936
254 0.0039094
255 0.0039095
