0 0.00391377
1 0.00390461
2 0.00390463
3 0.00390458
4 0.00390471
5 0.00390464
6 0.00390466
7 0.00390467
8 0.00390471
9 0.00390471
10 0.0039047
11 0.00390473
12 0.00390475
13 0.00390477
14 0.00390475
15 0.00390477
16 0.0039048
17 0.00390479
18 0.00390481
19 0.00390482
20 0.00390484
21 0.00390485
22 0.00390486
23 0.0039049
24 0.00390491
25 0.00390491
26 0.00390493
27 0.00390493
28 0.00390495
29 0.00390495
30 0.00390497
31 0.00390497
32 0.00390501
33 0.00390501
34 0.00390502
35 0.00390502
36 0.00390506
37 0.00390506
38 0.00390507
39 0.00390509
40 0.00390511
41 0.00390512
42 0.00390511
43 0.00390514
44 0.00390513
45 0.00390516
46 0.00390519
47 0.0039052
48 0.00390523
49 0.00390521
50 0.00390522
51 0.00390524
52 0.00390522
53 0.00390526
54 0.0039053
55 0.00390527
56 0.00390529
57 0.00390531
58 0.00390532
59 0.00390533
60 0.00390534
61 0.00390536
62 0.00390536
63 0.0039054
64 0.00390543
65 0.0039054
66 0.00390541
67 0.00390544
68 0.00390543
69 0.00390546
70 0.00390551
71 0.00390547
72 0.00390548
73 0.00390549
74 0.00390552
75 0.00390552
76 0.00390555
77 0.00390554
78 0.00390555
79 0.00390554
80 0.00390558
81 0.00390559
82 0.00390561
83 0.0039056
84 0.00390562
85 0.00390562
86 0.00390564
87 0.00390565
88 0.00390566
89 0.00390566
90 0.00390571
91 0.00390569
92 0.00390568
93 0.00390573
94 0.00390574
95 0.00390574
96 0.00390577
97 0.00390576
98 0.00390578
99 0.00390578
100 0.0039058
101 0.0039058
102 0.00390582
103 0.00390582
104 0.00390583
105 0.00390584
106 0.00390587
107 0.00390588
108 0.00390588
109 0.00390587
110 0.0039059
111 0.00390592
112 0.00390592
113 0.00390592
114 0.00390592
115 0.00390593
116 0.00390596
117 0.00390596
118 0.00390598
119 0.003906
120 0.00390601
121 0.00390601
122 0.00390602
123 0.00390603
124 0.00390606
125 0.00390606
126 0.00390604
127 0.00390608
128 0.00390615
129 0.00390606
130 0.00390606
131 0.00390609
132 0.0039061
133 0.00390612
134 0.00390612
135 0.00390613
136 0.00390613
137 0.00390616
138 0.00390588
139 0.00390934
140 0.00390552
141 0.00390557
142 0.00390559
143 0.00390562
144 0.00390562
145 0.00390565
146 0.00390567
147 0.0039057
148 0.00390572
149 0.00390575
150 0.00390577
151 0.0039058
152 0.0039058
153 0.00390582
154 0.00390586
155 0.00390588
156 0.0039059
157 0.00390592
158 0.00390596
159 0.00390598
160 0.00390601
161 0.00390602
162 0.00390605
163 0.00390608
164 0.00390608
165 0.00390612
166 0.00390616
167 0.00390615
168 0.00390619
169 0.00390622
170 0.00390624
171 0.00390627
172 0.00390629
173 0.00390633
174 0.00390635
175 0.00390636
176 0.00390641
177 0.00390643
178 0.00390642
179 0.00390648
180 0.00390649
181 0.00390653
182 0.00390655
183 0.00390661
184 0.00390662
185 0.00390664
186 0.00390665
187 0.0039067
188 0.00390672
189 0.00390677
190 0.00390681
191 0.00390683
192 0.00390685
193 0.00390688
194 0.00390689
195 0.00390695
196 0.00390697
197 0.00390697
198 0.00390705
199 0.00390704
200 0.00390709
201 0.00390712
202 0.00390715
203 0.00390718
204 0.00390724
205 0.00390725
206 0.00390728
207 0.00390732
208 0.00390733
209 0.00390738
210 0.00390742
211 0.00390744
212 0.00390748
213 0.00390751
214 0.00390757
215 0.00390759
216 0.00390763
217 0.00390765
218 0.0039077
219 0.00390774
220 0.00390775
221 0.00390778
222 0.00390783
223 0.00390787
224 0.00390791
225 0.00390794
226 0.003908
227 0.00390804
228 0.00390805
229 0.00390811
230 0.00390812
231 0.00390819
232 0.00390824
233 0.00390825
234 0.00390831
235 0.00390834
236 0.00390838
237 0.0039084
238 0.00390845
239 0.00390848
240 0.00390853
241 0.00390858
242 0.00390864
243 0.00390866
244 0.00390869
245 0.00390873
246 0.00390881
247 0.00390882
248 0.0039089
249 0.00390892
250 0.00390898
251 0.00390903
252 0.00390904
253 0.00390912
254 0.00390916
255 0.00390922
