0 0.00391855
1 0.00390428
2 0.00390429
3 0.00390429
4 0.00390452
5 0.00390434
6 0.0039044
7 0.00390446
8 0.00390442
9 0.00390455
10 0.0039045
11 0.00390453
12 0.0039045
13 0.00390452
14 0.00390454
15 0.00390458
16 0.00390475
17 0.00390462
18 0.00390462
19 0.00390462
20 0.00390465
21 0.00390466
22 0.0039047
23 0.00390475
24 0.00390472
25 0.00390476
26 0.00390476
27 0.00390478
28 0.00390479
29 0.00390481
30 0.00390483
31 0.00390485
32 0.00390476
33 0.0039049
34 0.00390492
35 0.00390493
36 0.00390481
37 0.00390498
38 0.00390496
39 0.00390495
40 0.003905
41 0.00390498
42 0.00390504
43 0.00390508
44 0.00390508
45 0.00390511
46 0.0039051
47 0.00390515
48 0.00390525
49 0.00390517
50 0.0039052
51 0.0039052
52 0.00390522
53 0.00390522
54 0.00390524
55 0.00390535
56 0.00390529
57 0.00390532
58 0.00390534
59 0.00390533
60 0.00390536
61 0.00390537
62 0.00390539
63 0.00390537
64 0.00390571
65 0.00390541
66 0.00390543
67 0.00390548
68 0.00390546
69 0.00390551
70 0.00390559
71 0.00390509
72 0.00391536
73 0.00390389
74 0.00390394
75 0.0039039
76 0.00390392
77 0.00390396
78 0.00390398
79 0.00390402
80 0.00390403
81 0.00390404
82 0.00390405
83 0.0039041
84 0.0039041
85 0.00390414
86 0.00390416
87 0.00390419
88 0.0039042
89 0.00390423
90 0.00390424
91 0.00390427
92 0.00390429
93 0.00390432
94 0.00390434
95 0.00390437
96 0.00390439
97 0.0039044
98 0.0039044
99 0.00390444
100 0.00390445
101 0.00390448
102 0.00390452
103 0.00390456
104 0.00390455
105 0.0039046
106 0.0039046
107 0.00390463
108 0.00390468
109 0.00390468
110 0.00390474
111 0.00390474
112 0.00390475
113 0.00390485
114 0.00390481
115 0.00390484
116 0.00390485
117 0.00390488
118 0.00390492
119 0.00390495
120 0.00390496
121 0.003905
122 0.003905
123 0.00390505
124 0.00390509
125 0.00390511
126 0.00390513
127 0.00390518
128 0.0039054
129 0.00390522
130 0.00390523
131 0.00390524
132 0.00390529
133 0.00390533
134 0.00390532
135 0.00390538
136 0.0039054
137 0.00390542
138 0.00390547
139 0.0039055
140 0.0039055
141 0.00390555
142 0.00390557
143 0.00390561
144 0.00390565
145 0.00390568
146 0.00390569
147 0.00390573
148 0.00390574
149 0.00390581
150 0.00390582
151 0.00390585
152 0.0039059
153 0.00390592
154 0.00390594
155 0.00390597
156 0.00390602
157 0.00390604
158 0.00390607
159 0.00390612
160 0.00390617
161 0.00390619
162 0.00390622
163 0.00390626
164 0.00390624
165 0.00390632
166 0.00390635
167 0.00390641
168 0.00390645
169 0.00390646
170 0.0039065
171 0.00390654
172 0.00390659
173 0.00390661
174 0.00390666
175 0.00390669
176 0.00390675
177 0.00390678
178 0.0039068
179 0.00390681
180 0.00390688
181 0.0039069
182 0.00390693
183 0.00390701
184 0.00390703
185 0.00390707
186 0.00390711
187 0.00390716
188 0.00390721
189 0.00390727
190 0.00390731
191 0.00390736
192 0.00390742
193 0.00390755
194 0.00390749
195 0.00390752
196 0.00390757
197 0.00390761
198 0.00390766
199 0.00390772
200 0.00390769
201 0.00390784
202 0.00390783
203 0.00390789
204 0.00390793
205 0.00390799
206 0.00390804
207 0.00390806
208 0.00390816
209 0.00390818
210 0.00390821
211 0.00390827
212 0.00390833
213 0.00390838
214 0.0039084
215 0.00390847
216 0.00390852
217 0.00390858
218 0.00390861
219 0.00390867
220 0.00390871
221 0.00390875
222 0.00390881
223 0.00390888
224 0.00390892
225 0.00390897
226 0.00390904
227 0.00390908
228 0.00390914
229 0.0039092
230 0.00390923
231 0.00390933
232 0.00390935
233 0.00390941
234 0.00390948
235 0.00390953
236 0.00390957
237 0.00390964
238 0.00390968
239 0.00390975
240 0.00390983
241 0.00390987
242 0.00390995
243 0.00391002
244 0.00391004
245 0.0039101
246 0.00391016
247 0.00391022
248 0.00391031
249 0.00391037
250 0.00391041
251 0.00391046
252 0.00391051
253 0.0039106
254 0.00391071
255 0.00391077
