0 0.00391074
1 0.00390528
2 0.00390529
3 0.00390532
4 0.00390531
5 0.0039053
6 0.00390532
7 0.00390532
8 0.00390531
9 0.00390533
10 0.00390533
11 0.00390535
12 0.00390535
13 0.00390537
14 0.00390534
15 0.00390539
16 0.0039054
17 0.0039054
18 0.00390542
19 0.00390542
20 0.00390544
21 0.00390542
22 0.00390544
23 0.00390546
24 0.00390545
25 0.00390547
26 0.00390547
27 0.00390545
28 0.00390547
29 0.0039055
30 0.00390548
31 0.00390551
32 0.00390552
33 0.00390551
34 0.00390554
35 0.00390553
36 0.00390554
37 0.00390556
38 0.00390557
39 0.00390559
40 0.00390559
41 0.00390561
42 0.00390561
43 0.00390562
44 0.00390563
45 0.00390563
46 0.00390564
47 0.00390565
48 0.00390566
49 0.00390567
50 0.00390568
51 0.00390568
52 0.00390569
53 0.00390571
54 0.00390573
55 0.00390574
56 0.00390571
57 0.00390573
58 0.00390574
59 0.00390575
60 0.00390575
61 0.00390576
62 0.00390576
63 0.00390578
64 0.0039058
65 0.0039058
66 0.00390581
67 0.00390581
68 0.00390582
69 0.00390583
70 0.00390583
71 0.00390584
72 0.00390585
73 0.00390587
74 0.00390584
75 0.00390588
76 0.00390589
77 0.0039059
78 0.00390589
79 0.0039059
80 0.00390589
81 0.00390592
82 0.00390593
83 0.00390592
84 0.00390594
85 0.00390594
86 0.00390594
87 0.00390596
88 0.00390595
89 0.00390598
90 0.00390597
91 0.003906
92 0.00390599
93 0.003906
94 0.00390602
95 0.00390602
96 0.00390603
97 0.00390604
98 0.00390604
99 0.00390602
100 0.00390604
101 0.00390605
102 0.00390605
103 0.00390607
104 0.00390609
105 0.00390608
106 0.00390608
107 0.00390609
108 0.0039061
109 0.00390606
110 0.00390613
111 0.00390611
112 0.00390613
113 0.00390613
114 0.00390613
115 0.00390613
116 0.00390612
117 0.00390617
118 0.00390617
119 0.00390617
120 0.00390616
121 0.00390618
122 0.00390619
123 0.00390618
124 0.00390621
125 0.0039062
126 0.0039062
127 0.00390621
128 0.00390623
129 0.00390623
130 0.00390623
131 0.00390625
132 0.00390623
133 0.00390626
134 0.00390627
135 0.00390625
136 0.00390626
137 0.00390626
138 0.00390626
139 0.00390629
140 0.00390627
141 0.00390627
142 0.00390627
143 0.00390629
144 0.00390629
145 0.00390627
146 0.00390629
147 0.00390633
148 0.00390631
149 0.0039063
150 0.00390631
151 0.00390629
152 0.00390631
153 0.00390632
154 0.0039063
155 0.00390634
156 0.00390634
157 0.00390633
158 0.00390634
159 0.00390635
160 0.00390634
161 0.00390633
162 0.00390633
163 0.00390635
164 0.00390636
165 0.00390636
166 0.00390636
167 0.00390635
168 0.00390635
169 0.00390636
170 0.00390636
171 0.00390638
172 0.00390638
173 0.00390635
174 0.00390634
175 0.00390637
176 0.00390637
177 0.00390636
178 0.00390637
179 0.00390637
180 0.00390635
181 0.00390636
182 0.00390638
183 0.00390639
184 0.00390637
185 0.00390637
186 0.00390637
187 0.00390636
188 0.00390636
189 0.00390639
190 0.00390635
191 0.00390635
192 0.00390637
193 0.00390639
194 0.00390634
195 0.00390634
196 0.00390635
197 0.00390634
198 0.00390634
199 0.00390636
200 0.00390635
201 0.00390634
202 0.00390634
203 0.00390633
204 0.00390632
205 0.00390632
206 0.00390632
207 0.00390631
208 0.00390632
209 0.00390631
210 0.0039063
211 0.0039063
212 0.00390628
213 0.0039063
214 0.0039063
215 0.00390627
216 0.00390631
217 0.00390614
218 0.00390683
219 0.00390715
220 0.00390719
221 0.00390718
222 0.00390722
223 0.00390723
224 0.00390728
225 0.00390729
226 0.00390732
227 0.00390733
228 0.00390739
229 0.00390738
230 0.0039074
231 0.00390745
232 0.00390745
233 0.00390747
234 0.00390747
235 0.00390753
236 0.00390755
237 0.00390758
238 0.00390761
239 0.00390762
240 0.00390765
241 0.00390767
242 0.00390773
243 0.00390773
244 0.00390777
245 0.00390781
246 0.00390781
247 0.00390785
248 0.00390788
249 0.00390789
250 0.00390791
251 0.00390796
252 0.00390797
253 0.00390802
254 0.00390803
255 0.00390806
