0 0.00391325
1 0.00390469
2 0.00390469
3 0.00390468
4 0.00390478
5 0.00390471
6 0.00390475
7 0.00390474
8 0.00390476
9 0.00390476
10 0.00390477
11 0.00390479
12 0.00390482
13 0.00390482
14 0.00390483
15 0.00390484
16 0.00390487
17 0.00390484
18 0.00390489
19 0.00390489
20 0.00390489
21 0.00390492
22 0.00390492
23 0.00390492
24 0.00390495
25 0.00390498
26 0.00390497
27 0.00390499
28 0.00390498
29 0.003905
30 0.00390501
31 0.00390503
32 0.00390506
33 0.00390506
34 0.00390507
35 0.0039051
36 0.0039051
37 0.00390511
38 0.00390509
39 0.00390513
40 0.00390513
41 0.00390515
42 0.00390516
43 0.00390518
44 0.00390517
45 0.0039052
46 0.00390523
47 0.00390522
48 0.00390525
49 0.00390525
50 0.00390528
51 0.00390526
52 0.00390527
53 0.00390527
54 0.0039053
55 0.0039053
56 0.00390532
57 0.00390533
58 0.00390535
59 0.00390536
60 0.00390538
61 0.00390539
62 0.00390539
63 0.00390543
64 0.00390544
65 0.00390543
66 0.00390543
67 0.00390547
68 0.00390544
69 0.0039055
70 0.00390547
71 0.00390549
72 0.00390551
73 0.00390551
74 0.00390552
75 0.00390558
76 0.00390554
77 0.00390557
78 0.00390558
79 0.0039056
80 0.00390561
81 0.0039056
82 0.00390561
83 0.00390564
84 0.00390564
85 0.00390564
86 0.0039057
87 0.00390566
88 0.00390567
89 0.00390571
90 0.00390571
91 0.00390571
92 0.00390573
93 0.00390574
94 0.00390575
95 0.00390575
96 0.00390578
97 0.00390578
98 0.0039058
99 0.00390578
100 0.00390581
101 0.0039058
102 0.00390582
103 0.00390583
104 0.00390583
105 0.00390585
106 0.00390585
107 0.00390588
108 0.00390591
109 0.00390589
110 0.00390591
111 0.00390592
112 0.00390594
113 0.00390593
114 0.00390593
115 0.00390598
116 0.00390596
117 0.00390598
118 0.00390597
119 0.003906
120 0.003906
121 0.00390603
122 0.00390602
123 0.00390604
124 0.00390605
125 0.00390605
126 0.00390606
127 0.00390607
128 0.00390612
129 0.00390609
130 0.00390607
131 0.0039061
132 0.0039061
133 0.00390609
134 0.00390611
135 0.00390612
136 0.00390613
137 0.00390612
138 0.00390613
139 0.00390614
140 0.00390612
141 0.00390614
142 0.00390615
143 0.00390617
144 0.00390616
145 0.00390617
146 0.00390619
147 0.00390622
148 0.00390596
149 0.00390883
150 0.00390577
151 0.00390581
152 0.00390581
153 0.00390583
154 0.00390586
155 0.00390587
156 0.00390589
157 0.00390592
158 0.00390592
159 0.00390595
160 0.003906
161 0.00390602
162 0.00390604
163 0.00390605
164 0.00390607
165 0.00390609
166 0.00390613
167 0.00390615
168 0.00390615
169 0.00390619
170 0.00390622
171 0.00390624
172 0.00390625
173 0.00390629
174 0.00390632
175 0.00390636
176 0.00390639
177 0.0039064
178 0.00390642
179 0.00390645
180 0.00390648
181 0.00390648
182 0.00390652
183 0.00390657
184 0.00390657
185 0.00390662
186 0.00390662
187 0.00390665
188 0.00390666
189 0.0039067
190 0.00390673
191 0.00390677
192 0.00390682
193 0.00390683
194 0.00390684
195 0.0039069
196 0.00390691
197 0.00390693
198 0.00390695
199 0.00390701
200 0.00390704
201 0.00390704
202 0.00390708
203 0.00390715
204 0.00390717
205 0.00390719
206 0.0039072
207 0.00390724
208 0.00390727
209 0.00390732
210 0.00390732
211 0.00390735
212 0.00390739
213 0.00390742
214 0.00390746
215 0.0039075
216 0.00390752
217 0.00390755
218 0.00390759
219 0.00390763
220 0.00390766
221 0.0039077
222 0.00390773
223 0.00390777
224 0.0039078
225 0.00390784
226 0.00390788
227 0.0039079
228 0.00390794
229 0.00390799
230 0.00390802
231 0.00390805
232 0.00390811
233 0.00390812
234 0.00390816
235 0.00390821
236 0.00390824
237 0.00390827
238 0.00390832
239 0.00390837
240 0.00390842
241 0.00390844
242 0.00390846
243 0.0039085
244 0.00390856
245 0.00390859
246 0.00390863
247 0.00390869
248 0.0039087
249 0.00390875
250 0.0039088
251 0.00390884
252 0.0039089
253 0.00390894
254 0.00390896
255 0.00390903
