0 0.00392525
1 0.00390436
2 0.00390433
3 0.00390435
4 0.0039047
5 0.0039045
6 0.00390455
7 0.00390432
8 0.00390461
9 0.00390461
10 0.00390461
11 0.00390468
12 0.00390486
13 0.0039039
14 0.00392788
15 0.00390229
16 0.00390238
17 0.00390231
18 0.00390233
19 0.00390236
20 0.00390237
21 0.00390242
22 0.00390245
23 0.00390246
24 0.00390247
25 0.00390252
26 0.00390255
27 0.00390258
28 0.00390258
29 0.00390263
30 0.0039029
31 0.00390247
32 0.00390267
33 0.00390274
34 0.00390266
35 0.00390278
36 0.00390272
37 0.00390283
38 0.00390278
39 0.00390289
40 0.00390284
41 0.00390294
42 0.00390289
43 0.00390298
44 0.00390294
45 0.00390305
46 0.00390304
47 0.00390311
48 0.00390307
49 0.00390312
50 0.00390311
51 0.00390315
52 0.00390315
53 0.0039032
54 0.00390321
55 0.00390325
56 0.00390323
57 0.00390327
58 0.0039033
59 0.00390336
60 0.00390336
61 0.0039034
62 0.00390343
63 0.00390342
64 0.00390352
65 0.00390349
66 0.00390352
67 0.00390356
68 0.00390355
69 0.00390359
70 0.00390362
71 0.00390366
72 0.00390363
73 0.00390368
74 0.0039037
75 0.00390374
76 0.00390374
77 0.00390388
78 0.00390383
79 0.00390387
80 0.00390385
81 0.00390389
82 0.0039039
83 0.00390396
84 0.00390394
85 0.00390401
86 0.00390399
87 0.00390404
88 0.00390405
89 0.00390413
90 0.0039041
91 0.00390415
92 0.00390418
93 0.00390424
94 0.00390422
95 0.00390426
96 0.0039043
97 0.00390435
98 0.00390434
99 0.00390438
100 0.00390437
101 0.00390444
102 0.00390448
103 0.00390451
104 0.00390451
105 0.00390456
106 0.00390459
107 0.00390463
108 0.00390466
109 0.00390471
110 0.0039047
111 0.00390479
112 0.00390477
113 0.00390484
114 0.00390484
115 0.00390488
116 0.0039049
117 0.00390495
118 0.00390497
119 0.00390502
120 0.00390501
121 0.00390507
122 0.0039051
123 0.00390516
124 0.00390518
125 0.00390524
126 0.00390524
127 0.00390533
128 0.00390566
129 0.00390536
130 0.0039054
131 0.00390542
132 0.00390546
133 0.00390549
134 0.00390552
135 0.00390552
136 0.00390556
137 0.00390564
138 0.00390567
139 0.00390572
140 0.00390575
141 0.00390586
142 0.00390574
143 0.00390592
144 0.00390591
145 0.00390596
146 0.00390601
147 0.00390605
148 0.00390608
149 0.00390612
150 0.00390615
151 0.00390624
152 0.00390621
153 0.00390628
154 0.00390629
155 0.00390639
156 0.00390637
157 0.00390645
158 0.00390648
159 0.00390653
160 0.00390659
161 0.00390665
162 0.00390665
163 0.00390673
164 0.00390673
165 0.00390679
166 0.00390682
167 0.00390688
168 0.00390692
169 0.00390699
170 0.003907
171 0.00390708
172 0.00390712
173 0.00390719
174 0.0039072
175 0.0039073
176 0.00390734
177 0.00390736
178 0.00390741
179 0.00390745
180 0.00390738
181 0.00390753
182 0.00390758
183 0.00390764
184 0.0039077
185 0.00390777
186 0.00390778
187 0.00390786
188 0.0039079
189 0.00390796
190 0.00390796
191 0.00390811
192 0.00390814
193 0.00390823
194 0.00390823
195 0.00390827
196 0.00390834
197 0.00390841
198 0.00390843
199 0.0039085
200 0.00390857
201 0.00390866
202 0.0039087
203 0.00390875
204 0.00390882
205 0.00390892
206 0.00390893
207 0.00390905
208 0.00390904
209 0.00390916
210 0.0039092
211 0.00390925
212 0.0039093
213 0.00390931
214 0.00390939
215 0.00390945
216 0.0039095
217 0.00390961
218 0.00390963
219 0.00390971
220 0.00390981
221 0.00390987
222 0.00390995
223 0.00391029
224 0.00391001
225 0.00391017
226 0.00391024
227 0.00391027
228 0.00391036
229 0.00391039
230 0.0039105
231 0.00391049
232 0.00391058
233 0.00391066
234 0.00391079
235 0.00391074
236 0.00391095
237 0.00391086
238 0.00391109
239 0.00391225
240 0.00391115
241 0.0039114
242 0.00391142
243 0.00391148
244 0.00391154
245 0.00391168
246 0.00391176
247 0.00391182
248 0.00391192
249 0.00391202
250 0.00391207
251 0.00391217
252 0.00391226
253 0.00391234
254 0.00391242
255 0.00391246
