0 0.00391062
1 0.00390535
2 0.00390534
3 0.00390534
4 0.0039054
5 0.00390537
6 0.00390537
7 0.0039054
8 0.00390538
9 0.00390538
10 0.00390538
11 0.00390541
12 0.00390542
13 0.00390543
14 0.00390541
15 0.00390545
16 0.00390545
17 0.00390546
18 0.00390546
19 0.00390545
20 0.00390545
21 0.00390549
22 0.00390549
23 0.00390548
24 0.00390551
25 0.00390551
26 0.00390551
27 0.00390554
28 0.00390555
29 0.00390554
30 0.00390556
31 0.00390554
32 0.00390558
33 0.00390557
34 0.0039056
35 0.00390559
36 0.00390562
37 0.00390562
38 0.00390561
39 0.00390563
40 0.00390564
41 0.00390567
42 0.00390564
43 0.00390569
44 0.00390566
45 0.00390568
46 0.0039057
47 0.00390569
48 0.00390569
49 0.00390569
50 0.00390573
51 0.00390574
52 0.00390573
53 0.00390574
54 0.00390575
55 0.00390575
56 0.00390576
57 0.00390574
58 0.00390579
59 0.00390578
60 0.0039058
61 0.00390581
62 0.00390583
63 0.00390581
64 0.00390581
65 0.00390586
66 0.00390586
67 0.00390584
68 0.00390587
69 0.00390586
70 0.00390587
71 0.00390586
72 0.00390588
73 0.00390589
74 0.00390588
75 0.00390591
76 0.00390591
77 0.00390592
78 0.00390591
79 0.00390593
80 0.00390595
81 0.00390593
82 0.00390596
83 0.00390595
84 0.00390595
85 0.00390595
86 0.00390597
87 0.003906
88 0.003906
89 0.003906
90 0.00390602
91 0.00390601
92 0.00390603
93 0.00390603
94 0.00390604
95 0.00390605
96 0.00390604
97 0.00390606
98 0.00390607
99 0.00390606
100 0.00390608
101 0.00390608
102 0.0039061
103 0.0039061
104 0.0039061
105 0.00390611
106 0.00390613
107 0.00390611
108 0.00390613
109 0.00390611
110 0.00390614
111 0.00390613
112 0.00390612
113 0.00390615
114 0.00390616
115 0.00390617
116 0.00390617
117 0.00390617
118 0.00390619
119 0.00390619
120 0.00390619
121 0.0039062
122 0.0039062
123 0.0039062
124 0.00390621
125 0.00390622
126 0.00390621
127 0.00390623
128 0.00390626
129 0.00390624
130 0.00390623
131 0.00390625
132 0.00390625
133 0.00390628
134 0.00390628
135 0.00390626
136 0.00390627
137 0.00390629
138 0.00390629
139 0.00390631
140 0.00390629
141 0.0039063
142 0.00390632
143 0.0039063
144 0.00390631
145 0.00390631
146 0.00390632
147 0.00390633
148 0.00390632
149 0.00390633
150 0.00390634
151 0.00390634
152 0.00390634
153 0.00390633
154 0.00390634
155 0.00390635
156 0.00390635
157 0.00390635
158 0.00390636
159 0.00390639
160 0.00390637
161 0.00390637
162 0.00390635
163 0.00390638
164 0.00390636
165 0.00390638
166 0.00390638
167 0.00390638
168 0.00390637
169 0.00390638
170 0.00390637
171 0.00390637
172 0.00390636
173 0.00390638
174 0.00390638
175 0.00390638
176 0.00390638
177 0.00390639
178 0.00390637
179 0.00390639
180 0.00390637
181 0.00390639
182 0.00390637
183 0.0039064
184 0.0039064
185 0.00390638
186 0.00390638
187 0.00390639
188 0.00390638
189 0.00390638
190 0.00390638
191 0.00390637
192 0.00390639
193 0.00390639
194 0.00390637
195 0.00390637
196 0.00390639
197 0.00390639
198 0.00390636
199 0.00390634
200 0.00390638
201 0.00390636
202 0.00390635
203 0.00390636
204 0.00390635
205 0.00390635
206 0.00390636
207 0.00390632
208 0.00390634
209 0.00390634
210 0.00390634
211 0.00390633
212 0.00390632
213 0.00390634
214 0.0039063
215 0.0039063
216 0.00390631
217 0.00390631
218 0.0039063
219 0.00390629
220 0.00390626
221 0.00390627
222 0.00390628
223 0.00390615
224 0.00390705
225 0.00390727
226 0.00390731
227 0.00390731
228 0.00390732
229 0.00390734
230 0.00390737
231 0.0039074
232 0.00390743
233 0.00390742
234 0.00390747
235 0.00390748
236 0.00390751
237 0.00390756
238 0.00390757
239 0.00390757
240 0.0039076
241 0.00390764
242 0.00390766
243 0.00390767
244 0.00390772
245 0.00390773
246 0.00390775
247 0.0039078
248 0.00390781
249 0.00390785
250 0.00390787
251 0.0039079
252 0.00390792
253 0.00390797
254 0.00390798
255 0.003908
