0 0.00391204
1 0.00390488
2 0.00390492
3 0.00390489
4 0.00390499
5 0.00390493
6 0.00390493
7 0.00390494
8 0.00390496
9 0.00390496
10 0.00390499
11 0.003905
12 0.00390499
13 0.00390502
14 0.00390502
15 0.00390505
16 0.00390506
17 0.00390506
18 0.00390507
19 0.0039051
20 0.00390509
21 0.0039051
22 0.00390511
23 0.00390511
24 0.00390512
25 0.00390514
26 0.00390515
27 0.00390516
28 0.00390518
29 0.00390516
30 0.00390518
31 0.00390519
32 0.0039052
33 0.00390523
34 0.00390523
35 0.00390523
36 0.00390525
37 0.00390527
38 0.00390526
39 0.00390529
40 0.00390529
41 0.00390531
42 0.00390531
43 0.00390532
44 0.00390532
45 0.00390533
46 0.00390534
47 0.00390536
48 0.00390539
49 0.00390537
50 0.00390539
51 0.0039054
52 0.00390542
53 0.00390543
54 0.00390543
55 0.00390543
56 0.00390543
57 0.00390547
58 0.00390546
59 0.00390548
60 0.00390549
61 0.00390551
62 0.00390552
63 0.00390552
64 0.00390555
65 0.00390555
66 0.00390557
67 0.00390557
68 0.00390556
69 0.00390558
70 0.00390559
71 0.00390559
72 0.00390561
73 0.0039056
74 0.00390563
75 0.00390565
76 0.00390564
77 0.00390567
78 0.00390566
79 0.00390567
80 0.00390569
81 0.00390572
82 0.00390571
83 0.00390573
84 0.00390573
85 0.00390575
86 0.00390576
87 0.00390579
88 0.00390577
89 0.00390582
90 0.00390579
91 0.00390581
92 0.0039058
93 0.00390582
94 0.00390582
95 0.00390585
96 0.00390585
97 0.00390588
98 0.00390587
99 0.00390589
100 0.00390589
101 0.00390588
102 0.0039059
103 0.0039059
104 0.00390594
105 0.00390593
106 0.00390593
107 0.00390593
108 0.00390595
109 0.00390596
110 0.00390595
111 0.00390596
112 0.003906
113 0.00390598
114 0.00390603
115 0.003906
116 0.00390602
117 0.00390602
118 0.00390606
119 0.00390603
120 0.00390605
121 0.00390605
122 0.00390604
123 0.00390606
124 0.00390609
125 0.00390609
126 0.0039061
127 0.0039061
128 0.00390613
129 0.00390614
130 0.00390612
131 0.00390612
132 0.00390613
133 0.00390612
134 0.00390613
135 0.00390614
136 0.00390614
137 0.00390615
138 0.00390615
139 0.00390614
140 0.00390616
141 0.00390617
142 0.00390618
143 0.00390618
144 0.00390618
145 0.00390618
146 0.00390621
147 0.00390619
148 0.00390621
149 0.00390622
150 0.00390621
151 0.00390621
152 0.0039062
153 0.00390626
154 0.00390622
155 0.00390625
156 0.00390623
157 0.00390623
158 0.00390624
159 0.00390625
160 0.00390626
161 0.00390625
162 0.00390625
163 0.00390625
164 0.00390625
165 0.00390625
166 0.00390625
167 0.00390628
168 0.00390626
169 0.00390626
170 0.00390626
171 0.00390626
172 0.00390626
173 0.00390629
174 0.00390626
175 0.00390629
176 0.00390609
177 0.00390777
178 0.00390637
179 0.0039064
180 0.00390639
181 0.00390643
182 0.00390646
183 0.00390648
184 0.00390649
185 0.0039065
186 0.00390656
187 0.00390658
188 0.0039066
189 0.0039066
190 0.00390665
191 0.00390668
192 0.00390669
193 0.00390672
194 0.00390674
195 0.00390677
196 0.00390678
197 0.0039068
198 0.00390683
199 0.00390686
200 0.00390689
201 0.00390691
202 0.00390695
203 0.00390696
204 0.00390699
205 0.00390702
206 0.00390706
207 0.00390705
208 0.0039071
209 0.00390712
210 0.00390714
211 0.00390717
212 0.00390719
213 0.00390721
214 0.00390724
215 0.00390727
216 0.00390727
217 0.00390734
218 0.00390734
219 0.00390738
220 0.00390742
221 0.00390743
222 0.00390749
223 0.00390748
224 0.00390753
225 0.00390756
226 0.00390757
227 0.00390762
228 0.00390764
229 0.00390768
230 0.00390773
231 0.00390773
232 0.00390777
233 0.00390781
234 0.00390785
235 0.00390787
236 0.00390791
237 0.00390793
238 0.00390796
239 0.003908
240 0.00390803
241 0.00390806
242 0.0039081
243 0.00390815
244 0.00390817
245 0.00390822
246 0.00390825
247 0.00390827
248 0.0039083
249 0.00390834
250 0.00390836
251 0.00390842
252 0.00390844
253 0.00390848
254 0.00390854
255 0.00390856
