0 0.00391614
1 0.00390436
2 0.0039044
3 0.00390437
4 0.00390454
5 0.00390444
6 0.00390455
7 0.00390449
8 0.00390451
9 0.00390451
10 0.00390454
11 0.00390454
12 0.00390456
13 0.00390458
14 0.0039046
15 0.00390462
16 0.00390463
17 0.00390465
18 0.00390466
19 0.00390467
20 0.00390468
21 0.00390472
22 0.00390473
23 0.00390473
24 0.00390474
25 0.00390478
26 0.0039048
27 0.00390479
28 0.00390479
29 0.00390482
30 0.00390486
31 0.00390488
32 0.0039049
33 0.00390489
34 0.0039049
35 0.00390491
36 0.00390494
37 0.00390493
38 0.00390497
39 0.00390499
40 0.00390501
41 0.003905
42 0.00390502
43 0.00390503
44 0.00390507
45 0.00390506
46 0.00390508
47 0.00390509
48 0.00390513
49 0.00390515
50 0.00390518
51 0.00390521
52 0.00390519
53 0.00390518
54 0.00390518
55 0.00390522
56 0.00390525
57 0.00390525
58 0.00390527
59 0.00390529
60 0.00390528
61 0.00390532
62 0.00390533
63 0.00390535
64 0.00390546
65 0.00390537
66 0.00390537
67 0.00390543
68 0.00390541
69 0.00390543
70 0.00390542
71 0.00390546
72 0.00390548
73 0.0039055
74 0.0039055
75 0.00390551
76 0.00390553
77 0.00390553
78 0.00390556
79 0.00390555
80 0.0039056
81 0.0039056
82 0.0039056
83 0.00390562
84 0.00390563
85 0.00390564
86 0.00390566
87 0.00390566
88 0.0039057
89 0.00390571
90 0.00390573
91 0.00390572
92 0.00390573
93 0.00390576
94 0.00390577
95 0.00390577
96 0.00390582
97 0.0039058
98 0.00390583
99 0.00390589
100 0.00390553
101 0.00391204
102 0.00390459
103 0.00390465
104 0.00390463
105 0.00390467
106 0.0039047
107 0.00390471
108 0.00390473
109 0.00390478
110 0.00390478
111 0.00390478
112 0.00390484
113 0.00390484
114 0.00390488
115 0.00390486
116 0.00390492
117 0.00390491
118 0.00390496
119 0.00390498
120 0.00390501
121 0.00390503
122 0.00390505
123 0.00390507
124 0.00390509
125 0.00390511
126 0.00390513
127 0.00390519
128 0.00390532
129 0.00390522
130 0.00390523
131 0.00390525
132 0.00390529
133 0.0039053
134 0.00390533
135 0.00390535
136 0.00390538
137 0.00390543
138 0.00390544
139 0.00390547
140 0.00390549
141 0.00390553
142 0.00390556
143 0.00390555
144 0.0039056
145 0.0039056
146 0.00390564
147 0.00390567
148 0.0039057
149 0.00390573
150 0.00390576
151 0.00390578
152 0.00390579
153 0.00390583
154 0.00390586
155 0.00390591
156 0.00390593
157 0.00390595
158 0.003906
159 0.00390604
160 0.00390608
161 0.0039061
162 0.00390612
163 0.00390616
164 0.0039062
165 0.00390621
166 0.00390625
167 0.00390629
168 0.0039063
169 0.00390634
170 0.00390637
171 0.00390641
172 0.00390644
173 0.00390645
174 0.00390649
175 0.00390653
176 0.00390656
177 0.0039066
178 0.00390662
179 0.0039067
180 0.00390672
181 0.00390673
182 0.00390677
183 0.0039068
184 0.00390684
185 0.00390686
186 0.00390691
187 0.00390692
188 0.00390697
189 0.003907
190 0.00390705
191 0.00390709
192 0.00390711
193 0.00390723
194 0.00390721
195 0.00390722
196 0.00390727
197 0.0039073
198 0.00390735
199 0.00390739
200 0.00390743
201 0.00390747
202 0.0039075
203 0.00390754
204 0.00390759
205 0.00390765
206 0.00390768
207 0.0039077
208 0.00390775
209 0.00390778
210 0.00390784
211 0.00390786
212 0.00390792
213 0.00390796
214 0.00390799
215 0.00390802
216 0.00390808
217 0.00390814
218 0.00390816
219 0.00390822
220 0.00390827
221 0.00390831
222 0.00390834
223 0.00390838
224 0.00390844
225 0.0039085
226 0.00390852
227 0.00390858
228 0.00390863
229 0.00390863
230 0.00390876
231 0.00390876
232 0.00390882
233 0.00390885
234 0.00390892
235 0.00390895
236 0.00390901
237 0.00390906
238 0.00390906
239 0.00390912
240 0.00390921
241 0.00390925
242 0.00390928
243 0.00390936
244 0.0039094
245 0.00390946
246 0.0039095
247 0.00390957
248 0.00390961
249 0.00390968
250 0.00390973
251 0.00390977
252 0.00390984
253 0.00390987
254 0.00390993
255 0.00391002
