0 0.00391194
1 0.00390492
2 0.00390493
3 0.00390491
4 0.00390498
5 0.00390494
6 0.00390497
7 0.00390498
8 0.00390497
9 0.003905
10 0.003905
11 0.00390503
12 0.00390501
13 0.00390503
14 0.00390506
15 0.00390506
16 0.00390507
17 0.00390507
18 0.00390507
19 0.0039051
20 0.00390509
21 0.00390513
22 0.00390513
23 0.00390512
24 0.00390513
25 0.00390514
26 0.00390516
27 0.00390517
28 0.00390518
29 0.00390518
30 0.00390519
31 0.0039052
32 0.00390522
33 0.00390524
34 0.00390525
35 0.00390525
36 0.00390527
37 0.00390527
38 0.00390528
39 0.00390528
40 0.0039053
41 0.0039053
42 0.00390531
43 0.00390533
44 0.00390533
45 0.00390536
46 0.00390537
47 0.0039054
48 0.00390539
49 0.0039054
50 0.00390541
51 0.0039054
52 0.00390542
53 0.00390542
54 0.00390545
55 0.00390546
56 0.00390546
57 0.00390547
58 0.00390547
59 0.00390547
60 0.00390549
61 0.0039055
62 0.00390553
63 0.00390554
64 0.00390555
65 0.00390554
66 0.00390555
67 0.00390558
68 0.00390557
69 0.00390559
70 0.00390561
71 0.00390562
72 0.00390562
73 0.00390561
74 0.00390564
75 0.00390564
76 0.00390566
77 0.00390566
78 0.00390567
79 0.00390569
80 0.00390572
81 0.00390571
82 0.00390571
83 0.00390576
84 0.00390576
85 0.00390577
86 0.00390575
87 0.00390577
88 0.00390579
89 0.00390578
90 0.00390585
91 0.0039058
92 0.00390582
93 0.00390583
94 0.00390583
95 0.00390583
96 0.00390586
97 0.00390586
98 0.00390588
99 0.00390588
100 0.00390588
101 0.00390591
102 0.00390593
103 0.00390591
104 0.00390591
105 0.00390593
106 0.00390595
107 0.00390596
108 0.00390597
109 0.00390596
110 0.00390596
111 0.00390598
112 0.00390598
113 0.00390599
114 0.00390599
115 0.00390602
116 0.00390603
117 0.00390603
118 0.00390604
119 0.00390604
120 0.00390606
121 0.00390607
122 0.00390605
123 0.00390606
124 0.00390608
125 0.00390609
126 0.00390609
127 0.00390611
128 0.00390611
129 0.00390611
130 0.0039061
131 0.00390612
132 0.00390611
133 0.00390614
134 0.00390614
135 0.00390614
136 0.00390615
137 0.00390615
138 0.00390617
139 0.00390616
140 0.00390616
141 0.00390616
142 0.00390618
143 0.00390618
144 0.0039062
145 0.00390622
146 0.00390621
147 0.0039062
148 0.00390622
149 0.00390622
150 0.00390622
151 0.00390623
152 0.00390622
153 0.0039062
154 0.00390622
155 0.00390624
156 0.00390624
157 0.00390624
158 0.00390624
159 0.00390624
160 0.00390624
161 0.00390625
162 0.00390625
163 0.00390627
164 0.00390629
165 0.00390627
166 0.00390627
167 0.00390626
168 0.00390627
169 0.00390625
170 0.00390628
171 0.00390625
172 0.00390628
173 0.00390628
174 0.00390627
175 0.00390628
176 0.00390626
177 0.00390631
178 0.0039061
179 0.0039077
180 0.00390642
181 0.00390644
182 0.00390645
183 0.00390647
184 0.00390649
185 0.00390652
186 0.00390655
187 0.00390653
188 0.00390657
189 0.00390661
190 0.00390661
191 0.00390666
192 0.0039067
193 0.00390671
194 0.00390673
195 0.00390674
196 0.00390676
197 0.00390679
198 0.00390682
199 0.00390684
200 0.00390687
201 0.00390689
202 0.00390694
203 0.00390695
204 0.00390697
205 0.003907
206 0.00390704
207 0.00390704
208 0.00390707
209 0.0039071
210 0.00390713
211 0.00390715
212 0.00390721
213 0.00390722
214 0.00390725
215 0.00390726
216 0.00390729
217 0.00390729
218 0.00390737
219 0.00390737
220 0.0039074
221 0.00390744
222 0.00390747
223 0.00390749
224 0.00390751
225 0.00390755
226 0.00390759
227 0.00390761
228 0.00390763
229 0.00390766
230 0.0039077
231 0.00390772
232 0.00390776
233 0.0039078
234 0.00390781
235 0.00390787
236 0.00390789
237 0.00390792
238 0.00390795
239 0.00390798
240 0.00390802
241 0.00390806
242 0.00390807
243 0.00390809
244 0.00390814
245 0.00390818
246 0.00390822
247 0.00390824
248 0.00390828
249 0.00390832
250 0.00390837
251 0.00390839
252 0.00390843
253 0.00390844
254 0.00390848
255 0.00390855
