0 0.00392116
1 0.00390423
2 0.00390426
3 0.00390426
4 0.00390451
5 0.00390437
6 0.00390438
7 0.0039044
8 0.00390449
9 0.00390439
10 0.00390448
11 0.00390451
12 0.00390452
13 0.00390448
14 0.00390456
15 0.00390398
16 0.00390553
17 0.00390462
18 0.00390463
19 0.00390464
20 0.00390466
21 0.00390469
22 0.00390472
23 0.00390457
24 0.00390477
25 0.0039048
26 0.00390479
27 0.00390482
28 0.00390483
29 0.00390464
30 0.0039048
31 0.00390504
32 0.00390458
33 0.00390499
34 0.00390497
35 0.00390499
36 0.003905
37 0.00390502
38 0.00390504
39 0.00390512
40 0.00390511
41 0.0039051
42 0.00390513
43 0.00390517
44 0.00390529
45 0.00390461
46 0.0039198
47 0.00390306
48 0.00390322
49 0.00390318
50 0.00390322
51 0.00390319
52 0.00390324
53 0.00390326
54 0.00390331
55 0.00390332
56 0.00390335
57 0.00390335
58 0.00390339
59 0.0039034
60 0.00390344
61 0.00390345
62 0.00390351
63 0.00390347
64 0.00390364
65 0.00390354
66 0.00390359
67 0.00390359
68 0.00390362
69 0.00390363
70 0.00390368
71 0.00390369
72 0.00390373
73 0.00390374
74 0.00390377
75 0.0039038
76 0.00390383
77 0.00390388
78 0.00390387
79 0.00390391
80 0.00390397
81 0.00390396
82 0.00390398
83 0.00390398
84 0.00390404
85 0.00390404
86 0.00390407
87 0.00390409
88 0.00390411
89 0.00390413
90 0.00390418
91 0.0039042
92 0.00390423
93 0.00390426
94 0.00390429
95 0.00390431
96 0.00390441
97 0.00390435
98 0.00390437
99 0.00390439
100 0.00390446
101 0.00390444
102 0.00390449
103 0.00390451
104 0.00390455
105 0.00390458
106 0.00390459
107 0.00390463
108 0.00390466
109 0.00390471
110 0.00390471
111 0.00390473
112 0.00390482
113 0.0039048
114 0.00390484
115 0.00390484
116 0.00390482
117 0.00390489
118 0.00390493
119 0.00390493
120 0.00390499
121 0.00390502
122 0.00390504
123 0.00390506
124 0.00390511
125 0.00390512
126 0.00390516
127 0.00390521
128 0.00390554
129 0.00390523
130 0.00390526
131 0.00390527
132 0.00390533
133 0.00390535
134 0.0039054
135 0.00390543
136 0.00390547
137 0.00390547
138 0.00390553
139 0.00390556
140 0.00390559
141 0.00390563
142 0.00390569
143 0.0039057
144 0.00390577
145 0.00390574
146 0.00390581
147 0.00390584
148 0.00390589
149 0.0039059
150 0.00390593
151 0.0039059
152 0.003906
153 0.00390602
154 0.00390609
155 0.00390609
156 0.00390617
157 0.00390619
158 0.00390624
159 0.00390624
160 0.00390635
161 0.00390633
162 0.00390641
163 0.0039064
164 0.00390645
165 0.0039065
166 0.00390652
167 0.00390656
168 0.00390662
169 0.00390665
170 0.0039067
171 0.00390673
172 0.00390681
173 0.00390684
174 0.00390682
175 0.00390694
176 0.00390701
177 0.003907
178 0.00390707
179 0.00390707
180 0.00390712
181 0.00390718
182 0.00390723
183 0.00390727
184 0.00390732
185 0.00390736
186 0.0039074
187 0.00390746
188 0.0039075
189 0.00390755
190 0.00390759
191 0.00390764
192 0.00390775
193 0.00390772
194 0.00390779
195 0.00390781
196 0.00390789
197 0.0039079
198 0.00390799
199 0.00390799
200 0.00390808
201 0.00390813
202 0.0039082
203 0.00390823
204 0.00390829
205 0.00390835
206 0.00390842
207 0.00390843
208 0.00390853
209 0.00390854
210 0.0039086
211 0.00390865
212 0.00390871
213 0.00390877
214 0.00390885
215 0.00390889
216 0.00390898
217 0.003909
218 0.00390908
219 0.00390914
220 0.00390921
221 0.00390926
222 0.00390933
223 0.00390939
224 0.00390952
225 0.0039095
226 0.00390957
227 0.00390961
228 0.00390968
229 0.00390977
230 0.00390983
231 0.00390989
232 0.00390996
233 0.00391
234 0.0039101
235 0.00391015
236 0.00391034
237 0.00391029
238 0.00391033
239 0.00391028
240 0.00391053
241 0.00391056
242 0.00391064
243 0.00391064
244 0.00391069
245 0.00391074
246 0.00391086
247 0.00391091
248 0.00391101
249 0.00391104
250 0.00391112
251 0.00391123
252 0.00391133
253 0.00391136
254 0.00391141
255 0.00391213
