0 0.0039136
1 0.00390464
2 0.00390465
3 0.00390462
4 0.00390475
5 0.00390467
6 0.00390468
7 0.0039047
8 0.0039047
9 0.00390472
10 0.00390471
11 0.00390474
12 0.00390474
13 0.00390478
14 0.00390479
15 0.00390481
16 0.00390482
17 0.00390482
18 0.00390482
19 0.00390486
20 0.00390485
21 0.00390488
22 0.0039049
23 0.00390491
24 0.00390491
25 0.00390492
26 0.00390493
27 0.00390495
28 0.00390496
29 0.00390498
30 0.00390497
31 0.003905
32 0.00390502
33 0.00390504
34 0.00390505
35 0.00390505
36 0.00390507
37 0.00390507
38 0.00390511
39 0.00390511
40 0.00390508
41 0.00390512
42 0.00390512
43 0.00390515
44 0.00390516
45 0.00390518
46 0.00390519
47 0.00390519
48 0.00390522
49 0.00390521
50 0.00390525
51 0.00390524
52 0.00390525
53 0.00390528
54 0.00390527
55 0.0039053
56 0.00390531
57 0.00390531
58 0.00390534
59 0.00390535
60 0.00390535
61 0.00390537
62 0.00390537
63 0.0039054
64 0.00390543
65 0.00390541
66 0.00390543
67 0.00390544
68 0.00390544
69 0.00390546
70 0.00390548
71 0.00390542
72 0.00390547
73 0.0039055
74 0.00390551
75 0.00390551
76 0.00390552
77 0.00390555
78 0.00390555
79 0.00390559
80 0.00390559
81 0.00390557
82 0.0039056
83 0.00390561
84 0.00390562
85 0.00390563
86 0.00390565
87 0.00390567
88 0.00390566
89 0.00390568
90 0.00390569
91 0.00390569
92 0.00390569
93 0.0039057
94 0.00390572
95 0.00390574
96 0.00390577
97 0.00390578
98 0.00390577
99 0.00390576
100 0.00390581
101 0.0039058
102 0.0039058
103 0.00390582
104 0.00390584
105 0.00390583
106 0.00390584
107 0.00390586
108 0.00390587
109 0.00390587
110 0.00390588
111 0.00390587
112 0.00390589
113 0.00390592
114 0.0039059
115 0.00390594
116 0.00390596
117 0.00390597
118 0.00390599
119 0.00390599
120 0.00390599
121 0.00390602
122 0.003906
123 0.00390602
124 0.00390603
125 0.00390606
126 0.00390605
127 0.00390605
128 0.00390614
129 0.00390606
130 0.00390608
131 0.00390607
132 0.00390609
133 0.0039061
134 0.00390613
135 0.0039061
136 0.00390612
137 0.00390613
138 0.00390613
139 0.00390616
140 0.00390617
141 0.00390587
142 0.00390917
143 0.00390561
144 0.00390566
145 0.00390565
146 0.00390569
147 0.00390569
148 0.00390573
149 0.00390573
150 0.00390576
151 0.00390578
152 0.00390581
153 0.00390582
154 0.00390585
155 0.00390587
156 0.0039059
157 0.00390592
158 0.00390593
159 0.00390596
160 0.00390598
161 0.00390603
162 0.00390605
163 0.00390607
164 0.00390609
165 0.00390613
166 0.00390613
167 0.00390615
168 0.0039062
169 0.00390623
170 0.00390625
171 0.00390627
172 0.00390628
173 0.0039063
174 0.00390634
175 0.00390637
176 0.00390638
177 0.00390642
178 0.00390643
179 0.00390644
180 0.00390645
181 0.00390651
182 0.00390656
183 0.00390657
184 0.00390659
185 0.00390664
186 0.00390666
187 0.00390668
188 0.00390671
189 0.00390676
190 0.00390675
191 0.00390681
192 0.00390682
193 0.00390686
194 0.00390688
195 0.00390693
196 0.00390694
197 0.00390696
198 0.00390702
199 0.00390702
200 0.00390709
201 0.00390711
202 0.00390714
203 0.00390717
204 0.0039072
205 0.00390723
206 0.00390724
207 0.0039073
208 0.00390733
209 0.00390738
210 0.00390738
211 0.00390745
212 0.00390749
213 0.0039075
214 0.00390752
215 0.00390755
216 0.00390762
217 0.00390764
218 0.00390766
219 0.00390769
220 0.00390774
221 0.0039078
222 0.00390781
223 0.00390787
224 0.00390789
225 0.00390793
226 0.00390797
227 0.00390801
228 0.00390803
229 0.00390807
230 0.0039081
231 0.00390816
232 0.00390819
233 0.00390824
234 0.00390826
235 0.00390831
236 0.00390835
237 0.00390839
238 0.00390842
239 0.00390848
240 0.0039085
241 0.00390856
242 0.00390859
243 0.00390865
244 0.00390867
245 0.00390874
246 0.00390876
247 0.00390881
248 0.00390882
249 0.0039089
250 0.00390893
251 0.00390897
252 0.00390903
253 0.00390907
254 0.00390911
255 0.00390919
