0 0.0039211
1 0.00390438
2 0.00390429
3 0.00390431
4 0.00390452
5 0.00390438
6 0.00390443
7 0.00390447
8 0.00390452
9 0.00390449
10 0.00390443
11 0.00390458
12 0.00390457
13 0.00390464
14 0.00390454
15 0.00390465
16 0.00390453
17 0.00390468
18 0.00390468
19 0.0039047
20 0.00390468
21 0.00390482
22 0.00390478
23 0.00390489
24 0.00390483
25 0.00390483
26 0.00390477
27 0.00390496
28 0.00390491
29 0.00390494
30 0.00390513
31 0.00390474
32 0.00390477
33 0.00390499
34 0.00390494
35 0.00390503
36 0.003905
37 0.00390501
38 0.0039051
39 0.00390513
40 0.00390507
41 0.00390514
42 0.00390512
43 0.00390518
44 0.0039052
45 0.00390529
46 0.0039047
47 0.00392056
48 0.00390385
49 0.00390363
50 0.00390355
51 0.00390362
52 0.00390359
53 0.00390368
54 0.00390364
55 0.00390372
56 0.00390369
57 0.00390376
58 0.00390374
59 0.00390383
60 0.00390379
61 0.00390387
62 0.00390382
63 0.00390386
64 0.0039039
65 0.00390396
66 0.00390391
67 0.00390398
68 0.00390395
69 0.00390403
70 0.003904
71 0.0039041
72 0.00390404
73 0.00390409
74 0.00390407
75 0.00390411
76 0.00390411
77 0.00390414
78 0.00390418
79 0.00390421
80 0.00390419
81 0.00390424
82 0.0039042
83 0.00390426
84 0.00390424
85 0.00390431
86 0.00390425
87 0.00390433
88 0.00390434
89 0.00390438
90 0.00390435
91 0.00390441
92 0.00390436
93 0.00390445
94 0.00390442
95 0.00390445
96 0.00390448
97 0.00390448
98 0.00390447
99 0.00390453
100 0.00390452
101 0.00390456
102 0.00390455
103 0.00390461
104 0.00390462
105 0.00390466
106 0.0039046
107 0.00390471
108 0.00390471
109 0.00390472
110 0.0039048
111 0.00390486
112 0.00390482
113 0.00390492
114 0.00390488
115 0.00390494
116 0.00390497
117 0.00390504
118 0.00390498
119 0.00390509
120 0.00390507
121 0.00390513
122 0.00390515
123 0.00390519
124 0.00390512
125 0.00390523
126 0.00390522
127 0.00390525
128 0.00390557
129 0.00390524
130 0.00390524
131 0.00390533
132 0.00390529
133 0.00390537
134 0.00390536
135 0.00390537
136 0.00390545
137 0.00390549
138 0.00390547
139 0.00390554
140 0.00390557
141 0.00390561
142 0.00390563
143 0.00390572
144 0.00390575
145 0.00390577
146 0.00390575
147 0.00390582
148 0.00390581
149 0.00390592
150 0.00390589
151 0.00390598
152 0.00390606
153 0.00390606
154 0.00390606
155 0.00390613
156 0.00390613
157 0.00390621
158 0.00390624
159 0.00390627
160 0.00390628
161 0.00390634
162 0.00390629
163 0.00390641
164 0.00390643
165 0.00390643
166 0.00390648
167 0.00390655
168 0.00390651
169 0.00390662
170 0.00390663
171 0.00390664
172 0.00390669
173 0.00390676
174 0.00390674
175 0.00390674
176 0.00390691
177 0.00390688
178 0.00390692
179 0.00390704
180 0.00390697
181 0.0039071
182 0.00390709
183 0.00390713
184 0.00390715
185 0.00390725
186 0.0039072
187 0.00390731
188 0.00390732
189 0.00390731
190 0.0039074
191 0.00390749
192 0.00390749
193 0.00390754
194 0.00390763
195 0.00390753
196 0.0039077
197 0.00390775
198 0.00390774
199 0.0039078
200 0.00390788
201 0.00390783
202 0.00390787
203 0.00390795
204 0.00390798
205 0.00390802
206 0.00390812
207 0.00390808
208 0.00390824
209 0.00390824
210 0.00390824
211 0.0039083
212 0.00390845
213 0.0039084
214 0.00390854
215 0.00390855
216 0.00390861
217 0.00390868
218 0.00390876
219 0.00390873
220 0.00390889
221 0.00390893
222 0.00390897
223 0.00390903
224 0.00390919
225 0.00390914
226 0.00390917
227 0.00390927
228 0.00390924
229 0.00390942
230 0.00390946
231 0.00390948
232 0.00390957
233 0.00390967
234 0.00390964
235 0.00390981
236 0.00390985
237 0.00390993
238 0.00391004
239 0.00391008
240 0.00391
241 0.00391021
242 0.00391041
243 0.00391044
244 0.00391048
245 0.00391057
246 0.00391059
247 0.00391076
248 0.00391084
249 0.0039109
250 0.00391101
251 0.00391105
252 0.00391115
253 0.00391131
254 0.00391138
255 0.00391151
