0 0.00391017
1 0.00390556
2 0.00390553
3 0.00390555
4 0.00390558
5 0.0039056
6 0.00390557
7 0.00390558
8 0.00390557
9 0.00390559
10 0.00390558
11 0.00390559
12 0.00390563
13 0.00390561
14 0.00390562
15 0.00390565
16 0.00390564
17 0.00390566
18 0.00390568
19 0.00390564
20 0.00390569
21 0.00390567
22 0.00390569
23 0.00390569
24 0.0039057
25 0.00390569
26 0.00390571
27 0.00390573
28 0.00390573
29 0.00390573
30 0.00390575
31 0.00390575
32 0.00390575
33 0.00390576
34 0.00390576
35 0.00390579
36 0.00390576
37 0.00390579
38 0.00390579
39 0.00390579
40 0.00390582
41 0.00390581
42 0.00390582
43 0.00390581
44 0.00390581
45 0.00390584
46 0.00390586
47 0.00390586
48 0.00390586
49 0.00390587
50 0.00390585
51 0.00390587
52 0.00390588
53 0.00390588
54 0.0039059
55 0.00390591
56 0.00390591
57 0.00390592
58 0.00390594
59 0.00390594
60 0.00390595
61 0.00390594
62 0.00390594
63 0.00390596
64 0.00390596
65 0.00390597
66 0.00390595
67 0.00390597
68 0.00390598
69 0.00390601
70 0.00390601
71 0.00390602
72 0.00390602
73 0.00390603
74 0.00390603
75 0.00390604
76 0.00390602
77 0.00390604
78 0.00390603
79 0.00390605
80 0.00390608
81 0.00390607
82 0.00390607
83 0.00390608
84 0.00390609
85 0.0039061
86 0.00390611
87 0.00390611
88 0.00390611
89 0.00390612
90 0.00390614
91 0.00390612
92 0.00390615
93 0.00390614
94 0.00390615
95 0.00390617
96 0.00390615
97 0.00390616
98 0.00390617
99 0.00390618
100 0.00390619
101 0.00390617
102 0.00390618
103 0.0039062
104 0.00390621
105 0.00390621
106 0.00390622
107 0.00390622
108 0.00390623
109 0.00390621
110 0.00390623
111 0.00390624
112 0.00390625
113 0.00390623
114 0.00390627
115 0.00390626
116 0.00390627
117 0.00390628
118 0.00390628
119 0.00390628
120 0.00390629
121 0.0039063
122 0.00390625
123 0.00390629
124 0.00390631
125 0.00390631
126 0.00390631
127 0.00390632
128 0.00390637
129 0.00390634
130 0.00390635
131 0.00390635
132 0.00390637
133 0.00390634
134 0.00390637
135 0.00390636
136 0.00390639
137 0.00390637
138 0.00390639
139 0.00390638
140 0.00390638
141 0.00390638
142 0.00390639
143 0.00390641
144 0.00390641
145 0.0039064
146 0.00390641
147 0.00390641
148 0.0039064
149 0.0039064
150 0.00390642
151 0.00390642
152 0.00390641
153 0.00390642
154 0.00390643
155 0.00390643
156 0.00390645
157 0.00390643
158 0.00390644
159 0.00390644
160 0.00390646
161 0.00390645
162 0.00390645
163 0.00390645
164 0.00390646
165 0.00390646
166 0.00390646
167 0.00390646
168 0.00390646
169 0.00390647
170 0.00390646
171 0.00390647
172 0.00390647
173 0.00390647
174 0.00390648
175 0.00390647
176 0.00390647
177 0.00390648
178 0.00390648
179 0.00390647
180 0.00390649
181 0.00390646
182 0.00390648
183 0.00390648
184 0.00390648
185 0.00390646
186 0.00390647
187 0.00390647
188 0.00390648
189 0.00390648
190 0.00390647
191 0.00390647
192 0.00390648
193 0.00390647
194 0.00390648
195 0.00390647
196 0.00390646
197 0.00390646
198 0.00390644
199 0.00390647
200 0.00390645
201 0.00390644
202 0.00390643
203 0.00390645
204 0.00390643
205 0.00390643
206 0.00390645
207 0.00390642
208 0.00390643
209 0.00390642
210 0.00390642
211 0.00390642
212 0.0039064
213 0.0039064
214 0.00390639
215 0.00390641
216 0.00390638
217 0.0039064
218 0.00390637
219 0.00390638
220 0.00390637
221 0.00390636
222 0.00390636
223 0.00390635
224 0.00390636
225 0.00390634
226 0.00390632
227 0.00390634
228 0.00390633
229 0.00390633
230 0.00390631
231 0.0039063
232 0.00390629
233 0.00390629
234 0.00390629
235 0.00390624
236 0.00390626
237 0.00390624
238 0.00390626
239 0.00390623
240 0.00390622
241 0.00390621
242 0.00390622
243 0.00390609
244 0.00390653
245 0.00390759
246 0.00390763
247 0.00390764
248 0.00390763
249 0.00390767
250 0.00390768
251 0.00390774
252 0.00390775
253 0.00390778
254 0.0039078
255 0.00390783
