0 0.0039231
1 0.00390426
2 0.00390427
3 0.00390428
4 0.00390452
5 0.0039044
6 0.00390442
7 0.00390444
8 0.00390448
9 0.00390449
10 0.00390449
11 0.00390453
12 0.00390455
13 0.00390448
14 0.00390464
15 0.00390352
16 0.00390375
17 0.00390477
18 0.00390473
19 0.00390471
20 0.00390477
21 0.00390478
22 0.00390482
23 0.00390482
24 0.00390487
25 0.00390487
26 0.00390487
27 0.00390495
28 0.00390509
29 0.00390427
30 0.00392337
31 0.00390251
32 0.00390289
33 0.00390281
34 0.00390277
35 0.00390283
36 0.00390281
37 0.0039029
38 0.00390285
39 0.00390291
40 0.00390293
41 0.00390298
42 0.00390295
43 0.00390303
44 0.00390302
45 0.00390304
46 0.00390312
47 0.00390315
48 0.00390317
49 0.00390316
50 0.00390317
51 0.0039032
52 0.00390321
53 0.00390328
54 0.00390327
55 0.00390331
56 0.00390331
57 0.00390332
58 0.00390334
59 0.00390341
60 0.00390341
61 0.00390349
62 0.00390345
63 0.00390346
64 0.00390361
65 0.00390355
66 0.00390355
67 0.0039036
68 0.00390361
69 0.00390364
70 0.00390365
71 0.00390367
72 0.00390366
73 0.00390373
74 0.00390375
75 0.00390376
76 0.00390378
77 0.00390384
78 0.00390384
79 0.00390386
80 0.00390392
81 0.00390392
82 0.00390392
83 0.00390398
84 0.00390399
85 0.003904
86 0.00390404
87 0.00390408
88 0.00390409
89 0.00390411
90 0.00390414
91 0.00390418
92 0.00390418
93 0.00390426
94 0.00390425
95 0.00390431
96 0.00390435
97 0.00390434
98 0.00390435
99 0.00390438
100 0.00390441
101 0.00390445
102 0.00390445
103 0.00390449
104 0.00390452
105 0.00390453
106 0.00390459
107 0.0039046
108 0.00390465
109 0.00390469
110 0.00390469
111 0.00390475
112 0.00390477
113 0.00390479
114 0.00390483
115 0.00390486
116 0.00390486
117 0.00390491
118 0.00390494
119 0.00390496
120 0.00390499
121 0.00390505
122 0.00390507
123 0.00390511
124 0.00390511
125 0.00390519
126 0.00390518
127 0.00390523
128 0.00390557
129 0.00390531
130 0.00390532
131 0.00390536
132 0.00390538
133 0.00390543
134 0.00390545
135 0.0039055
136 0.00390552
137 0.00390556
138 0.0039056
139 0.00390564
140 0.00390567
141 0.0039057
142 0.00390574
143 0.00390572
144 0.00390583
145 0.00390586
146 0.00390589
147 0.00390592
148 0.00390597
149 0.003906
150 0.00390603
151 0.0039061
152 0.0039061
153 0.00390616
154 0.00390618
155 0.00390624
156 0.00390626
157 0.00390637
158 0.00390626
159 0.00390643
160 0.00390645
161 0.00390651
162 0.00390651
163 0.00390656
164 0.00390661
165 0.00390666
166 0.0039067
167 0.00390675
168 0.00390679
169 0.00390683
170 0.00390687
171 0.00390693
172 0.00390693
173 0.00390701
174 0.00390704
175 0.00390713
176 0.00390714
177 0.00390718
178 0.00390721
179 0.00390727
180 0.00390733
181 0.00390735
182 0.00390739
183 0.00390748
184 0.0039075
185 0.00390755
186 0.0039076
187 0.00390765
188 0.00390768
189 0.00390775
190 0.00390778
191 0.00390786
192 0.00390791
193 0.00390796
194 0.003908
195 0.00390806
196 0.0039081
197 0.00390817
198 0.00390818
199 0.00390826
200 0.00390831
201 0.00390836
202 0.00390843
203 0.00390848
204 0.00390851
205 0.0039086
206 0.00390861
207 0.00390874
208 0.00390879
209 0.00390882
210 0.00390887
211 0.00390892
212 0.00390899
213 0.00390907
214 0.00390911
215 0.00390917
216 0.00390923
217 0.00390931
218 0.00390937
219 0.00390942
220 0.00390951
221 0.00390958
222 0.0039096
223 0.00390963
224 0.00390977
225 0.00390982
226 0.0039099
227 0.00390995
228 0.00390999
229 0.00391006
230 0.00391017
231 0.00391023
232 0.00391031
233 0.00391038
234 0.00391044
235 0.00391048
236 0.00391064
237 0.00391069
238 0.00391077
239 0.00391086
240 0.00391082
241 0.00391096
242 0.00391105
243 0.00391106
244 0.0039112
245 0.0039112
246 0.00391134
247 0.00391133
248 0.00391141
249 0.00391157
250 0.00391168
251 0.00391166
252 0.00391214
253 0.00391179
254 0.00391207
255 0.00391283
