0 0.00392046
1 0.00390426
2 0.00390428
3 0.0039043
4 0.00390455
5 0.00390434
6 0.00390451
7 0.00390442
8 0.00390449
9 0.00390445
10 0.00390449
11 0.00390449
12 0.00390455
13 0.00390453
14 0.00390456
15 0.00390458
16 0.00390488
17 0.00390463
18 0.00390463
19 0.00390464
20 0.00390469
21 0.0039047
22 0.00390459
23 0.00390473
24 0.00390478
25 0.00390479
26 0.00390485
27 0.00390489
28 0.00390486
29 0.00390484
30 0.00390487
31 0.00390488
32 0.00390484
33 0.00390492
34 0.00390496
35 0.00390498
36 0.00390512
37 0.00390499
38 0.00390505
39 0.00390508
40 0.00390508
41 0.00390511
42 0.00390511
43 0.00390512
44 0.00390518
45 0.00390518
46 0.00390518
47 0.00390515
48 0.0039055
49 0.00390526
50 0.0039053
51 0.00390539
52 0.00390486
53 0.00391844
54 0.00390334
55 0.00390343
56 0.00390341
57 0.0039034
58 0.00390343
59 0.00390346
60 0.00390348
61 0.00390349
62 0.00390352
63 0.0039035
64 0.00390366
65 0.00390361
66 0.00390362
67 0.00390362
68 0.00390366
69 0.00390365
70 0.00390371
71 0.00390371
72 0.00390374
73 0.00390375
74 0.0039038
75 0.00390378
76 0.00390382
77 0.00390382
78 0.00390389
79 0.00390389
80 0.00390394
81 0.00390394
82 0.00390397
83 0.00390398
84 0.00390406
85 0.00390406
86 0.00390406
87 0.00390406
88 0.00390412
89 0.00390412
90 0.00390416
91 0.00390417
92 0.00390423
93 0.00390421
94 0.00390428
95 0.00390429
96 0.00390438
97 0.00390434
98 0.00390437
99 0.00390436
100 0.00390443
101 0.00390443
102 0.00390448
103 0.00390447
104 0.00390453
105 0.00390455
106 0.00390461
107 0.00390459
108 0.00390465
109 0.00390466
110 0.00390473
111 0.0039047
112 0.00390479
113 0.00390478
114 0.00390483
115 0.00390482
116 0.0039049
117 0.00390489
118 0.00390497
119 0.00390497
120 0.00390501
121 0.00390501
122 0.00390506
123 0.00390506
124 0.00390513
125 0.00390511
126 0.00390519
127 0.00390523
128 0.00390552
129 0.00390523
130 0.00390532
131 0.00390532
132 0.00390537
133 0.00390534
134 0.00390541
135 0.00390541
136 0.00390548
137 0.00390546
138 0.00390554
139 0.00390553
140 0.00390559
141 0.00390561
142 0.00390565
143 0.00390566
144 0.00390573
145 0.00390573
146 0.00390578
147 0.00390582
148 0.00390587
149 0.00390586
150 0.00390593
151 0.00390594
152 0.00390599
153 0.003906
154 0.00390607
155 0.00390614
156 0.00390616
157 0.00390617
158 0.00390623
159 0.00390624
160 0.00390639
161 0.00390641
162 0.0039064
163 0.00390639
164 0.00390643
165 0.00390647
166 0.00390653
167 0.00390655
168 0.00390661
169 0.00390661
170 0.00390668
171 0.0039067
172 0.00390676
173 0.00390678
174 0.00390686
175 0.00390688
176 0.00390694
177 0.00390692
178 0.00390701
179 0.00390699
180 0.00390708
181 0.003907
182 0.00390713
183 0.00390714
184 0.00390724
185 0.00390726
186 0.00390734
187 0.00390734
188 0.00390742
189 0.00390742
190 0.00390751
191 0.00390752
192 0.00390765
193 0.00390762
194 0.00390768
195 0.00390768
196 0.00390778
197 0.0039078
198 0.00390789
199 0.00390789
200 0.00390797
201 0.00390801
202 0.00390807
203 0.00390808
204 0.00390819
205 0.0039082
206 0.00390823
207 0.00390833
208 0.00390842
209 0.00390841
210 0.00390849
211 0.00390854
212 0.00390858
213 0.00390863
214 0.0039087
215 0.00390874
216 0.00390882
217 0.00390884
218 0.0039089
219 0.00390893
220 0.003909
221 0.00390903
222 0.00390911
223 0.00390915
224 0.00390922
225 0.00390952
226 0.0039094
227 0.00390938
228 0.00390947
229 0.00390953
230 0.00390964
231 0.00390968
232 0.00390971
233 0.00390975
234 0.00390984
235 0.00390992
236 0.00391
237 0.00391002
238 0.00391011
239 0.00391019
240 0.00391029
241 0.00391033
242 0.0039104
243 0.00391048
244 0.00391058
245 0.00391055
246 0.00391049
247 0.00391074
248 0.00391085
249 0.00391088
250 0.00391093
251 0.00391097
252 0.00391105
253 0.00391112
254 0.00391123
255 0.00391134
