0 0.00391101
1 0.00390518
2 0.00390519
3 0.00390519
4 0.00390524
5 0.00390521
6 0.00390521
7 0.00390524
8 0.00390524
9 0.00390524
10 0.00390524
11 0.00390525
12 0.00390528
13 0.00390526
14 0.00390528
15 0.0039053
16 0.00390528
17 0.0039053
18 0.0039053
19 0.00390531
20 0.00390534
21 0.00390534
22 0.00390533
23 0.00390536
24 0.00390535
25 0.00390538
26 0.00390539
27 0.00390541
28 0.0039054
29 0.00390541
30 0.0039054
31 0.00390541
32 0.00390544
33 0.00390544
34 0.00390545
35 0.00390547
36 0.00390548
37 0.00390545
38 0.00390549
39 0.00390551
40 0.00390552
41 0.0039055
42 0.00390551
43 0.00390552
44 0.00390553
45 0.00390554
46 0.00390557
47 0.00390557
48 0.00390557
49 0.00390559
50 0.0039056
51 0.00390561
52 0.00390563
53 0.00390564
54 0.00390564
55 0.00390564
56 0.00390565
57 0.00390566
58 0.00390567
59 0.00390567
60 0.00390568
61 0.00390568
62 0.00390569
63 0.00390571
64 0.00390572
65 0.00390573
66 0.00390575
67 0.00390575
68 0.00390573
69 0.00390577
70 0.00390576
71 0.00390579
72 0.00390579
73 0.00390579
74 0.00390582
75 0.00390581
76 0.00390581
77 0.00390582
78 0.00390584
79 0.00390585
80 0.00390586
81 0.00390587
82 0.00390586
83 0.00390588
84 0.00390588
85 0.00390589
86 0.0039059
87 0.0039059
88 0.00390593
89 0.00390591
90 0.00390593
91 0.00390593
92 0.00390592
93 0.00390595
94 0.00390596
95 0.00390596
96 0.00390598
97 0.00390597
98 0.00390597
99 0.00390601
100 0.00390601
101 0.00390601
102 0.00390603
103 0.00390604
104 0.00390599
105 0.00390602
106 0.00390604
107 0.00390605
108 0.00390605
109 0.00390605
110 0.00390608
111 0.00390609
112 0.00390609
113 0.00390609
114 0.00390611
115 0.00390609
116 0.0039061
117 0.00390611
118 0.00390612
119 0.00390614
120 0.00390611
121 0.00390615
122 0.00390614
123 0.00390617
124 0.00390615
125 0.00390616
126 0.00390617
127 0.00390617
128 0.00390621
129 0.00390619
130 0.00390618
131 0.00390619
132 0.00390622
133 0.00390619
134 0.00390622
135 0.00390624
136 0.00390622
137 0.00390624
138 0.00390624
139 0.00390623
140 0.00390625
141 0.00390622
142 0.00390625
143 0.00390627
144 0.00390628
145 0.00390625
146 0.00390626
147 0.00390628
148 0.00390628
149 0.00390628
150 0.00390628
151 0.00390628
152 0.00390628
153 0.00390627
154 0.00390628
155 0.00390629
156 0.00390629
157 0.0039063
158 0.0039063
159 0.00390631
160 0.00390631
161 0.00390634
162 0.00390631
163 0.00390632
164 0.00390632
165 0.00390631
166 0.00390634
167 0.00390634
168 0.00390632
169 0.00390633
170 0.00390633
171 0.00390632
172 0.00390632
173 0.00390634
174 0.00390634
175 0.00390634
176 0.00390633
177 0.00390631
178 0.00390634
179 0.00390633
180 0.00390633
181 0.00390634
182 0.00390633
183 0.00390632
184 0.00390634
185 0.00390635
186 0.00390635
187 0.00390634
188 0.00390635
189 0.00390634
190 0.00390633
191 0.00390632
192 0.00390632
193 0.00390632
194 0.00390633
195 0.00390631
196 0.00390632
197 0.00390629
198 0.00390631
199 0.00390631
200 0.0039063
201 0.0039063
202 0.0039063
203 0.00390631
204 0.00390629
205 0.00390628
206 0.00390629
207 0.00390614
208 0.00390734
209 0.00390696
210 0.00390704
211 0.00390704
212 0.00390704
213 0.00390705
214 0.00390707
215 0.00390711
216 0.00390715
217 0.00390717
218 0.00390717
219 0.00390718
220 0.00390724
221 0.00390724
222 0.00390726
223 0.0039073
224 0.00390732
225 0.00390735
226 0.00390735
227 0.0039074
228 0.00390743
229 0.00390741
230 0.00390747
231 0.0039075
232 0.00390749
233 0.00390753
234 0.00390758
235 0.00390758
236 0.00390761
237 0.00390765
238 0.00390768
239 0.00390769
240 0.00390775
241 0.00390776
242 0.00390779
243 0.00390783
244 0.00390785
245 0.00390786
246 0.00390791
247 0.00390793
248 0.00390795
249 0.00390797
250 0.003908
251 0.00390805
252 0.00390809
253 0.00390812
254 0.00390812
255 0.00390817
