0 0.00391739
1 0.0039043
2 0.00390434
3 0.00390432
4 0.0039045
5 0.00390439
6 0.0039043
7 0.00390444
8 0.00390445
9 0.00390446
10 0.00390451
11 0.00390451
12 0.00390453
13 0.00390454
14 0.00390457
15 0.00390458
16 0.00390467
17 0.00390462
18 0.00390463
19 0.00390461
20 0.00390465
21 0.00390467
22 0.0039047
23 0.00390472
24 0.00390473
25 0.00390475
26 0.00390476
27 0.00390478
28 0.0039048
29 0.00390481
30 0.00390483
31 0.00390484
32 0.00390498
33 0.00390488
34 0.0039049
35 0.00390492
36 0.00390494
37 0.00390494
38 0.00390491
39 0.00390501
40 0.00390501
41 0.00390502
42 0.00390504
43 0.00390511
44 0.00390507
45 0.0039051
46 0.0039051
47 0.0039051
48 0.00390515
49 0.00390515
50 0.00390518
51 0.00390519
52 0.00390522
53 0.00390522
54 0.00390523
55 0.00390527
56 0.00390527
57 0.00390528
58 0.00390529
59 0.00390531
60 0.00390533
61 0.00390532
62 0.00390535
63 0.00390536
64 0.00390561
65 0.00390539
66 0.00390544
67 0.00390546
68 0.00390547
69 0.00390547
70 0.0039055
71 0.00390548
72 0.00390552
73 0.00390551
74 0.00390554
75 0.00390557
76 0.00390559
77 0.0039056
78 0.00390559
79 0.00390561
80 0.00390568
81 0.00390564
82 0.00390569
83 0.00390573
84 0.00390531
85 0.00391373
86 0.0039042
87 0.00390427
88 0.00390426
89 0.00390427
90 0.00390428
91 0.00390431
92 0.00390434
93 0.00390435
94 0.00390438
95 0.00390438
96 0.00390444
97 0.00390444
98 0.00390446
99 0.00390447
100 0.00390451
101 0.00390453
102 0.00390454
103 0.00390457
104 0.00390459
105 0.00390463
106 0.00390464
107 0.00390465
108 0.00390467
109 0.0039047
110 0.00390475
111 0.00390478
112 0.0039048
113 0.0039048
114 0.00390485
115 0.00390487
116 0.00390489
117 0.00390489
118 0.00390494
119 0.00390495
120 0.00390498
121 0.003905
122 0.00390504
123 0.00390505
124 0.00390509
125 0.0039051
126 0.00390516
127 0.00390517
128 0.00390533
129 0.00390521
130 0.00390524
131 0.00390526
132 0.00390528
133 0.0039053
134 0.00390534
135 0.00390536
136 0.00390539
137 0.00390543
138 0.00390545
139 0.00390547
140 0.00390551
141 0.00390553
142 0.00390551
143 0.00390557
144 0.0039056
145 0.00390564
146 0.00390564
147 0.00390569
148 0.00390572
149 0.00390574
150 0.00390577
151 0.00390581
152 0.00390583
153 0.00390585
154 0.00390592
155 0.00390594
156 0.00390595
157 0.003906
158 0.00390602
159 0.00390605
160 0.00390609
161 0.00390613
162 0.00390615
163 0.00390618
164 0.00390622
165 0.00390623
166 0.00390628
167 0.00390633
168 0.00390636
169 0.0039064
170 0.00390639
171 0.0039065
172 0.00390649
173 0.00390654
174 0.0039066
175 0.00390663
176 0.00390668
177 0.00390669
178 0.00390673
179 0.00390678
180 0.0039068
181 0.00390682
182 0.0039069
183 0.0039069
184 0.00390697
185 0.00390699
186 0.00390703
187 0.00390708
188 0.00390711
189 0.00390715
190 0.00390718
191 0.00390723
192 0.00390728
193 0.0039073
194 0.00390734
195 0.00390737
196 0.00390743
197 0.00390748
198 0.00390751
199 0.00390753
200 0.0039076
201 0.00390764
202 0.00390769
203 0.00390772
204 0.00390775
205 0.0039078
206 0.00390787
207 0.00390792
208 0.00390796
209 0.00390797
210 0.00390804
211 0.00390808
212 0.00390813
213 0.00390811
214 0.00390824
215 0.00390826
216 0.0039083
217 0.00390835
218 0.00390839
219 0.00390846
220 0.00390849
221 0.00390854
222 0.00390861
223 0.00390865
224 0.00390868
225 0.00390873
226 0.00390877
227 0.00390884
228 0.00390889
229 0.00390894
230 0.00390899
231 0.00390904
232 0.00390909
233 0.00390914
234 0.00390922
235 0.00390927
236 0.00390932
237 0.00390936
238 0.00390939
239 0.00390947
240 0.00390953
241 0.00390956
242 0.00390966
243 0.00390969
244 0.00390975
245 0.00390979
246 0.00390987
247 0.00390993
248 0.00390999
249 0.00391003
250 0.00391007
251 0.00391013
252 0.0039102
253 0.00391027
254 0.00391032
255 0.0039104
