0 0.00391366
1 0.0039046
2 0.00390463
3 0.0039046
4 0.00390472
5 0.00390466
6 0.00390467
7 0.00390469
8 0.00390471
9 0.00390471
10 0.00390473
11 0.00390475
12 0.00390476
13 0.00390476
14 0.00390478
15 0.0039048
16 0.00390483
17 0.00390481
18 0.00390483
19 0.00390485
20 0.00390485
21 0.00390488
22 0.00390489
23 0.00390491
24 0.00390489
25 0.00390492
26 0.00390492
27 0.00390494
28 0.00390498
29 0.00390497
30 0.00390498
31 0.00390499
32 0.00390503
33 0.00390503
34 0.00390503
35 0.00390505
36 0.00390506
37 0.00390507
38 0.00390509
39 0.00390508
40 0.0039051
41 0.00390511
42 0.00390515
43 0.00390512
44 0.00390515
45 0.00390516
46 0.00390519
47 0.00390521
48 0.0039052
49 0.00390522
50 0.00390523
51 0.00390523
52 0.00390526
53 0.00390526
54 0.00390526
55 0.00390529
56 0.0039053
57 0.00390529
58 0.00390532
59 0.00390533
60 0.00390536
61 0.00390536
62 0.00390536
63 0.00390539
64 0.00390542
65 0.00390541
66 0.00390542
67 0.00390543
68 0.00390545
69 0.00390546
70 0.00390547
71 0.00390551
72 0.00390548
73 0.0039055
74 0.00390552
75 0.00390551
76 0.00390555
77 0.00390554
78 0.00390557
79 0.00390557
80 0.00390557
81 0.00390558
82 0.0039056
83 0.00390561
84 0.00390563
85 0.00390564
86 0.00390565
87 0.00390565
88 0.00390567
89 0.00390568
90 0.0039057
91 0.00390571
92 0.00390571
93 0.00390571
94 0.00390574
95 0.00390575
96 0.00390577
97 0.00390577
98 0.00390576
99 0.00390579
100 0.0039058
101 0.00390582
102 0.0039058
103 0.00390583
104 0.00390582
105 0.00390585
106 0.00390587
107 0.00390587
108 0.00390587
109 0.00390588
110 0.00390591
111 0.00390589
112 0.00390594
113 0.00390592
114 0.00390593
115 0.00390594
116 0.00390594
117 0.00390594
118 0.00390599
119 0.00390598
120 0.00390602
121 0.00390602
122 0.00390604
123 0.00390605
124 0.00390602
125 0.00390603
126 0.00390605
127 0.00390607
128 0.00390615
129 0.00390608
130 0.00390609
131 0.00390609
132 0.00390608
133 0.00390611
134 0.00390611
135 0.00390613
136 0.00390612
137 0.00390612
138 0.00390614
139 0.0039062
140 0.00390589
141 0.0039092
142 0.0039056
143 0.00390563
144 0.00390562
145 0.00390566
146 0.00390566
147 0.0039057
148 0.0039057
149 0.00390575
150 0.00390577
151 0.00390577
152 0.00390581
153 0.00390581
154 0.00390585
155 0.00390586
156 0.00390591
157 0.00390589
158 0.00390594
159 0.00390598
160 0.003906
161 0.00390602
162 0.00390604
163 0.00390606
164 0.00390608
165 0.00390612
166 0.00390614
167 0.00390617
168 0.0039062
169 0.00390621
170 0.00390624
171 0.00390626
172 0.00390629
173 0.00390631
174 0.00390634
175 0.00390637
176 0.00390639
177 0.00390642
178 0.00390644
179 0.00390649
180 0.00390648
181 0.00390652
182 0.00390656
183 0.00390659
184 0.0039066
185 0.00390663
186 0.00390666
187 0.00390669
188 0.0039067
189 0.00390673
190 0.00390679
191 0.00390681
192 0.00390685
193 0.00390687
194 0.00390688
195 0.00390692
196 0.00390696
197 0.00390697
198 0.00390699
199 0.00390708
200 0.00390706
201 0.0039071
202 0.00390713
203 0.00390717
204 0.00390718
205 0.00390725
206 0.00390728
207 0.0039073
208 0.00390735
209 0.00390738
210 0.0039074
211 0.00390744
212 0.00390746
213 0.00390751
214 0.00390754
215 0.00390757
216 0.00390761
217 0.00390763
218 0.00390767
219 0.0039077
220 0.00390776
221 0.00390778
222 0.00390783
223 0.00390785
224 0.00390789
225 0.00390793
226 0.00390797
227 0.00390799
228 0.00390805
229 0.00390809
230 0.00390811
231 0.00390815
232 0.00390821
233 0.00390824
234 0.00390827
235 0.00390831
236 0.00390835
237 0.0039084
238 0.00390844
239 0.00390846
240 0.00390852
241 0.00390855
242 0.00390859
243 0.00390863
244 0.00390868
245 0.00390871
246 0.00390876
247 0.0039088
248 0.00390883
249 0.0039089
250 0.00390894
251 0.00390899
252 0.00390901
253 0.00390908
254 0.00390912
255 0.00390917
