0 0.00391116
1 0.00390516
2 0.00390515
3 0.00390511
4 0.00390519
5 0.00390515
6 0.00390518
7 0.00390517
8 0.00390518
9 0.0039052
10 0.00390519
11 0.0039052
12 0.00390523
13 0.00390522
14 0.00390524
15 0.00390525
16 0.00390526
17 0.00390527
18 0.00390527
19 0.00390529
20 0.00390528
21 0.00390532
22 0.00390531
23 0.00390532
24 0.00390531
25 0.00390535
26 0.00390535
27 0.00390534
28 0.00390536
29 0.00390536
30 0.00390536
31 0.00390538
32 0.00390541
33 0.00390541
34 0.0039054
35 0.00390541
36 0.00390543
37 0.00390544
38 0.00390546
39 0.00390545
40 0.00390544
41 0.00390547
42 0.00390549
43 0.00390549
44 0.00390549
45 0.00390551
46 0.00390552
47 0.00390553
48 0.00390554
49 0.00390555
50 0.00390554
51 0.00390557
52 0.00390556
53 0.00390558
54 0.0039056
55 0.00390561
56 0.00390562
57 0.00390564
58 0.00390564
59 0.00390564
60 0.00390565
61 0.00390567
62 0.00390567
63 0.00390568
64 0.00390571
65 0.0039057
66 0.00390571
67 0.00390571
68 0.00390572
69 0.00390572
70 0.00390573
71 0.00390575
72 0.00390575
73 0.00390577
74 0.00390578
75 0.00390579
76 0.0039058
77 0.00390579
78 0.00390581
79 0.00390583
80 0.00390582
81 0.00390583
82 0.00390584
83 0.00390584
84 0.00390588
85 0.00390586
86 0.00390587
87 0.0039059
88 0.00390587
89 0.0039059
90 0.00390589
91 0.00390589
92 0.00390593
93 0.00390593
94 0.00390592
95 0.00390595
96 0.00390595
97 0.00390595
98 0.00390597
99 0.00390598
100 0.00390598
101 0.00390599
102 0.00390601
103 0.00390599
104 0.00390601
105 0.003906
106 0.00390602
107 0.00390603
108 0.00390604
109 0.00390603
110 0.00390605
111 0.00390605
112 0.00390607
113 0.00390606
114 0.00390608
115 0.00390609
116 0.00390609
117 0.0039061
118 0.00390612
119 0.00390611
120 0.00390612
121 0.00390612
122 0.00390614
123 0.00390613
124 0.00390613
125 0.00390616
126 0.00390616
127 0.00390616
128 0.0039062
129 0.00390618
130 0.00390619
131 0.00390621
132 0.00390618
133 0.00390619
134 0.00390622
135 0.0039062
136 0.00390622
137 0.00390621
138 0.00390621
139 0.00390623
140 0.00390624
141 0.00390623
142 0.00390623
143 0.00390624
144 0.00390626
145 0.00390625
146 0.00390625
147 0.00390624
148 0.00390626
149 0.00390627
150 0.00390625
151 0.00390628
152 0.00390628
153 0.00390628
154 0.00390627
155 0.00390629
156 0.0039063
157 0.00390629
158 0.0039063
159 0.00390628
160 0.00390632
161 0.0039063
162 0.00390631
163 0.00390631
164 0.00390629
165 0.00390631
166 0.00390631
167 0.00390632
168 0.00390631
169 0.00390631
170 0.00390632
171 0.0039063
172 0.00390632
173 0.00390634
174 0.00390633
175 0.00390633
176 0.00390633
177 0.00390631
178 0.00390632
179 0.00390633
180 0.00390633
181 0.00390634
182 0.00390633
183 0.00390634
184 0.00390632
185 0.00390634
186 0.00390634
187 0.00390631
188 0.00390633
189 0.00390633
190 0.00390631
191 0.00390631
192 0.00390633
193 0.00390631
194 0.0039063
195 0.00390633
196 0.00390629
197 0.00390632
198 0.00390631
199 0.0039063
200 0.0039063
201 0.00390631
202 0.00390615
203 0.0039071
204 0.00390688
205 0.00390692
206 0.00390692
207 0.00390694
208 0.00390697
209 0.003907
210 0.00390702
211 0.00390702
212 0.00390704
213 0.00390708
214 0.0039071
215 0.00390711
216 0.00390715
217 0.00390718
218 0.00390722
219 0.00390721
220 0.00390725
221 0.00390727
222 0.00390729
223 0.00390732
224 0.00390735
225 0.00390738
226 0.0039074
227 0.00390743
228 0.00390745
229 0.00390746
230 0.00390751
231 0.00390753
232 0.00390754
233 0.00390758
234 0.00390759
235 0.00390763
236 0.00390765
237 0.00390769
238 0.00390773
239 0.00390774
240 0.00390776
241 0.00390781
242 0.00390782
243 0.00390786
244 0.00390789
245 0.00390791
246 0.00390796
247 0.00390799
248 0.003908
249 0.00390803
250 0.00390807
251 0.00390808
252 0.0039081
253 0.00390816
254 0.00390821
255 0.00390823
