0 0.00391521
1 0.00390442
2 0.00390445
3 0.0039045
4 0.00390459
5 0.00390451
6 0.00390454
7 0.00390454
8 0.00390456
9 0.00390456
10 0.00390459
11 0.0039046
12 0.00390463
13 0.00390462
14 0.00390466
15 0.00390467
16 0.00390467
17 0.0039047
18 0.00390467
19 0.00390471
20 0.00390473
21 0.00390474
22 0.00390474
23 0.00390479
24 0.00390478
25 0.0039048
26 0.00390483
27 0.00390482
28 0.00390484
29 0.00390486
30 0.00390488
31 0.00390489
32 0.00390493
33 0.00390493
34 0.00390493
35 0.00390496
36 0.00390495
37 0.00390497
38 0.00390499
39 0.00390501
40 0.00390502
41 0.00390504
42 0.00390505
43 0.00390506
44 0.00390507
45 0.00390508
46 0.00390509
47 0.00390513
48 0.00390515
49 0.00390513
50 0.00390514
51 0.0039052
52 0.00390518
53 0.0039052
54 0.00390519
55 0.00390524
56 0.00390524
57 0.00390514
58 0.00390526
59 0.0039053
60 0.00390527
61 0.00390531
62 0.00390532
63 0.00390535
64 0.00390541
65 0.00390536
66 0.00390537
67 0.00390537
68 0.00390541
69 0.00390543
70 0.00390545
71 0.00390548
72 0.00390546
73 0.00390548
74 0.00390549
75 0.00390551
76 0.00390552
77 0.00390551
78 0.00390554
79 0.00390555
80 0.00390556
81 0.00390557
82 0.00390557
83 0.00390559
84 0.0039056
85 0.00390563
86 0.00390564
87 0.00390566
88 0.00390565
89 0.00390565
90 0.00390569
91 0.0039057
92 0.00390571
93 0.00390572
94 0.00390572
95 0.00390574
96 0.00390578
97 0.00390576
98 0.00390579
99 0.00390579
100 0.00390579
101 0.00390581
102 0.00390581
103 0.00390582
104 0.00390583
105 0.00390586
106 0.00390586
107 0.00390586
108 0.00390588
109 0.00390591
110 0.0039059
111 0.00390592
112 0.00390596
113 0.00390562
114 0.00391092
115 0.00390491
116 0.00390496
117 0.00390498
118 0.003905
119 0.003905
120 0.00390502
121 0.00390503
122 0.00390508
123 0.00390508
124 0.00390512
125 0.00390512
126 0.00390516
127 0.00390519
128 0.00390533
129 0.00390525
130 0.00390523
131 0.00390527
132 0.0039053
133 0.00390532
134 0.00390533
135 0.00390537
136 0.00390538
137 0.00390542
138 0.00390545
139 0.00390547
140 0.00390547
141 0.0039055
142 0.00390554
143 0.00390555
144 0.00390559
145 0.00390566
146 0.00390566
147 0.00390569
148 0.00390571
149 0.00390574
150 0.00390575
151 0.00390581
152 0.00390583
153 0.00390584
154 0.00390589
155 0.00390589
156 0.00390592
157 0.00390597
158 0.00390599
159 0.00390599
160 0.00390602
161 0.00390607
162 0.00390608
163 0.00390611
164 0.00390614
165 0.00390617
166 0.00390621
167 0.00390622
168 0.00390626
169 0.00390629
170 0.00390631
171 0.00390634
172 0.00390638
173 0.00390642
174 0.00390643
175 0.00390647
176 0.00390649
177 0.00390655
178 0.00390655
179 0.0039066
180 0.00390663
181 0.00390666
182 0.00390669
183 0.00390674
184 0.00390677
185 0.00390674
186 0.00390682
187 0.00390686
188 0.00390689
189 0.00390692
190 0.00390692
191 0.00390701
192 0.00390703
193 0.00390708
194 0.00390709
195 0.00390713
196 0.00390717
197 0.00390718
198 0.00390723
199 0.00390726
200 0.00390729
201 0.00390736
202 0.0039074
203 0.00390741
204 0.00390745
205 0.00390748
206 0.00390751
207 0.00390756
208 0.00390762
209 0.00390765
210 0.00390768
211 0.00390772
212 0.00390776
213 0.00390781
214 0.00390782
215 0.00390791
216 0.00390793
217 0.00390796
218 0.00390801
219 0.00390804
220 0.00390808
221 0.0039081
222 0.00390818
223 0.00390821
224 0.00390825
225 0.00390829
226 0.00390831
227 0.00390839
228 0.00390842
229 0.00390846
230 0.00390851
231 0.00390856
232 0.00390861
233 0.00390865
234 0.0039087
235 0.00390874
236 0.00390878
237 0.00390882
238 0.00390889
239 0.00390894
240 0.00390897
241 0.00390904
242 0.00390905
243 0.00390915
244 0.00390919
245 0.00390921
246 0.00390925
247 0.00390932
248 0.00390937
249 0.00390943
250 0.00390946
251 0.00390951
252 0.00390956
253 0.00390961
254 0.00390967
255 0.00390973
