0 0.00391458
1 0.0039045
2 0.00390453
3 0.0039045
4 0.00390463
5 0.00390455
6 0.00390459
7 0.0039046
8 0.00390461
9 0.00390462
10 0.00390462
11 0.00390465
12 0.00390466
13 0.00390468
14 0.00390469
15 0.00390469
16 0.00390473
17 0.00390473
18 0.00390476
19 0.00390476
20 0.00390478
21 0.00390478
22 0.0039048
23 0.00390482
24 0.00390482
25 0.00390486
26 0.00390486
27 0.00390488
28 0.00390489
29 0.00390489
30 0.0039049
31 0.00390491
32 0.00390495
33 0.00390497
34 0.00390497
35 0.00390499
36 0.00390499
37 0.00390501
38 0.00390502
39 0.00390504
40 0.00390504
41 0.00390507
42 0.00390508
43 0.00390507
44 0.00390511
45 0.00390513
46 0.00390513
47 0.00390513
48 0.00390515
49 0.00390517
50 0.00390521
51 0.0039052
52 0.00390522
53 0.00390525
54 0.00390524
55 0.00390524
56 0.00390526
57 0.00390528
58 0.00390528
59 0.00390531
60 0.00390532
61 0.00390532
62 0.00390539
63 0.00390542
64 0.00390538
65 0.00390537
66 0.00390538
67 0.00390541
68 0.00390542
69 0.00390543
70 0.00390544
71 0.00390544
72 0.00390548
73 0.00390546
74 0.00390548
75 0.0039055
76 0.00390552
77 0.00390553
78 0.00390551
79 0.00390554
80 0.00390556
81 0.00390559
82 0.00390557
83 0.00390558
84 0.00390561
85 0.00390564
86 0.00390564
87 0.00390563
88 0.00390565
89 0.00390568
90 0.00390568
91 0.00390569
92 0.0039057
93 0.0039057
94 0.00390574
95 0.00390574
96 0.00390578
97 0.00390577
98 0.00390577
99 0.00390578
100 0.0039058
101 0.00390579
102 0.00390581
103 0.00390583
104 0.00390583
105 0.00390586
106 0.00390586
107 0.00390586
108 0.00390588
109 0.00390588
110 0.00390592
111 0.00390591
112 0.00390591
113 0.00390593
114 0.00390594
115 0.00390594
116 0.00390594
117 0.00390597
118 0.00390596
119 0.00390601
120 0.00390601
121 0.00390599
122 0.00390601
123 0.00390606
124 0.00390577
125 0.00391014
126 0.00390517
127 0.00390525
128 0.00390533
129 0.00390525
130 0.00390525
131 0.0039053
132 0.0039053
133 0.00390534
134 0.00390539
135 0.00390541
136 0.00390544
137 0.00390546
138 0.00390548
139 0.0039055
140 0.00390551
141 0.00390555
142 0.00390557
143 0.00390558
144 0.0039056
145 0.00390564
146 0.00390567
147 0.00390569
148 0.0039057
149 0.00390574
150 0.00390576
151 0.00390576
152 0.00390579
153 0.00390583
154 0.00390586
155 0.00390587
156 0.00390591
157 0.00390595
158 0.00390598
159 0.00390599
160 0.00390603
161 0.00390603
162 0.00390606
163 0.00390608
164 0.00390611
165 0.00390614
166 0.00390618
167 0.0039062
168 0.00390622
169 0.00390624
170 0.00390628
171 0.00390631
172 0.00390633
173 0.00390636
174 0.00390638
175 0.00390643
176 0.00390644
177 0.00390651
178 0.00390651
179 0.00390652
180 0.00390658
181 0.0039066
182 0.00390664
183 0.00390665
184 0.00390669
185 0.00390673
186 0.00390676
187 0.00390676
188 0.00390681
189 0.00390685
190 0.00390685
191 0.00390693
192 0.00390695
193 0.00390697
194 0.003907
195 0.00390704
196 0.00390706
197 0.00390709
198 0.00390715
199 0.00390718
200 0.0039072
201 0.00390724
202 0.00390728
203 0.0039073
204 0.00390734
205 0.00390735
206 0.00390741
207 0.00390746
208 0.00390748
209 0.00390752
210 0.00390755
211 0.00390758
212 0.00390762
213 0.00390766
214 0.00390771
215 0.00390773
216 0.00390778
217 0.00390783
218 0.00390785
219 0.00390789
220 0.00390792
221 0.00390797
222 0.00390802
223 0.00390805
224 0.00390811
225 0.00390815
226 0.00390817
227 0.00390822
228 0.00390827
229 0.00390829
230 0.00390836
231 0.00390838
232 0.0039084
233 0.00390846
234 0.00390849
235 0.00390855
236 0.0039086
237 0.00390864
238 0.00390868
239 0.00390874
240 0.00390877
241 0.00390882
242 0.00390886
243 0.00390891
244 0.00390895
245 0.00390899
246 0.00390903
247 0.00390912
248 0.00390913
249 0.00390917
250 0.00390925
251 0.00390927
252 0.00390932
253 0.00390935
254 0.00390944
255 0.00390947
