0 0.0039145
1 0.00390451
2 0.00390454
3 0.00390452
4 0.00390463
5 0.00390456
6 0.00390457
7 0.0039046
8 0.00390464
9 0.00390464
10 0.00390466
11 0.00390466
12 0.00390466
13 0.00390469
14 0.0039047
15 0.00390472
16 0.00390474
17 0.00390474
18 0.00390474
19 0.00390476
20 0.00390478
21 0.00390481
22 0.00390481
23 0.00390483
24 0.00390485
25 0.00390485
26 0.00390486
27 0.0039049
28 0.00390489
29 0.00390492
30 0.00390492
31 0.00390494
32 0.00390496
33 0.00390498
34 0.00390499
35 0.00390498
36 0.003905
37 0.00390501
38 0.00390501
39 0.00390505
40 0.00390503
41 0.00390506
42 0.00390508
43 0.00390509
44 0.00390511
45 0.00390512
46 0.00390515
47 0.00390514
48 0.00390515
49 0.00390517
50 0.0039052
51 0.0039052
52 0.00390522
53 0.00390522
54 0.00390523
55 0.00390523
56 0.00390527
57 0.00390529
58 0.00390529
59 0.0039053
60 0.00390532
61 0.00390533
62 0.00390537
63 0.00390536
64 0.00390547
65 0.00390537
66 0.00390539
67 0.00390541
68 0.00390539
69 0.00390544
70 0.00390546
71 0.00390547
72 0.00390547
73 0.00390548
74 0.00390548
75 0.00390552
76 0.00390551
77 0.00390552
78 0.00390555
79 0.00390558
80 0.00390557
81 0.00390559
82 0.00390558
83 0.0039056
84 0.00390562
85 0.00390562
86 0.00390564
87 0.00390564
88 0.00390566
89 0.00390567
90 0.00390569
91 0.0039057
92 0.00390573
93 0.00390571
94 0.00390574
95 0.00390573
96 0.00390577
97 0.00390576
98 0.00390577
99 0.00390579
100 0.0039058
101 0.00390581
102 0.00390581
103 0.00390583
104 0.00390586
105 0.00390585
106 0.00390586
107 0.00390586
108 0.00390588
109 0.00390587
110 0.00390589
111 0.0039059
112 0.00390594
113 0.00390593
114 0.00390594
115 0.00390597
116 0.00390598
117 0.00390596
118 0.00390598
119 0.00390601
120 0.00390599
121 0.00390602
122 0.00390602
123 0.00390602
124 0.00390604
125 0.00390609
126 0.00390577
127 0.00391005
128 0.00390542
129 0.00390531
130 0.00390528
131 0.0039053
132 0.00390533
133 0.00390538
134 0.00390538
135 0.0039054
136 0.00390542
137 0.00390547
138 0.00390546
139 0.00390549
140 0.00390553
141 0.00390555
142 0.00390557
143 0.00390558
144 0.00390562
145 0.00390565
146 0.00390565
147 0.00390568
148 0.0039057
149 0.00390574
150 0.00390574
151 0.00390578
152 0.0039058
153 0.00390583
154 0.00390585
155 0.00390589
156 0.00390592
157 0.00390592
158 0.00390598
159 0.00390598
160 0.00390601
161 0.00390604
162 0.00390605
163 0.00390607
164 0.00390611
165 0.00390615
166 0.00390619
167 0.00390618
168 0.00390623
169 0.00390626
170 0.00390623
171 0.00390629
172 0.00390633
173 0.00390635
174 0.00390637
175 0.00390643
176 0.00390643
177 0.00390646
178 0.0039065
179 0.00390649
180 0.00390654
181 0.00390658
182 0.0039066
183 0.00390664
184 0.00390668
185 0.00390668
186 0.00390672
187 0.00390676
188 0.00390678
189 0.00390681
190 0.00390687
191 0.00390686
192 0.00390695
193 0.00390696
194 0.00390697
195 0.00390699
196 0.00390705
197 0.00390707
198 0.0039071
199 0.00390714
200 0.00390717
201 0.00390721
202 0.00390724
203 0.00390727
204 0.00390732
205 0.00390736
206 0.0039074
207 0.00390743
208 0.00390745
209 0.0039075
210 0.00390754
211 0.00390756
212 0.00390759
213 0.00390763
214 0.00390767
215 0.00390773
216 0.00390773
217 0.0039078
218 0.00390783
219 0.00390788
220 0.00390791
221 0.00390795
222 0.00390798
223 0.00390803
224 0.00390806
225 0.0039081
226 0.00390815
227 0.00390818
228 0.00390821
229 0.00390829
230 0.0039083
231 0.00390835
232 0.00390837
233 0.00390843
234 0.00390848
235 0.00390853
236 0.00390855
237 0.00390861
238 0.00390865
239 0.00390871
240 0.00390875
241 0.00390877
242 0.00390884
243 0.00390886
244 0.00390889
245 0.00390897
246 0.00390901
247 0.00390904
248 0.00390909
249 0.00390915
250 0.0039092
251 0.00390924
252 0.00390929
253 0.00390933
254 0.00390941
255 0.00390943
