0 0.0039158
1 0.00390439
2 0.00390441
3 0.00390441
4 0.00390456
5 0.00390447
6 0.0039045
7 0.0039045
8 0.00390452
9 0.00390453
10 0.00390453
11 0.00390454
12 0.00390457
13 0.00390461
14 0.00390461
15 0.00390463
16 0.00390467
17 0.00390466
18 0.00390465
19 0.00390468
20 0.00390468
21 0.00390471
22 0.00390473
23 0.00390475
24 0.00390477
25 0.00390478
26 0.00390479
27 0.00390481
28 0.00390483
29 0.00390486
30 0.00390486
31 0.00390487
32 0.00390489
33 0.00390491
34 0.00390491
35 0.00390492
36 0.00390492
37 0.00390496
38 0.00390496
39 0.00390499
40 0.00390502
41 0.00390502
42 0.00390503
43 0.00390507
44 0.00390507
45 0.00390509
46 0.00390509
47 0.0039051
48 0.00390514
49 0.00390515
50 0.00390514
51 0.00390518
52 0.00390519
53 0.00390507
54 0.00390523
55 0.00390521
56 0.00390524
57 0.00390527
58 0.00390526
59 0.00390525
60 0.0039053
61 0.00390531
62 0.00390531
63 0.00390533
64 0.00390543
65 0.00390535
66 0.00390539
67 0.00390539
68 0.00390542
69 0.00390542
70 0.00390544
71 0.00390544
72 0.00390546
73 0.00390548
74 0.0039055
75 0.0039055
76 0.00390551
77 0.00390551
78 0.00390553
79 0.00390556
80 0.00390557
81 0.00390559
82 0.00390559
83 0.00390561
84 0.00390561
85 0.00390562
86 0.00390565
87 0.00390566
88 0.00390565
89 0.00390569
90 0.00390569
91 0.00390573
92 0.00390572
93 0.00390571
94 0.00390575
95 0.00390575
96 0.00390581
97 0.00390578
98 0.0039058
99 0.0039058
100 0.00390581
101 0.00390584
102 0.00390583
103 0.00390587
104 0.0039059
105 0.00390553
106 0.00391158
107 0.00390472
108 0.00390477
109 0.00390478
110 0.00390478
111 0.00390483
112 0.00390485
113 0.00390484
114 0.00390488
115 0.0039049
116 0.00390491
117 0.00390493
118 0.00390495
119 0.003905
120 0.003905
121 0.00390506
122 0.00390506
123 0.00390507
124 0.0039051
125 0.00390514
126 0.00390514
127 0.00390518
128 0.00390532
129 0.00390522
130 0.00390524
131 0.00390526
132 0.00390529
133 0.00390531
134 0.00390535
135 0.00390536
136 0.00390537
137 0.00390541
138 0.00390543
139 0.00390546
140 0.00390548
141 0.00390552
142 0.00390553
143 0.00390556
144 0.00390559
145 0.00390562
146 0.00390561
147 0.00390569
148 0.0039057
149 0.00390571
150 0.00390574
151 0.00390577
152 0.00390581
153 0.00390585
154 0.00390588
155 0.00390591
156 0.00390592
157 0.00390596
158 0.003906
159 0.00390603
160 0.00390606
161 0.00390609
162 0.0039061
163 0.00390616
164 0.00390616
165 0.0039062
166 0.00390622
167 0.00390626
168 0.00390628
169 0.00390631
170 0.00390634
171 0.00390636
172 0.00390642
173 0.00390644
174 0.00390647
175 0.00390653
176 0.00390653
177 0.0039066
178 0.00390661
179 0.00390663
180 0.00390666
181 0.00390666
182 0.00390674
183 0.00390676
184 0.0039068
185 0.00390684
186 0.00390686
187 0.00390691
188 0.00390695
189 0.00390697
190 0.003907
191 0.00390704
192 0.0039071
193 0.00390714
194 0.00390715
195 0.00390719
196 0.00390721
197 0.00390727
198 0.0039073
199 0.00390735
200 0.00390739
201 0.00390741
202 0.00390746
203 0.00390749
204 0.00390754
205 0.00390757
206 0.00390762
207 0.00390764
208 0.0039077
209 0.00390774
210 0.00390778
211 0.00390781
212 0.00390786
213 0.00390789
214 0.00390793
215 0.00390797
216 0.00390802
217 0.00390805
218 0.00390811
219 0.00390815
220 0.00390819
221 0.00390824
222 0.00390827
223 0.00390834
224 0.00390838
225 0.00390844
226 0.00390847
227 0.00390849
228 0.00390855
229 0.0039086
230 0.00390864
231 0.00390869
232 0.00390874
233 0.00390879
234 0.00390879
235 0.00390891
236 0.00390892
237 0.00390898
238 0.00390902
239 0.00390908
240 0.00390912
241 0.00390917
242 0.00390923
243 0.00390928
244 0.00390932
245 0.00390936
246 0.00390942
247 0.0039095
248 0.00390954
249 0.00390959
250 0.00390964
251 0.00390972
252 0.00390976
253 0.0039098
254 0.00390985
255 0.00390991
