0 0.00391601
1 0.00390438
2 0.0039044
3 0.0039044
4 0.00390455
5 0.00390445
6 0.00390447
7 0.00390447
8 0.00390443
9 0.00390452
10 0.00390454
11 0.00390458
12 0.00390457
13 0.0039046
14 0.00390461
15 0.00390461
16 0.00390465
17 0.00390466
18 0.00390467
19 0.00390469
20 0.00390468
21 0.0039047
22 0.00390474
23 0.00390474
24 0.00390474
25 0.00390476
26 0.00390477
27 0.00390481
28 0.00390482
29 0.00390483
30 0.00390485
31 0.00390485
32 0.00390491
33 0.0039049
34 0.0039049
35 0.00390491
36 0.00390495
37 0.00390497
38 0.00390496
39 0.00390498
40 0.00390502
41 0.00390503
42 0.00390502
43 0.00390504
44 0.00390507
45 0.00390508
46 0.00390509
47 0.0039051
48 0.00390516
49 0.00390513
50 0.00390517
51 0.00390518
52 0.00390523
53 0.0039052
54 0.00390522
55 0.00390524
56 0.0039052
57 0.00390527
58 0.00390528
59 0.00390528
60 0.00390529
61 0.00390532
62 0.00390534
63 0.00390534
64 0.00390545
65 0.00390538
66 0.00390539
67 0.00390542
68 0.00390543
69 0.00390542
70 0.00390545
71 0.00390546
72 0.00390546
73 0.00390548
74 0.00390551
75 0.00390552
76 0.00390554
77 0.00390555
78 0.00390554
79 0.00390558
80 0.00390559
81 0.0039056
82 0.0039056
83 0.00390561
84 0.00390564
85 0.00390565
86 0.00390566
87 0.00390566
88 0.00390567
89 0.00390568
90 0.00390572
91 0.00390574
92 0.00390574
93 0.00390575
94 0.00390575
95 0.00390573
96 0.00390585
97 0.00390582
98 0.00390582
99 0.0039058
100 0.00390585
101 0.0039059
102 0.00390552
103 0.00391193
104 0.00390466
105 0.00390469
106 0.00390469
107 0.00390471
108 0.00390477
109 0.00390477
110 0.0039048
111 0.00390481
112 0.00390482
113 0.00390487
114 0.00390487
115 0.00390491
116 0.00390492
117 0.00390495
118 0.00390495
119 0.00390498
120 0.00390501
121 0.00390502
122 0.00390506
123 0.00390507
124 0.0039051
125 0.00390514
126 0.00390515
127 0.00390517
128 0.00390532
129 0.00390522
130 0.00390522
131 0.00390527
132 0.00390529
133 0.00390531
134 0.00390533
135 0.00390536
136 0.00390539
137 0.00390539
138 0.00390542
139 0.00390547
140 0.00390549
141 0.00390552
142 0.00390553
143 0.00390557
144 0.00390558
145 0.00390562
146 0.00390564
147 0.00390566
148 0.00390569
149 0.00390571
150 0.00390577
151 0.00390577
152 0.00390579
153 0.00390583
154 0.00390583
155 0.00390589
156 0.00390593
157 0.00390598
158 0.00390601
159 0.00390603
160 0.00390607
161 0.00390606
162 0.00390611
163 0.00390613
164 0.00390619
165 0.0039062
166 0.00390624
167 0.00390627
168 0.0039063
169 0.00390631
170 0.00390635
171 0.00390641
172 0.00390641
173 0.00390646
174 0.00390649
175 0.0039065
176 0.00390654
177 0.00390659
178 0.0039066
179 0.00390664
180 0.00390673
181 0.0039067
182 0.00390676
183 0.00390679
184 0.00390682
185 0.00390685
186 0.0039069
187 0.00390693
188 0.00390695
189 0.00390698
190 0.00390703
191 0.00390708
192 0.00390713
193 0.00390714
194 0.00390718
195 0.00390721
196 0.00390727
197 0.00390728
198 0.00390732
199 0.00390737
200 0.00390741
201 0.00390743
202 0.00390748
203 0.00390751
204 0.00390757
205 0.0039076
206 0.00390762
207 0.00390766
208 0.00390774
209 0.00390775
210 0.0039078
211 0.00390782
212 0.00390788
213 0.00390792
214 0.00390797
215 0.00390801
216 0.00390805
217 0.00390811
218 0.00390815
219 0.00390819
220 0.00390824
221 0.00390826
222 0.00390831
223 0.00390835
224 0.0039084
225 0.00390846
226 0.0039085
227 0.00390854
228 0.00390858
229 0.00390863
230 0.00390869
231 0.0039087
232 0.00390881
233 0.00390881
234 0.00390886
235 0.00390892
236 0.00390896
237 0.00390902
238 0.00390906
239 0.00390915
240 0.0039092
241 0.00390922
242 0.00390926
243 0.00390931
244 0.00390936
245 0.00390942
246 0.0039095
247 0.00390953
248 0.00390958
249 0.00390964
250 0.00390968
251 0.00390971
252 0.00390979
253 0.00390983
254 0.0039099
255 0.00390996
