0 0.00391318
1 0.00390467
2 0.0039047
3 0.00390468
4 0.00390477
5 0.00390473
6 0.00390474
7 0.00390471
8 0.00390477
9 0.00390476
10 0.00390478
11 0.00390479
12 0.00390481
13 0.00390483
14 0.00390484
15 0.00390486
16 0.00390486
17 0.00390488
18 0.00390487
19 0.0039049
20 0.00390489
21 0.00390493
22 0.00390491
23 0.00390495
24 0.00390496
25 0.00390496
26 0.00390498
27 0.00390499
28 0.003905
29 0.00390503
30 0.00390501
31 0.00390503
32 0.00390507
33 0.00390506
34 0.00390506
35 0.00390506
36 0.00390509
37 0.00390514
38 0.00390515
39 0.00390513
40 0.00390514
41 0.00390516
42 0.00390515
43 0.00390517
44 0.00390519
45 0.0039052
46 0.00390524
47 0.00390524
48 0.00390524
49 0.00390525
50 0.00390526
51 0.00390528
52 0.0039053
53 0.0039053
54 0.0039053
55 0.0039053
56 0.00390532
57 0.00390535
58 0.00390536
59 0.00390536
60 0.00390536
61 0.00390538
62 0.0039054
63 0.00390543
64 0.00390545
65 0.00390543
66 0.00390545
67 0.00390545
68 0.00390546
69 0.00390548
70 0.00390547
71 0.00390549
72 0.00390549
73 0.00390553
74 0.00390553
75 0.00390547
76 0.00390554
77 0.00390556
78 0.00390557
79 0.00390559
80 0.0039056
81 0.00390561
82 0.00390561
83 0.00390561
84 0.00390563
85 0.00390562
86 0.00390568
87 0.0039057
88 0.00390566
89 0.00390569
90 0.00390571
91 0.00390571
92 0.00390576
93 0.00390575
94 0.00390574
95 0.00390576
96 0.0039058
97 0.00390579
98 0.0039058
99 0.0039058
100 0.00390579
101 0.00390582
102 0.00390584
103 0.00390585
104 0.00390584
105 0.00390585
106 0.00390584
107 0.00390589
108 0.00390588
109 0.0039059
110 0.00390594
111 0.00390592
112 0.00390594
113 0.00390594
114 0.00390592
115 0.00390597
116 0.00390597
117 0.00390598
118 0.00390599
119 0.003906
120 0.003906
121 0.00390601
122 0.00390603
123 0.00390602
124 0.00390603
125 0.00390604
126 0.00390604
127 0.00390604
128 0.00390611
129 0.00390609
130 0.00390607
131 0.00390608
132 0.00390609
133 0.0039061
134 0.00390609
135 0.0039061
136 0.00390613
137 0.00390612
138 0.00390612
139 0.00390613
140 0.00390614
141 0.00390614
142 0.00390613
143 0.00390616
144 0.00390617
145 0.00390616
146 0.00390615
147 0.00390619
148 0.0039062
149 0.00390596
150 0.00390877
151 0.00390579
152 0.00390584
153 0.00390585
154 0.00390584
155 0.00390588
156 0.0039059
157 0.00390591
158 0.00390593
159 0.00390595
160 0.00390598
161 0.003906
162 0.00390603
163 0.00390605
164 0.00390609
165 0.00390611
166 0.00390612
167 0.00390614
168 0.00390618
169 0.0039062
170 0.00390621
171 0.00390626
172 0.00390625
173 0.00390631
174 0.00390632
175 0.00390633
176 0.00390637
177 0.00390639
178 0.00390642
179 0.00390643
180 0.00390645
181 0.00390651
182 0.00390652
183 0.00390657
184 0.00390659
185 0.0039066
186 0.00390662
187 0.00390667
188 0.00390669
189 0.00390673
190 0.00390673
191 0.00390676
192 0.00390679
193 0.00390681
194 0.00390685
195 0.00390689
196 0.00390692
197 0.00390693
198 0.00390698
199 0.003907
200 0.00390703
201 0.00390706
202 0.00390708
203 0.00390707
204 0.00390714
205 0.00390718
206 0.00390721
207 0.00390724
208 0.00390727
209 0.00390729
210 0.00390731
211 0.00390736
212 0.0039074
213 0.00390743
214 0.00390745
215 0.00390751
216 0.00390751
217 0.00390757
218 0.0039076
219 0.00390762
220 0.00390764
221 0.00390769
222 0.00390773
223 0.00390776
224 0.0039078
225 0.00390783
226 0.00390786
227 0.0039079
228 0.00390795
229 0.00390799
230 0.00390801
231 0.00390804
232 0.00390809
233 0.00390812
234 0.00390817
235 0.00390819
236 0.00390825
237 0.00390829
238 0.00390832
239 0.00390835
240 0.00390837
241 0.00390843
242 0.00390845
243 0.00390851
244 0.00390856
245 0.0039086
246 0.00390862
247 0.00390867
248 0.00390872
249 0.00390877
250 0.00390882
251 0.00390885
252 0.00390887
253 0.00390893
254 0.00390897
255 0.00390902
