0 0.0039247
1 0.00390481
2 0.00390442
3 0.00390434
4 0.00390466
5 0.00390447
6 0.00390452
7 0.00390454
8 0.00390464
9 0.00390465
10 0.00390464
11 0.00390466
12 0.0039047
13 0.00390468
14 0.00390476
15 0.00390453
16 0.00390408
17 0.00392658
18 0.00390235
19 0.00390241
20 0.0039024
21 0.00390239
22 0.00390244
23 0.00390247
24 0.0039025
25 0.0039025
26 0.00390252
27 0.00390253
28 0.00390258
29 0.0039026
30 0.0039026
31 0.003903
32 0.00390277
33 0.00390302
34 0.00390276
35 0.00390276
36 0.0039028
37 0.00390278
38 0.00390281
39 0.00390283
40 0.00390289
41 0.0039029
42 0.00390293
43 0.00390292
44 0.003903
45 0.00390297
46 0.00390301
47 0.0039031
48 0.00390312
49 0.0039031
50 0.00390313
51 0.00390312
52 0.00390317
53 0.0039032
54 0.00390322
55 0.00390324
56 0.00390326
57 0.00390326
58 0.00390332
59 0.00390333
60 0.00390336
61 0.0039034
62 0.00390342
63 0.00390345
64 0.00390352
65 0.00390352
66 0.00390353
67 0.00390354
68 0.00390357
69 0.00390357
70 0.0039036
71 0.00390363
72 0.00390365
73 0.00390369
74 0.00390371
75 0.00390371
76 0.00390377
77 0.0039038
78 0.00390382
79 0.00390388
80 0.00390391
81 0.00390387
82 0.0039039
83 0.00390394
84 0.00390397
85 0.00390399
86 0.003904
87 0.00390403
88 0.00390406
89 0.00390407
90 0.00390412
91 0.00390413
92 0.00390419
93 0.00390419
94 0.00390422
95 0.00390428
96 0.00390431
97 0.00390432
98 0.00390435
99 0.00390437
100 0.00390441
101 0.00390441
102 0.00390447
103 0.00390447
104 0.0039045
105 0.00390455
106 0.00390459
107 0.00390461
108 0.00390467
109 0.00390468
110 0.0039047
111 0.00390476
112 0.00390478
113 0.0039048
114 0.00390484
115 0.00390483
116 0.0039049
117 0.00390494
118 0.00390499
119 0.00390499
120 0.00390504
121 0.0039051
122 0.00390512
123 0.00390514
124 0.00390516
125 0.00390521
126 0.00390525
127 0.00390529
128 0.00390567
129 0.00390531
130 0.00390536
131 0.00390539
132 0.00390543
133 0.00390545
134 0.0039055
135 0.00390552
136 0.00390553
137 0.00390571
138 0.00390567
139 0.0039057
140 0.00390572
141 0.00390578
142 0.00390582
143 0.00390587
144 0.00390595
145 0.00390584
146 0.00390601
147 0.00390602
148 0.00390606
149 0.0039061
150 0.00390614
151 0.00390617
152 0.00390623
153 0.00390625
154 0.00390631
155 0.00390635
156 0.0039064
157 0.00390641
158 0.00390647
159 0.00390652
160 0.00390653
161 0.00390659
162 0.00390664
163 0.0039067
164 0.00390673
165 0.00390676
166 0.00390681
167 0.00390686
168 0.00390688
169 0.00390697
170 0.00390701
171 0.00390705
172 0.00390712
173 0.00390715
174 0.00390721
175 0.00390723
176 0.00390731
177 0.00390737
178 0.00390739
179 0.00390743
180 0.00390748
181 0.00390751
182 0.00390748
183 0.00390758
184 0.00390766
185 0.00390771
186 0.00390776
187 0.00390783
188 0.00390787
189 0.00390791
190 0.00390797
191 0.00390805
192 0.0039081
193 0.00390812
194 0.0039082
195 0.00390826
196 0.00390834
197 0.00390835
198 0.0039084
199 0.00390854
200 0.00390854
201 0.00390858
202 0.00390866
203 0.00390869
204 0.00390879
205 0.00390883
206 0.00390888
207 0.00390898
208 0.00390914
209 0.00390906
210 0.00390912
211 0.00390912
212 0.00390927
213 0.00390931
214 0.00390938
215 0.00390941
216 0.00390946
217 0.0039095
218 0.00390959
219 0.00390963
220 0.00390976
221 0.00390977
222 0.00390985
223 0.00390991
224 0.00391006
225 0.00391012
226 0.0039103
227 0.00391011
228 0.00391027
229 0.00391032
230 0.00391045
231 0.00391045
232 0.00391056
233 0.00391058
234 0.0039107
235 0.00391067
236 0.00391086
237 0.00391081
238 0.003911
239 0.00391114
240 0.00391174
241 0.00391142
242 0.00391086
243 0.00391134
244 0.00391158
245 0.00391159
246 0.00391168
247 0.00391174
248 0.00391182
249 0.00391193
250 0.00391198
251 0.00391205
252 0.00391214
253 0.00391221
254 0.00391231
255 0.00391246
