0 0.00391124
1 0.00390512
2 0.00390512
3 0.00390509
4 0.00390518
5 0.00390514
6 0.00390516
7 0.00390514
8 0.00390516
9 0.00390515
10 0.00390517
11 0.00390519
12 0.00390521
13 0.00390522
14 0.00390522
15 0.00390523
16 0.00390522
17 0.00390525
18 0.00390525
19 0.00390527
20 0.00390526
21 0.00390526
22 0.00390527
23 0.0039053
24 0.00390531
25 0.00390532
26 0.00390533
27 0.00390532
28 0.00390535
29 0.00390534
30 0.00390534
31 0.00390535
32 0.00390537
33 0.00390539
34 0.00390539
35 0.0039054
36 0.00390541
37 0.00390541
38 0.00390543
39 0.00390545
40 0.00390544
41 0.00390544
42 0.00390546
43 0.00390545
44 0.00390547
45 0.0039055
46 0.00390548
47 0.00390551
48 0.00390553
49 0.00390551
50 0.00390555
51 0.00390555
52 0.00390555
53 0.00390555
54 0.00390557
55 0.00390559
56 0.0039056
57 0.00390559
58 0.00390562
59 0.00390563
60 0.00390563
61 0.00390565
62 0.00390566
63 0.00390566
64 0.00390567
65 0.00390569
66 0.0039057
67 0.0039057
68 0.0039057
69 0.00390571
70 0.00390571
71 0.00390575
72 0.00390573
73 0.00390576
74 0.00390575
75 0.00390575
76 0.00390577
77 0.00390578
78 0.00390577
79 0.00390579
80 0.00390581
81 0.00390581
82 0.00390581
83 0.00390584
84 0.00390585
85 0.00390586
86 0.00390584
87 0.00390587
88 0.00390587
89 0.00390588
90 0.00390587
91 0.00390589
92 0.00390589
93 0.0039059
94 0.00390593
95 0.00390592
96 0.00390595
97 0.00390595
98 0.00390595
99 0.00390598
100 0.00390593
101 0.00390599
102 0.00390596
103 0.003906
104 0.00390601
105 0.00390601
106 0.003906
107 0.00390601
108 0.00390602
109 0.003906
110 0.00390604
111 0.00390606
112 0.00390605
113 0.00390607
114 0.00390608
115 0.00390607
116 0.00390609
117 0.00390609
118 0.00390608
119 0.00390608
120 0.0039061
121 0.00390611
122 0.00390614
123 0.00390611
124 0.00390612
125 0.00390613
126 0.00390613
127 0.00390617
128 0.00390618
129 0.00390617
130 0.00390616
131 0.00390617
132 0.00390619
133 0.00390617
134 0.00390619
135 0.0039062
136 0.0039062
137 0.00390621
138 0.0039062
139 0.00390621
140 0.00390622
141 0.00390623
142 0.00390622
143 0.00390624
144 0.00390624
145 0.00390625
146 0.00390625
147 0.00390624
148 0.00390626
149 0.00390626
150 0.00390624
151 0.00390627
152 0.00390625
153 0.00390627
154 0.00390626
155 0.00390627
156 0.00390626
157 0.00390627
158 0.00390627
159 0.00390628
160 0.0039063
161 0.00390627
162 0.00390632
163 0.00390629
164 0.0039063
165 0.0039063
166 0.0039063
167 0.00390629
168 0.00390631
169 0.00390629
170 0.00390629
171 0.0039063
172 0.00390631
173 0.0039063
174 0.00390631
175 0.0039063
176 0.00390631
177 0.00390631
178 0.00390632
179 0.0039063
180 0.0039063
181 0.00390631
182 0.00390631
183 0.00390629
184 0.00390631
185 0.00390631
186 0.00390632
187 0.00390632
188 0.00390633
189 0.00390633
190 0.00390631
191 0.00390631
192 0.00390631
193 0.00390631
194 0.0039063
195 0.00390632
196 0.00390628
197 0.00390629
198 0.0039063
199 0.00390615
200 0.00390717
201 0.00390683
202 0.00390687
203 0.00390686
204 0.00390688
205 0.0039069
206 0.00390696
207 0.00390696
208 0.00390696
209 0.00390699
210 0.00390702
211 0.00390704
212 0.00390709
213 0.00390709
214 0.00390712
215 0.00390715
216 0.00390716
217 0.0039072
218 0.00390723
219 0.00390724
220 0.00390726
221 0.00390731
222 0.00390731
223 0.00390736
224 0.00390738
225 0.0039074
226 0.00390742
227 0.00390744
228 0.00390748
229 0.00390749
230 0.00390753
231 0.00390756
232 0.00390759
233 0.00390761
234 0.00390765
235 0.00390767
236 0.00390771
237 0.00390773
238 0.00390775
239 0.00390779
240 0.00390781
241 0.00390783
242 0.00390787
243 0.00390788
244 0.00390793
245 0.00390796
246 0.00390799
247 0.00390801
248 0.00390804
249 0.00390806
250 0.00390812
251 0.00390815
252 0.00390817
253 0.00390821
254 0.00390824
255 0.00390826
