0 0.00391287
1 0.00390473
2 0.00390476
3 0.00390473
4 0.00390484
5 0.00390477
6 0.00390479
7 0.0039048
8 0.00390481
9 0.0039048
10 0.00390485
11 0.00390484
12 0.00390485
13 0.00390485
14 0.00390488
15 0.00390488
16 0.00390492
17 0.00390492
18 0.00390493
19 0.00390494
20 0.00390496
21 0.00390496
22 0.00390498
23 0.00390497
24 0.003905
25 0.00390499
26 0.00390503
27 0.00390503
28 0.00390503
29 0.00390504
30 0.00390508
31 0.00390506
32 0.0039051
33 0.00390511
34 0.00390511
35 0.00390513
36 0.00390513
37 0.00390514
38 0.00390515
39 0.00390518
40 0.0039052
41 0.00390518
42 0.0039052
43 0.0039052
44 0.00390521
45 0.00390524
46 0.00390525
47 0.00390527
48 0.00390529
49 0.00390529
50 0.0039053
51 0.00390529
52 0.00390531
53 0.0039053
54 0.00390536
55 0.00390534
56 0.00390535
57 0.00390538
58 0.00390536
59 0.00390538
60 0.00390541
61 0.0039054
62 0.00390542
63 0.00390544
64 0.00390548
65 0.00390546
66 0.00390547
67 0.00390548
68 0.00390549
69 0.00390548
70 0.00390551
71 0.00390552
72 0.00390553
73 0.00390554
74 0.00390556
75 0.00390556
76 0.00390558
77 0.00390559
78 0.00390559
79 0.00390563
80 0.00390563
81 0.00390562
82 0.00390564
83 0.00390565
84 0.00390564
85 0.00390566
86 0.00390568
87 0.00390569
88 0.00390569
89 0.0039057
90 0.00390571
91 0.00390572
92 0.00390574
93 0.00390576
94 0.00390578
95 0.00390576
96 0.00390577
97 0.00390579
98 0.00390581
99 0.00390578
100 0.00390582
101 0.00390584
102 0.00390585
103 0.00390588
104 0.00390589
105 0.00390587
106 0.0039059
107 0.00390591
108 0.00390591
109 0.00390592
110 0.00390595
111 0.00390594
112 0.00390596
113 0.00390595
114 0.00390596
115 0.00390596
116 0.00390595
117 0.003906
118 0.00390601
119 0.003906
120 0.00390602
121 0.00390603
122 0.00390602
123 0.00390606
124 0.00390604
125 0.00390605
126 0.00390608
127 0.00390605
128 0.00390611
129 0.00390607
130 0.00390607
131 0.00390608
132 0.00390609
133 0.00390611
134 0.00390613
135 0.00390612
136 0.00390614
137 0.00390615
138 0.00390614
139 0.00390615
140 0.00390615
141 0.00390615
142 0.00390616
143 0.00390616
144 0.00390619
145 0.00390615
146 0.0039062
147 0.00390617
148 0.00390621
149 0.00390618
150 0.00390619
151 0.00390621
152 0.00390622
153 0.00390622
154 0.00390621
155 0.00390626
156 0.00390599
157 0.00390848
158 0.00390594
159 0.00390599
160 0.00390599
161 0.00390604
162 0.00390604
163 0.00390605
164 0.00390609
165 0.00390608
166 0.00390611
167 0.00390615
168 0.00390615
169 0.0039062
170 0.00390621
171 0.00390624
172 0.00390624
173 0.00390626
174 0.00390631
175 0.00390634
176 0.00390636
177 0.00390638
178 0.0039064
179 0.00390643
180 0.00390647
181 0.00390645
182 0.0039065
183 0.00390653
184 0.00390654
185 0.00390657
186 0.00390661
187 0.00390663
188 0.00390667
189 0.00390668
190 0.00390667
191 0.00390673
192 0.00390674
193 0.00390679
194 0.00390681
195 0.00390684
196 0.00390687
197 0.00390691
198 0.00390693
199 0.00390694
200 0.00390696
201 0.003907
202 0.00390704
203 0.00390706
204 0.00390708
205 0.00390711
206 0.00390713
207 0.00390721
208 0.0039072
209 0.00390724
210 0.00390725
211 0.00390729
212 0.00390734
213 0.00390736
214 0.00390738
215 0.00390741
216 0.00390745
217 0.0039075
218 0.00390752
219 0.00390754
220 0.00390759
221 0.00390759
222 0.00390764
223 0.00390767
224 0.00390772
225 0.00390773
226 0.00390779
227 0.00390783
228 0.00390784
229 0.0039079
230 0.00390792
231 0.00390794
232 0.00390799
233 0.00390803
234 0.00390806
235 0.0039081
236 0.00390813
237 0.00390817
238 0.00390821
239 0.00390827
240 0.00390831
241 0.00390832
242 0.00390834
243 0.00390842
244 0.00390842
245 0.00390848
246 0.00390851
247 0.00390855
248 0.00390858
249 0.00390863
250 0.00390867
251 0.00390871
252 0.00390876
253 0.00390879
254 0.00390885
255 0.00390888
