0 0.00391518
1 0.00390443
2 0.00390447
3 0.00390445
4 0.00390459
5 0.00390449
6 0.00390454
7 0.00390453
8 0.00390456
9 0.00390456
10 0.0039046
11 0.00390459
12 0.00390461
13 0.00390462
14 0.00390466
15 0.00390466
16 0.00390468
17 0.00390469
18 0.00390469
19 0.00390472
20 0.00390472
21 0.00390474
22 0.00390476
23 0.00390479
24 0.00390479
25 0.00390482
26 0.00390482
27 0.00390483
28 0.00390483
29 0.00390486
30 0.00390488
31 0.00390489
32 0.00390494
33 0.00390493
34 0.00390493
35 0.00390496
36 0.00390498
37 0.00390499
38 0.003905
39 0.00390501
40 0.00390502
41 0.00390504
42 0.00390505
43 0.00390508
44 0.00390508
45 0.00390509
46 0.0039051
47 0.00390512
48 0.00390515
49 0.00390514
50 0.00390517
51 0.00390518
52 0.0039052
53 0.00390521
54 0.00390521
55 0.00390524
56 0.00390525
57 0.00390526
58 0.00390534
59 0.00390527
60 0.0039053
61 0.00390532
62 0.00390534
63 0.00390534
64 0.00390541
65 0.00390537
66 0.00390537
67 0.00390542
68 0.00390541
69 0.00390544
70 0.00390545
71 0.00390545
72 0.00390546
73 0.00390545
74 0.0039055
75 0.00390552
76 0.00390551
77 0.00390553
78 0.00390553
79 0.00390553
80 0.0039056
81 0.00390559
82 0.0039056
83 0.00390562
84 0.00390562
85 0.00390564
86 0.00390566
87 0.00390565
88 0.00390566
89 0.00390567
90 0.00390569
91 0.00390571
92 0.00390573
93 0.00390573
94 0.00390576
95 0.00390573
96 0.00390579
97 0.00390578
98 0.00390578
99 0.00390579
100 0.0039058
101 0.0039058
102 0.00390583
103 0.00390584
104 0.00390584
105 0.00390587
106 0.00390588
107 0.00390589
108 0.00390589
109 0.00390591
110 0.00390594
111 0.00390593
112 0.00390595
113 0.00390599
114 0.00390564
115 0.00391085
116 0.00390495
117 0.00390502
118 0.003905
119 0.00390502
120 0.00390504
121 0.00390506
122 0.00390507
123 0.00390508
124 0.00390512
125 0.00390516
126 0.00390515
127 0.00390521
128 0.00390534
129 0.00390523
130 0.00390525
131 0.00390529
132 0.00390529
133 0.00390533
134 0.00390534
135 0.00390537
136 0.00390541
137 0.0039054
138 0.00390545
139 0.00390546
140 0.0039055
141 0.0039055
142 0.00390554
143 0.00390558
144 0.00390561
145 0.00390563
146 0.00390567
147 0.00390567
148 0.00390572
149 0.00390573
150 0.00390574
151 0.00390579
152 0.00390581
153 0.00390585
154 0.00390586
155 0.00390591
156 0.00390594
157 0.00390595
158 0.00390599
159 0.003906
160 0.00390605
161 0.00390605
162 0.00390605
163 0.00390611
164 0.00390614
165 0.00390616
166 0.00390618
167 0.00390625
168 0.00390627
169 0.00390627
170 0.00390631
171 0.00390632
172 0.00390636
173 0.0039064
174 0.00390641
175 0.00390646
176 0.00390649
177 0.00390652
178 0.00390655
179 0.00390659
180 0.00390661
181 0.00390664
182 0.00390669
183 0.0039067
184 0.00390675
185 0.00390675
186 0.00390683
187 0.00390684
188 0.00390687
189 0.00390689
190 0.00390692
191 0.00390697
192 0.00390701
193 0.00390705
194 0.00390706
195 0.00390709
196 0.00390715
197 0.00390718
198 0.00390721
199 0.00390727
200 0.00390727
201 0.00390734
202 0.00390736
203 0.00390739
204 0.00390741
205 0.00390746
206 0.0039075
207 0.00390756
208 0.0039076
209 0.00390762
210 0.00390766
211 0.00390769
212 0.00390775
213 0.00390778
214 0.00390783
215 0.00390786
216 0.00390791
217 0.00390792
218 0.00390799
219 0.00390802
220 0.00390807
221 0.0039081
222 0.00390813
223 0.00390817
224 0.00390824
225 0.00390827
226 0.0039083
227 0.00390834
228 0.0039084
229 0.00390842
230 0.0039085
231 0.00390851
232 0.00390856
233 0.0039086
234 0.00390865
235 0.00390871
236 0.00390876
237 0.00390882
238 0.00390886
239 0.00390889
240 0.00390896
241 0.00390899
242 0.00390907
243 0.00390907
244 0.00390918
245 0.00390919
246 0.00390925
247 0.00390929
248 0.00390932
249 0.00390939
250 0.00390943
251 0.00390948
252 0.00390952
253 0.00390958
254 0.00390963
255 0.0039097
