0 0.00392623
1 0.00390438
2 0.00390439
3 0.00390446
4 0.00390479
5 0.00390479
6 0.00390388
7 0.00392984
8 0.00390205
9 0.00390216
10 0.00390213
11 0.00390212
12 0.00390218
13 0.00390222
14 0.00390223
15 0.00390222
16 0.00390233
17 0.00390229
18 0.00390233
19 0.00390233
20 0.00390238
21 0.00390238
22 0.00390243
23 0.00390246
24 0.00390245
25 0.0039025
26 0.00390251
27 0.00390255
28 0.00390257
29 0.00390257
30 0.0039026
31 0.00390291
32 0.00390274
33 0.00390266
34 0.00390273
35 0.00390271
36 0.00390278
37 0.00390277
38 0.00390268
39 0.00390271
40 0.00390287
41 0.00390287
42 0.00390292
43 0.00390292
44 0.00390297
45 0.00390297
46 0.003903
47 0.00390312
48 0.00390307
49 0.00390308
50 0.00390311
51 0.00390313
52 0.00390317
53 0.00390316
54 0.00390324
55 0.0039032
56 0.00390325
57 0.00390327
58 0.00390329
59 0.00390332
60 0.00390337
61 0.00390337
62 0.0039034
63 0.00390331
64 0.00390351
65 0.00390349
66 0.00390351
67 0.00390352
68 0.00390361
69 0.00390357
70 0.00390352
71 0.0039036
72 0.00390365
73 0.00390367
74 0.00390369
75 0.00390372
76 0.00390376
77 0.00390378
78 0.00390383
79 0.00390385
80 0.00390384
81 0.00390387
82 0.00390393
83 0.00390391
84 0.00390395
85 0.003904
86 0.00390404
87 0.00390403
88 0.00390408
89 0.0039041
90 0.00390403
91 0.00390414
92 0.00390418
93 0.0039042
94 0.00390421
95 0.00390421
96 0.00390429
97 0.00390431
98 0.00390435
99 0.00390437
100 0.00390441
101 0.00390442
102 0.0039044
103 0.0039045
104 0.00390453
105 0.00390457
106 0.00390459
107 0.00390464
108 0.00390464
109 0.00390468
110 0.00390475
111 0.00390479
112 0.00390479
113 0.0039048
114 0.00390485
115 0.00390488
116 0.0039049
117 0.00390497
118 0.00390498
119 0.00390502
120 0.00390505
121 0.00390507
122 0.00390512
123 0.00390516
124 0.00390519
125 0.00390523
126 0.00390526
127 0.00390533
128 0.00390565
129 0.00390535
130 0.00390541
131 0.00390544
132 0.00390563
133 0.00390557
134 0.0039056
135 0.00390552
136 0.00390566
137 0.00390565
138 0.00390575
139 0.00390575
140 0.00390581
141 0.00390584
142 0.00390587
143 0.00390585
144 0.00390598
145 0.00390601
146 0.00390606
147 0.00390607
148 0.00390616
149 0.00390618
150 0.00390622
151 0.00390628
152 0.00390629
153 0.00390636
154 0.00390637
155 0.00390644
156 0.00390646
157 0.00390652
158 0.00390656
159 0.00390659
160 0.00390666
161 0.00390668
162 0.00390676
163 0.00390676
164 0.00390681
165 0.00390686
166 0.00390688
167 0.00390696
168 0.00390703
169 0.00390706
170 0.00390711
171 0.00390715
172 0.00390719
173 0.00390727
174 0.00390731
175 0.00390734
176 0.00390739
177 0.00390746
178 0.00390751
179 0.00390756
180 0.00390761
181 0.00390768
182 0.00390771
183 0.00390775
184 0.00390781
185 0.00390787
186 0.00390795
187 0.003908
188 0.00390804
189 0.00390806
190 0.00390818
191 0.00390822
192 0.0039083
193 0.00390827
194 0.00390839
195 0.00390846
196 0.00390852
197 0.00390857
198 0.00390864
199 0.00390866
200 0.00390878
201 0.00390875
202 0.00390883
203 0.00390892
204 0.00390896
205 0.00390903
206 0.00390909
207 0.00390915
208 0.00390923
209 0.00390925
210 0.00390932
211 0.00390935
212 0.00390944
213 0.00390952
214 0.00390961
215 0.00390965
216 0.00390994
217 0.00390972
218 0.0039098
219 0.00390988
220 0.00391003
221 0.00391001
222 0.00391016
223 0.00391018
224 0.00391037
225 0.00391026
226 0.0039104
227 0.0039104
228 0.00391054
229 0.00391049
230 0.00391071
231 0.00391061
232 0.00391022
233 0.0039109
234 0.0039109
235 0.0039111
236 0.00391114
237 0.00391122
238 0.00391131
239 0.00391139
240 0.00391147
241 0.00391154
242 0.00391162
243 0.00391169
244 0.00391178
245 0.00391188
246 0.00391194
247 0.00391201
248 0.00391201
249 0.00391221
250 0.00391235
251 0.00391237
252 0.00391252
253 0.00391259
254 0.00391263
255 0.00391281
