0 0.00391747
1 0.00390431
2 0.00390432
3 0.00390432
4 0.0039045
5 0.0039044
6 0.00390442
7 0.00390442
8 0.00390446
9 0.00390446
10 0.00390449
11 0.00390449
12 0.00390452
13 0.00390454
14 0.00390454
15 0.00390457
16 0.00390463
17 0.00390462
18 0.00390461
19 0.00390468
20 0.00390462
21 0.00390462
22 0.00390472
23 0.00390473
24 0.00390473
25 0.00390475
26 0.00390476
27 0.00390479
28 0.0039048
29 0.0039048
30 0.00390483
31 0.00390485
32 0.00390497
33 0.00390489
34 0.00390488
35 0.00390495
36 0.00390492
37 0.0039049
38 0.00390496
39 0.00390499
40 0.00390497
41 0.00390502
42 0.00390491
43 0.00390504
44 0.00390507
45 0.00390508
46 0.00390509
47 0.00390513
48 0.00390517
49 0.00390515
50 0.00390517
51 0.00390518
52 0.00390518
53 0.00390523
54 0.00390522
55 0.00390525
56 0.00390526
57 0.00390527
58 0.00390529
59 0.00390531
60 0.0039053
61 0.00390533
62 0.00390534
63 0.00390535
64 0.00390559
65 0.0039054
66 0.0039054
67 0.00390546
68 0.00390542
69 0.00390549
70 0.00390548
71 0.00390551
72 0.00390549
73 0.00390551
74 0.00390553
75 0.00390556
76 0.00390556
77 0.00390557
78 0.00390557
79 0.00390564
80 0.0039056
81 0.00390566
82 0.0039057
83 0.00390525
84 0.00391383
85 0.00390416
86 0.00390422
87 0.00390422
88 0.00390422
89 0.00390426
90 0.00390427
91 0.0039043
92 0.00390432
93 0.00390432
94 0.00390435
95 0.0039044
96 0.00390443
97 0.00390442
98 0.00390444
99 0.00390446
100 0.00390449
101 0.00390452
102 0.00390453
103 0.00390458
104 0.00390458
105 0.00390462
106 0.00390462
107 0.00390466
108 0.00390467
109 0.00390468
110 0.00390472
111 0.00390473
112 0.00390477
113 0.00390489
114 0.00390483
115 0.00390485
116 0.00390486
117 0.00390488
118 0.00390492
119 0.00390494
120 0.00390495
121 0.00390499
122 0.00390501
123 0.00390503
124 0.00390507
125 0.00390509
126 0.00390511
127 0.00390518
128 0.00390535
129 0.00390521
130 0.00390523
131 0.00390527
132 0.00390526
133 0.0039053
134 0.00390532
135 0.00390537
136 0.00390538
137 0.00390542
138 0.00390544
139 0.00390548
140 0.0039055
141 0.00390553
142 0.00390555
143 0.0039056
144 0.0039056
145 0.00390566
146 0.00390569
147 0.0039057
148 0.00390571
149 0.00390576
150 0.00390578
151 0.00390581
152 0.00390585
153 0.00390589
154 0.00390592
155 0.00390592
156 0.00390598
157 0.003906
158 0.00390603
159 0.00390607
160 0.0039061
161 0.00390614
162 0.00390617
163 0.00390621
164 0.00390622
165 0.00390627
166 0.00390629
167 0.00390634
168 0.00390634
169 0.0039064
170 0.0039064
171 0.00390649
172 0.00390649
173 0.00390653
174 0.00390657
175 0.00390664
176 0.00390667
177 0.00390674
178 0.00390676
179 0.0039068
180 0.00390683
181 0.00390685
182 0.00390691
183 0.00390694
184 0.00390697
185 0.00390704
186 0.00390704
187 0.0039071
188 0.00390712
189 0.00390715
190 0.00390721
191 0.00390726
192 0.00390731
193 0.00390733
194 0.00390736
195 0.0039074
196 0.00390746
197 0.00390748
198 0.00390753
199 0.00390758
200 0.00390761
201 0.00390767
202 0.0039077
203 0.00390774
204 0.00390779
205 0.00390783
206 0.00390786
207 0.00390792
208 0.00390798
209 0.00390803
210 0.00390805
211 0.0039081
212 0.00390809
213 0.00390823
214 0.00390824
215 0.00390829
216 0.00390833
217 0.00390837
218 0.00390842
219 0.00390847
220 0.00390852
221 0.00390858
222 0.0039086
223 0.00390868
224 0.00390873
225 0.00390877
226 0.00390881
227 0.0039089
228 0.00390893
229 0.003909
230 0.00390903
231 0.00390906
232 0.00390912
233 0.00390919
234 0.00390926
235 0.0039093
236 0.00390932
237 0.0039094
238 0.00390946
239 0.00390952
240 0.00390957
241 0.00390961
242 0.00390967
243 0.00390973
244 0.0039098
245 0.00390984
246 0.0039099
247 0.00390994
248 0.00391003
249 0.00391006
250 0.00391013
251 0.00391019
252 0.00391024
253 0.00391031
254 0.00391034
255 0.00391044
