0 0.00391784
1 0.0039043
2 0.00390427
3 0.00390428
4 0.00390452
5 0.00390437
6 0.00390442
7 0.00390443
8 0.00390447
9 0.00390445
10 0.00390446
11 0.00390449
12 0.00390455
13 0.00390453
14 0.00390452
15 0.00390461
16 0.00390445
17 0.00390453
18 0.00390464
19 0.00390462
20 0.00390463
21 0.00390468
22 0.00390471
23 0.00390472
24 0.00390472
25 0.00390473
26 0.00390472
27 0.00390476
28 0.00390481
29 0.00390481
30 0.0039048
31 0.00390484
32 0.0039048
33 0.00390474
34 0.00390487
35 0.00390491
36 0.00390492
37 0.00390492
38 0.00390494
39 0.00390495
40 0.00390484
41 0.00390499
42 0.00390501
43 0.00390503
44 0.00390504
45 0.00390506
46 0.00390508
47 0.00390507
48 0.0039051
49 0.00390509
50 0.00390513
51 0.00390516
52 0.00390518
53 0.00390517
54 0.00390522
55 0.00390518
56 0.00390521
57 0.00390525
58 0.00390528
59 0.00390526
60 0.00390528
61 0.0039053
62 0.00390533
63 0.00390531
64 0.00390561
65 0.0039054
66 0.00390541
67 0.00390545
68 0.00390542
69 0.00390543
70 0.00390543
71 0.00390547
72 0.00390547
73 0.00390548
74 0.0039055
75 0.00390553
76 0.00390551
77 0.00390557
78 0.00390562
79 0.00390504
80 0.00391371
81 0.0039039
82 0.00390391
83 0.00390393
84 0.00390394
85 0.00390396
86 0.00390397
87 0.003904
88 0.00390401
89 0.00390404
90 0.00390407
91 0.00390408
92 0.00390412
93 0.00390413
94 0.00390414
95 0.00390418
96 0.00390407
97 0.00390406
98 0.00390423
99 0.00390426
100 0.00390428
101 0.0039043
102 0.00390432
103 0.00390433
104 0.00390438
105 0.00390439
106 0.00390439
107 0.00390444
108 0.00390447
109 0.00390449
110 0.00390452
111 0.00390452
112 0.00390457
113 0.00390458
114 0.00390461
115 0.00390463
116 0.00390468
117 0.00390468
118 0.0039047
119 0.00390473
120 0.00390475
121 0.00390477
122 0.00390481
123 0.00390484
124 0.00390485
125 0.00390489
126 0.0039049
127 0.00390495
128 0.00390514
129 0.00390497
130 0.00390501
131 0.00390503
132 0.00390505
133 0.00390509
134 0.00390512
135 0.00390514
136 0.00390517
137 0.00390518
138 0.00390522
139 0.00390526
140 0.00390529
141 0.0039053
142 0.00390533
143 0.00390536
144 0.0039054
145 0.00390545
146 0.00390546
147 0.00390547
148 0.00390551
149 0.00390554
150 0.00390557
151 0.00390562
152 0.00390565
153 0.00390566
154 0.0039057
155 0.00390573
156 0.00390576
157 0.00390578
158 0.00390584
159 0.00390585
160 0.00390592
161 0.00390592
162 0.00390595
163 0.00390598
164 0.00390602
165 0.00390605
166 0.0039061
167 0.00390613
168 0.00390608
169 0.00390617
170 0.00390623
171 0.00390628
172 0.00390632
173 0.00390634
174 0.00390637
175 0.00390646
176 0.00393246
177 0.0039066
178 0.00390673
179 0.00390678
180 0.00390684
181 0.00390685
182 0.00390691
183 0.00390694
184 0.003907
185 0.00390703
186 0.00390704
187 0.00390709
188 0.00390712
189 0.00390719
190 0.00390722
191 0.00390728
192 0.00390732
193 0.00390736
194 0.00390736
195 0.00390743
196 0.00390747
197 0.00390751
198 0.00390757
199 0.00390759
200 0.00390764
201 0.00390769
202 0.00390771
203 0.00390775
204 0.00390782
205 0.00390786
206 0.00390792
207 0.00390796
208 0.00390794
209 0.00390807
210 0.00390807
211 0.00390813
212 0.00390816
213 0.00390823
214 0.00390828
215 0.00390833
216 0.00390837
217 0.00390842
218 0.00390847
219 0.0039085
220 0.00390856
221 0.0039086
222 0.00390867
223 0.00390874
224 0.00390874
225 0.00390886
226 0.00390885
227 0.00390892
228 0.00390897
229 0.00390901
230 0.00390906
231 0.00390912
232 0.00390918
233 0.00390922
234 0.00390928
235 0.00390934
236 0.00390939
237 0.00390945
238 0.00390949
239 0.00390958
240 0.00390962
241 0.00390969
242 0.00390973
243 0.00390977
244 0.00390984
245 0.0039099
246 0.00390997
247 0.00391003
248 0.00391008
249 0.00391014
250 0.00391019
251 0.00391026
252 0.00391034
253 0.00391039
254 0.00391043
255 0.00391048
