0 0.00391707
1 0.00390431
2 0.00390434
3 0.00390434
4 0.00390452
5 0.0039044
6 0.00390444
7 0.00390443
8 0.00390448
9 0.00390448
10 0.00390445
11 0.0039045
12 0.00390454
13 0.00390456
14 0.00390455
15 0.00390457
16 0.00390472
17 0.00390459
18 0.00390464
19 0.00390465
20 0.00390465
21 0.0039047
22 0.00390471
23 0.00390472
24 0.00390477
25 0.00390473
26 0.00390473
27 0.0039048
28 0.00390479
29 0.00390481
30 0.00390484
31 0.00390483
32 0.00390489
33 0.00390488
34 0.00390492
35 0.00390492
36 0.00390493
37 0.00390497
38 0.00390495
39 0.00390498
40 0.003905
41 0.00390502
42 0.00390498
43 0.00390504
44 0.00390506
45 0.00390514
46 0.00390509
47 0.00390511
48 0.00390515
49 0.00390514
50 0.00390517
51 0.00390519
52 0.00390519
53 0.0039052
54 0.00390522
55 0.00390523
56 0.00390525
57 0.00390527
58 0.00390527
59 0.00390529
60 0.00390531
61 0.00390535
62 0.00390536
63 0.00390536
64 0.00390556
65 0.00390538
66 0.0039054
67 0.00390543
68 0.00390543
69 0.00390545
70 0.00390547
71 0.00390549
72 0.00390552
73 0.0039055
74 0.00390553
75 0.00390556
76 0.00390554
77 0.00390556
78 0.00390559
79 0.00390559
80 0.00390563
81 0.00390563
82 0.00390565
83 0.00390565
84 0.00390566
85 0.0039057
86 0.00390574
87 0.00390576
88 0.0039054
89 0.00391327
90 0.0039043
91 0.00390436
92 0.00390436
93 0.00390435
94 0.00390438
95 0.00390441
96 0.00390445
97 0.00390447
98 0.00390447
99 0.00390449
100 0.00390451
101 0.00390457
102 0.00390457
103 0.00390458
104 0.0039046
105 0.00390463
106 0.00390467
107 0.00390469
108 0.00390469
109 0.00390472
110 0.00390475
111 0.00390476
112 0.00390481
113 0.00390482
114 0.00390485
115 0.00390485
116 0.00390487
117 0.0039049
118 0.00390493
119 0.00390496
120 0.00390499
121 0.003905
122 0.00390503
123 0.00390504
124 0.00390508
125 0.00390511
126 0.00390513
127 0.00390517
128 0.00390533
129 0.0039052
130 0.00390522
131 0.00390525
132 0.00390529
133 0.0039053
134 0.00390532
135 0.00390535
136 0.00390539
137 0.00390542
138 0.00390543
139 0.00390546
140 0.0039055
141 0.00390552
142 0.00390555
143 0.00390559
144 0.00390562
145 0.00390562
146 0.00390567
147 0.00390568
148 0.00390573
149 0.00390572
150 0.00390579
151 0.0039058
152 0.00390584
153 0.00390584
154 0.0039059
155 0.00390592
156 0.00390596
157 0.00390599
158 0.003906
159 0.00390605
160 0.0039061
161 0.00390612
162 0.00390613
163 0.00390617
164 0.00390621
165 0.00390623
166 0.00390627
167 0.0039063
168 0.00390633
169 0.00390637
170 0.00390645
171 0.00390646
172 0.00390647
173 0.00390658
174 0.00390656
175 0.00390661
176 0.00390665
177 0.00390669
178 0.0039067
179 0.00390675
180 0.00390679
181 0.00390681
182 0.00390685
183 0.00390691
184 0.00390693
185 0.00390697
186 0.00390702
187 0.00390705
188 0.00390709
189 0.00390712
190 0.00390717
191 0.0039072
192 0.00390726
193 0.00390725
194 0.0039073
195 0.00390734
196 0.0039074
197 0.00390743
198 0.00390747
199 0.00390752
200 0.00390757
201 0.00390761
202 0.00390763
203 0.00390769
204 0.00390772
205 0.00390777
206 0.00390781
207 0.00390784
208 0.00390789
209 0.00390794
210 0.00390799
211 0.00390803
212 0.00390806
213 0.00390811
214 0.00390815
215 0.0039082
216 0.00390825
217 0.00390826
218 0.00390837
219 0.00390838
220 0.00390842
221 0.00390849
222 0.00390852
223 0.00390858
224 0.00390864
225 0.00390872
226 0.00390871
227 0.00390877
228 0.00390884
229 0.00390888
230 0.00390887
231 0.00390895
232 0.00390902
233 0.00390906
234 0.00390911
235 0.00390916
236 0.00390922
237 0.00390926
238 0.00390934
239 0.00390937
240 0.00390943
241 0.00390949
242 0.00390954
243 0.00390958
244 0.00390965
245 0.00390969
246 0.00390977
247 0.00390982
248 0.00390989
249 0.00390992
250 0.00390999
251 0.00391005
252 0.00391011
253 0.00391016
254 0.00391023
255 0.0039103
