0 0.00391491
1 0.00390446
2 0.00390448
3 0.00390448
4 0.00390461
5 0.00390453
6 0.00390457
7 0.00390454
8 0.00390464
9 0.00390458
10 0.0039046
11 0.00390463
12 0.00390463
13 0.00390465
14 0.00390465
15 0.00390469
16 0.0039047
17 0.00390472
18 0.00390473
19 0.00390473
20 0.00390476
21 0.00390475
22 0.00390479
23 0.00390482
24 0.0039048
25 0.00390481
26 0.00390484
27 0.00390485
28 0.00390485
29 0.00390488
30 0.0039049
31 0.0039049
32 0.00390492
33 0.00390492
34 0.00390492
35 0.00390496
36 0.00390497
37 0.00390499
38 0.003905
39 0.00390501
40 0.00390502
41 0.00390503
42 0.00390506
43 0.0039051
44 0.00390509
45 0.0039051
46 0.00390512
47 0.00390512
48 0.00390514
49 0.00390515
50 0.00390516
51 0.00390519
52 0.0039052
53 0.00390521
54 0.00390522
55 0.00390521
56 0.00390527
57 0.00390528
58 0.00390527
59 0.00390529
60 0.00390535
61 0.00390531
62 0.00390534
63 0.00390537
64 0.00390541
65 0.00390536
66 0.00390538
67 0.0039054
68 0.00390538
69 0.00390541
70 0.00390544
71 0.00390546
72 0.00390543
73 0.00390547
74 0.00390548
75 0.00390551
76 0.0039055
77 0.00390551
78 0.00390555
79 0.00390555
80 0.00390556
81 0.00390557
82 0.0039056
83 0.00390559
84 0.00390562
85 0.00390561
86 0.00390565
87 0.00390567
88 0.00390566
89 0.00390567
90 0.0039057
91 0.0039057
92 0.00390571
93 0.00390572
94 0.00390572
95 0.00390572
96 0.0039058
97 0.00390578
98 0.00390577
99 0.00390579
100 0.00390581
101 0.00390584
102 0.00390583
103 0.00390583
104 0.00390586
105 0.00390587
106 0.00390586
107 0.00390587
108 0.00390588
109 0.0039059
110 0.00390591
111 0.00390593
112 0.00390593
113 0.00390596
114 0.00390595
115 0.00390596
116 0.00390597
117 0.003906
118 0.00390571
119 0.00391057
120 0.00390506
121 0.00390509
122 0.0039051
123 0.00390512
124 0.00390514
125 0.00390515
126 0.00390517
127 0.0039052
128 0.00390532
129 0.00390527
130 0.00390525
131 0.00390529
132 0.00390531
133 0.00390533
134 0.00390535
135 0.00390538
136 0.00390537
137 0.0039054
138 0.00390546
139 0.00390548
140 0.00390551
141 0.00390553
142 0.00390556
143 0.0039056
144 0.0039056
145 0.00390564
146 0.00390566
147 0.00390569
148 0.0039057
149 0.00390575
150 0.00390578
151 0.00390578
152 0.00390581
153 0.00390585
154 0.00390587
155 0.00390587
156 0.00390592
157 0.00390594
158 0.00390597
159 0.003906
160 0.00390603
161 0.00390606
162 0.00390606
163 0.00390611
164 0.00390613
165 0.00390616
166 0.00390619
167 0.0039062
168 0.00390626
169 0.00390626
170 0.00390629
171 0.00390633
172 0.00390635
173 0.00390638
174 0.00390643
175 0.00390644
176 0.00390648
177 0.00390652
178 0.00390653
179 0.00390657
180 0.00390658
181 0.00390663
182 0.00390665
183 0.0039067
184 0.0039067
185 0.00390675
186 0.0039068
187 0.00390679
188 0.00390687
189 0.00390686
190 0.0039069
191 0.00390694
192 0.00390699
193 0.00390703
194 0.00390705
195 0.00390708
196 0.00390713
197 0.00390717
198 0.00390718
199 0.00390722
200 0.00390726
201 0.00390727
202 0.00390732
203 0.00390737
204 0.0039074
205 0.00390744
206 0.00390746
207 0.0039075
208 0.00390756
209 0.00390758
210 0.00390761
211 0.00390765
212 0.0039077
213 0.00390774
214 0.00390777
215 0.0039078
216 0.00390785
217 0.00390788
218 0.00390793
219 0.00390797
220 0.003908
221 0.00390804
222 0.00390811
223 0.00390814
224 0.00390817
225 0.00390821
226 0.00390824
227 0.0039083
228 0.00390833
229 0.0039084
230 0.00390843
231 0.00390847
232 0.00390851
233 0.00390855
234 0.00390859
235 0.00390864
236 0.00390869
237 0.00390872
238 0.00390879
239 0.00390886
240 0.00390888
241 0.00390891
242 0.00390895
243 0.00390902
244 0.00390906
245 0.0039091
246 0.00390917
247 0.00390919
248 0.0039093
249 0.0039093
250 0.00390933
251 0.00390941
252 0.00390943
253 0.00390951
254 0.00390953
255 0.00390962
