0 0.00391152
1 0.00390504
2 0.00390505
3 0.00390503
4 0.0039051
5 0.00390506
6 0.00390507
7 0.00390507
8 0.0039051
9 0.00390511
10 0.0039051
11 0.00390512
12 0.00390512
13 0.00390514
14 0.00390515
15 0.00390516
16 0.00390516
17 0.00390516
18 0.00390519
19 0.00390519
20 0.00390521
21 0.0039052
22 0.0039052
23 0.00390523
24 0.00390525
25 0.00390524
26 0.00390526
27 0.00390529
28 0.00390526
29 0.00390529
30 0.00390529
31 0.0039053
32 0.00390533
33 0.00390534
34 0.00390531
35 0.00390535
36 0.00390535
37 0.00390536
38 0.00390536
39 0.00390538
40 0.0039054
41 0.0039054
42 0.0039054
43 0.00390542
44 0.00390543
45 0.00390544
46 0.00390544
47 0.00390545
48 0.00390546
49 0.00390546
50 0.00390549
51 0.00390549
52 0.00390549
53 0.00390549
54 0.00390552
55 0.00390553
56 0.00390552
57 0.00390554
58 0.00390555
59 0.00390556
60 0.00390557
61 0.00390558
62 0.00390557
63 0.0039056
64 0.00390563
65 0.00390562
66 0.00390562
67 0.00390565
68 0.00390566
69 0.00390568
70 0.00390568
71 0.00390569
72 0.00390569
73 0.0039057
74 0.00390572
75 0.00390573
76 0.00390573
77 0.00390575
78 0.00390575
79 0.00390575
80 0.00390578
81 0.00390579
82 0.00390578
83 0.0039058
84 0.0039058
85 0.00390582
86 0.00390581
87 0.00390583
88 0.00390585
89 0.00390584
90 0.00390584
91 0.00390587
92 0.00390588
93 0.00390588
94 0.00390589
95 0.00390589
96 0.00390586
97 0.00390593
98 0.00390591
99 0.00390592
100 0.00390595
101 0.00390595
102 0.00390595
103 0.00390595
104 0.00390597
105 0.00390597
106 0.00390598
107 0.00390599
108 0.003906
109 0.00390599
110 0.00390603
111 0.00390601
112 0.00390602
113 0.00390603
114 0.00390605
115 0.00390605
116 0.00390606
117 0.00390606
118 0.00390607
119 0.00390608
120 0.00390607
121 0.00390612
122 0.0039061
123 0.00390611
124 0.00390609
125 0.00390611
126 0.00390611
127 0.00390613
128 0.00390614
129 0.00390616
130 0.00390614
131 0.00390615
132 0.00390613
133 0.00390615
134 0.00390616
135 0.00390615
136 0.00390617
137 0.00390618
138 0.0039062
139 0.00390618
140 0.00390617
141 0.00390619
142 0.00390621
143 0.0039062
144 0.00390623
145 0.00390621
146 0.00390622
147 0.00390622
148 0.00390624
149 0.00390623
150 0.00390624
151 0.00390624
152 0.00390625
153 0.00390625
154 0.00390625
155 0.00390626
156 0.00390626
157 0.00390627
158 0.00390626
159 0.00390626
160 0.00390627
161 0.00390627
162 0.00390627
163 0.00390628
164 0.00390627
165 0.00390628
166 0.00390628
167 0.0039063
168 0.00390629
169 0.00390628
170 0.00390629
171 0.00390628
172 0.0039063
173 0.00390628
174 0.00390629
175 0.00390629
176 0.0039063
177 0.0039063
178 0.0039063
179 0.00390629
180 0.0039063
181 0.00390629
182 0.00390628
183 0.00390628
184 0.0039063
185 0.00390629
186 0.00390629
187 0.0039063
188 0.0039063
189 0.00390628
190 0.00390631
191 0.00390611
192 0.00390767
193 0.00390667
194 0.00390671
195 0.00390671
196 0.00390672
197 0.00390675
198 0.00390677
199 0.00390681
200 0.00390681
201 0.00390684
202 0.00390688
203 0.00390689
204 0.00390692
205 0.00390694
206 0.00390696
207 0.00390699
208 0.00390699
209 0.00390703
210 0.00390706
211 0.00390709
212 0.00390712
213 0.00390712
214 0.00390716
215 0.00390717
216 0.0039072
217 0.00390726
218 0.00390728
219 0.00390726
220 0.00390731
221 0.00390734
222 0.00390735
223 0.00390741
224 0.00390739
225 0.00390745
226 0.00390746
227 0.00390749
228 0.00390753
229 0.00390755
230 0.00390757
231 0.00390763
232 0.00390764
233 0.00390767
234 0.0039077
235 0.00390774
236 0.00390777
237 0.00390778
238 0.00390782
239 0.00390787
240 0.00390786
241 0.0039079
242 0.00390795
243 0.00390795
244 0.003908
245 0.00390804
246 0.00390808
247 0.0039081
248 0.00390813
249 0.00390818
250 0.0039082
251 0.00390823
252 0.00390827
253 0.00390831
254 0.00390835
255 0.00390837
