0 0.00392223
1 0.00390424
2 0.00390428
3 0.00390426
4 0.00390453
5 0.00390446
6 0.00390437
7 0.00390442
8 0.00390448
9 0.00390448
10 0.00390451
11 0.00390454
12 0.00390453
13 0.00390455
14 0.0039046
15 0.00390464
16 0.00390517
17 0.00390458
18 0.00390473
19 0.00390476
20 0.00390489
21 0.00390473
22 0.00390486
23 0.00390478
24 0.00390482
25 0.00390482
26 0.00390487
27 0.00390488
28 0.00390491
29 0.00390491
30 0.00390495
31 0.00390499
32 0.00390432
33 0.00390502
34 0.00390506
35 0.00390519
36 0.00390458
37 0.0039216
38 0.00390285
39 0.00390285
40 0.00390294
41 0.00390287
42 0.00390297
43 0.00390294
44 0.00390306
45 0.00390302
46 0.00390309
47 0.00390308
48 0.00390319
49 0.00390313
50 0.0039032
51 0.00390316
52 0.00390325
53 0.00390319
54 0.0039033
55 0.00390325
56 0.00390335
57 0.00390328
58 0.00390338
59 0.00390329
60 0.0039034
61 0.00390337
62 0.00390347
63 0.00390337
64 0.00390358
65 0.0039038
66 0.00390362
67 0.00390353
68 0.00390374
69 0.00390355
70 0.00390373
71 0.00390363
72 0.00390379
73 0.00390368
74 0.00390382
75 0.00390373
76 0.00390388
77 0.00390376
78 0.00390396
79 0.00390383
80 0.003904
81 0.00390388
82 0.00390402
83 0.00390392
84 0.0039041
85 0.00390396
86 0.00390412
87 0.00390403
88 0.00390418
89 0.00390408
90 0.00390423
91 0.00390413
92 0.00390429
93 0.00390418
94 0.00390433
95 0.00390425
96 0.00390445
97 0.0039043
98 0.00390445
99 0.00390434
100 0.00390453
101 0.00390438
102 0.00390456
103 0.00390441
104 0.0039046
105 0.0039045
106 0.00390466
107 0.00390456
108 0.00390474
109 0.00390461
110 0.00390471
111 0.00390465
112 0.00390485
113 0.00390471
114 0.00390489
115 0.0039049
116 0.00390495
117 0.00390481
118 0.003905
119 0.00390489
120 0.00390507
121 0.00390494
122 0.00390513
123 0.00390504
124 0.00390518
125 0.00390509
126 0.00390523
127 0.00390519
128 0.00390564
129 0.00390519
130 0.00390538
131 0.0039053
132 0.00390546
133 0.00390535
134 0.00390554
135 0.00390542
136 0.00390561
137 0.00390551
138 0.00390568
139 0.00390555
140 0.00390573
141 0.00390561
142 0.00390578
143 0.00390568
144 0.00390585
145 0.0039057
146 0.00390586
147 0.00390582
148 0.00390593
149 0.00390585
150 0.003906
151 0.0039059
152 0.00390608
153 0.00390596
154 0.00390614
155 0.00390601
156 0.00390621
157 0.00390613
158 0.0039063
159 0.00390622
160 0.00390648
161 0.0039068
162 0.0039065
163 0.00390642
164 0.00390664
165 0.0039064
166 0.00390671
167 0.0039066
168 0.00390675
169 0.00390664
170 0.00390684
171 0.00390673
172 0.00390692
173 0.00390682
174 0.00390702
175 0.00390695
176 0.00390716
177 0.00390701
178 0.00390719
179 0.0039071
180 0.00390729
181 0.00390721
182 0.00390737
183 0.00390731
184 0.00390748
185 0.00390739
186 0.00390755
187 0.00390749
188 0.00390767
189 0.00390757
190 0.00390778
191 0.0039077
192 0.00390795
193 0.00390779
194 0.00390797
195 0.00390797
196 0.00390805
197 0.00390798
198 0.00390814
199 0.00390808
200 0.00390825
201 0.00390819
202 0.00390833
203 0.00390836
204 0.00390846
205 0.0039084
206 0.00390859
207 0.00390853
208 0.00390873
209 0.00390862
210 0.00390877
211 0.00390873
212 0.00390889
213 0.00390884
214 0.00390904
215 0.00390897
216 0.00390911
217 0.00390905
218 0.00390924
219 0.00390921
220 0.00390938
221 0.00390931
222 0.00390951
223 0.0039095
224 0.00390971
225 0.00390963
226 0.00390977
227 0.00390978
228 0.00390998
229 0.00390987
230 0.00390993
231 0.00391002
232 0.00391017
233 0.00391015
234 0.00391027
235 0.00391026
236 0.00391044
237 0.00391043
238 0.00391059
239 0.00391059
240 0.00391085
241 0.00391069
242 0.00391095
243 0.00391091
244 0.00391107
245 0.00391102
246 0.00391112
247 0.00391114
248 0.00391137
249 0.0039113
250 0.00391148
251 0.00391141
252 0.00391165
253 0.00391157
254 0.00391177
255 0.00391183
