0 0.00392233
1 0.00390447
2 0.00390427
3 0.00390444
4 0.00390458
5 0.00390457
6 0.00390443
7 0.00390459
8 0.00390453
9 0.00390469
10 0.00390456
11 0.00390472
12 0.00390463
13 0.00390481
14 0.00390468
15 0.00390441
16 0.00390461
17 0.00390478
18 0.00390466
19 0.00390472
20 0.00390471
21 0.00390477
22 0.00390476
23 0.00390483
24 0.00390482
25 0.00390494
26 0.00390487
27 0.00390487
28 0.00390494
29 0.00390509
30 0.0039044
31 0.00392396
32 0.00390259
33 0.00390365
34 0.00390229
35 0.00390367
36 0.00390234
37 0.00390369
38 0.00390237
39 0.00390376
40 0.00390223
41 0.00390379
42 0.00390243
43 0.0039038
44 0.00390249
45 0.00390385
46 0.00390248
47 0.00390397
48 0.00390264
49 0.00390401
50 0.00390267
51 0.00390401
52 0.00390274
53 0.00390409
54 0.00390273
55 0.00390411
56 0.00390277
57 0.00390416
58 0.00390283
59 0.00390419
60 0.00390286
61 0.00390425
62 0.00390291
63 0.00390433
64 0.00390298
65 0.00390433
66 0.00390291
67 0.00390437
68 0.00390297
69 0.00390444
70 0.003903
71 0.00390437
72 0.00390302
73 0.00390439
74 0.00390305
75 0.00390444
76 0.00390308
77 0.00390451
78 0.00390315
79 0.00390454
80 0.00390319
81 0.00390459
82 0.00390325
83 0.00390462
84 0.00390328
85 0.00390471
86 0.00390338
87 0.00390472
88 0.00390337
89 0.00390481
90 0.00390342
91 0.00390484
92 0.00390348
93 0.00390492
94 0.0039036
95 0.00390501
96 0.0039037
97 0.00390507
98 0.00390363
99 0.0039051
100 0.00390371
101 0.00390516
102 0.00390378
103 0.00390524
104 0.00390386
105 0.00390527
106 0.00390379
107 0.0039053
108 0.00390393
109 0.00390535
110 0.00390401
111 0.00390543
112 0.0039041
113 0.00390548
114 0.00390416
115 0.00390554
116 0.00390418
117 0.00390559
118 0.00390426
119 0.00390568
120 0.00390439
121 0.00390574
122 0.00390443
123 0.00390583
124 0.0039045
125 0.0039059
126 0.0039046
127 0.00390601
128 0.00390502
129 0.00390605
130 0.00390471
131 0.00390604
132 0.00390477
133 0.00390618
134 0.00390482
135 0.00390623
136 0.00390493
137 0.00390636
138 0.00390503
139 0.00390636
140 0.00390509
141 0.00390645
142 0.00390519
143 0.00390653
144 0.00390537
145 0.00390662
146 0.00390534
147 0.00390671
148 0.00390543
149 0.00390677
150 0.00390548
151 0.0039068
152 0.00390554
153 0.00390689
154 0.00390564
155 0.00390697
156 0.00390568
157 0.00390705
158 0.00390581
159 0.00390702
160 0.00390592
161 0.00390718
162 0.00390592
163 0.00390726
164 0.00390593
165 0.00390728
166 0.00390607
167 0.00390738
168 0.00390613
169 0.00390747
170 0.00390623
171 0.00390756
172 0.00390628
173 0.00390761
174 0.0039064
175 0.0039077
176 0.00390653
177 0.00390778
178 0.00390659
179 0.0039079
180 0.00390669
181 0.00390795
182 0.00390678
183 0.00390808
184 0.00390691
185 0.00390816
186 0.003907
187 0.0039083
188 0.00390711
189 0.00390837
190 0.00390723
191 0.00390852
192 0.00390739
193 0.00390864
194 0.00390743
195 0.00390872
196 0.00390753
197 0.00390873
198 0.00390763
199 0.00390889
200 0.00390774
201 0.00390899
202 0.00390785
203 0.00390908
204 0.00390794
205 0.00390916
206 0.00390804
207 0.00390927
208 0.00390823
209 0.00390941
210 0.00390829
211 0.00390944
212 0.00390835
213 0.00390957
214 0.00390847
215 0.00390967
216 0.00390856
217 0.00390976
218 0.00390865
219 0.0039098
220 0.00390871
221 0.00390992
222 0.00390885
223 0.00390996
224 0.0039089
225 0.00390941
226 0.00390894
227 0.00390949
228 0.00390903
229 0.00390958
230 0.00390904
231 0.00390968
232 0.00390922
233 0.00390977
234 0.00390936
235 0.00390987
236 0.00390947
237 0.00391006
238 0.00390965
239 0.00391022
240 0.00390994
241 0.00391102
242 0.00391075
243 0.00391125
244 0.00391091
245 0.0039114
246 0.00391115
247 0.00391161
248 0.00391137
249 0.0039118
250 0.00391167
251 0.00391206
252 0.0039119
253 0.00391228
254 0.0039122
255 0.00391266
