0 0.00391629
1 0.00390433
2 0.00390439
3 0.00390439
4 0.00390457
5 0.00390443
6 0.00390447
7 0.00390448
8 0.0039045
9 0.00390451
10 0.00390453
11 0.00390455
12 0.00390456
13 0.00390458
14 0.0039046
15 0.0039046
16 0.00390465
17 0.00390466
18 0.00390466
19 0.00390466
20 0.00390467
21 0.00390468
22 0.00390474
23 0.00390474
24 0.00390476
25 0.00390475
26 0.00390477
27 0.0039048
28 0.00390482
29 0.00390483
30 0.00390484
31 0.00390484
32 0.00390492
33 0.00390488
34 0.00390492
35 0.00390493
36 0.00390495
37 0.00390496
38 0.00390495
39 0.00390497
40 0.003905
41 0.00390501
42 0.00390503
43 0.00390504
44 0.00390507
45 0.00390507
46 0.0039051
47 0.0039051
48 0.00390516
49 0.00390515
50 0.0039052
51 0.00390516
52 0.00390516
53 0.0039052
54 0.00390521
55 0.00390523
56 0.00390524
57 0.00390525
58 0.00390527
59 0.00390529
60 0.00390531
61 0.00390533
62 0.00390532
63 0.00390536
64 0.00390547
65 0.00390538
66 0.0039054
67 0.00390543
68 0.00390541
69 0.00390542
70 0.00390544
71 0.00390545
72 0.00390547
73 0.0039055
74 0.00390551
75 0.00390553
76 0.00390552
77 0.00390556
78 0.00390556
79 0.00390557
80 0.00390562
81 0.0039056
82 0.00390561
83 0.00390563
84 0.00390565
85 0.00390565
86 0.00390566
87 0.00390567
88 0.0039057
89 0.0039057
90 0.00390571
91 0.00390574
92 0.00390574
93 0.00390576
94 0.00390577
95 0.00390581
96 0.00390582
97 0.00390586
98 0.00390549
99 0.00391224
100 0.00390456
101 0.00390461
102 0.00390462
103 0.0039046
104 0.00390462
105 0.00390465
106 0.00390468
107 0.00390469
108 0.00390474
109 0.00390476
110 0.00390477
111 0.0039048
112 0.00390483
113 0.00390483
114 0.00390487
115 0.00390487
116 0.00390492
117 0.00390492
118 0.00390494
119 0.00390497
120 0.00390499
121 0.00390502
122 0.00390502
123 0.00390507
124 0.00390511
125 0.00390508
126 0.00390511
127 0.00390517
128 0.00390531
129 0.00390526
130 0.00390522
131 0.00390525
132 0.00390529
133 0.00390531
134 0.0039053
135 0.00390537
136 0.00390538
137 0.0039054
138 0.00390541
139 0.00390545
140 0.00390551
141 0.0039055
142 0.00390553
143 0.00390556
144 0.00390559
145 0.00390561
146 0.00390563
147 0.00390566
148 0.0039057
149 0.00390573
150 0.00390574
151 0.00390578
152 0.0039058
153 0.00390583
154 0.00390587
155 0.0039059
156 0.00390589
157 0.00390595
158 0.00390597
159 0.00390601
160 0.00390606
161 0.0039061
162 0.00390614
163 0.00390617
164 0.00390618
165 0.00390622
166 0.00390627
167 0.00390629
168 0.00390634
169 0.00390638
170 0.00390638
171 0.00390641
172 0.00390643
173 0.0039065
174 0.00390652
175 0.00390654
176 0.0039066
177 0.00390657
178 0.00390669
179 0.00390667
180 0.00390672
181 0.00390676
182 0.00390678
183 0.0039068
184 0.00390686
185 0.00390687
186 0.00390693
187 0.00390695
188 0.003907
189 0.00390703
190 0.00390706
191 0.0039071
192 0.00390717
193 0.00390719
194 0.00390722
195 0.00390726
196 0.00390731
197 0.00390734
198 0.00390737
199 0.00390741
200 0.00390745
201 0.00390747
202 0.00390751
203 0.00390756
204 0.00390762
205 0.00390764
206 0.00390769
207 0.00390776
208 0.00390779
209 0.00390782
210 0.00390785
211 0.00390792
212 0.00390796
213 0.00390798
214 0.00390801
215 0.00390807
216 0.00390811
217 0.00390815
218 0.0039082
219 0.00390823
220 0.00390828
221 0.00390833
222 0.00390838
223 0.00390841
224 0.00390848
225 0.00390852
226 0.00390857
227 0.00390857
228 0.00390869
229 0.0039087
230 0.00390873
231 0.00390879
232 0.00390886
233 0.00390887
234 0.00390895
235 0.00390899
236 0.00390904
237 0.00390909
238 0.00390914
239 0.0039092
240 0.00390924
241 0.00390928
242 0.00390935
243 0.0039094
244 0.00390945
245 0.0039095
246 0.00390955
247 0.00390959
248 0.00390966
249 0.00390972
250 0.00390977
251 0.00390981
252 0.00390988
253 0.00390993
254 0.00390998
255 0.00391006
