0 0.00392289
1 0.00390466
2 0.00390424
3 0.00390425
4 0.00390456
5 0.00390437
6 0.00390445
7 0.00390444
8 0.00390449
9 0.00390446
10 0.00390454
11 0.00390453
12 0.00390457
13 0.00390458
14 0.0039046
15 0.00390513
16 0.00390601
17 0.00390457
18 0.00390488
19 0.00390471
20 0.00390477
21 0.00390475
22 0.00390481
23 0.00390478
24 0.00390484
25 0.00390484
26 0.00390487
27 0.00390493
28 0.00390495
29 0.00390493
30 0.00390501
31 0.00390491
32 0.00390442
33 0.00392259
34 0.00390289
35 0.00390274
36 0.00390293
37 0.00390274
38 0.00390295
39 0.0039028
40 0.00390301
41 0.00390284
42 0.00390307
43 0.0039029
44 0.00390312
45 0.00390294
46 0.00390318
47 0.0039032
48 0.00390327
49 0.00390337
50 0.00390325
51 0.00390307
52 0.00390328
53 0.00390313
54 0.00390333
55 0.00390317
56 0.0039034
57 0.00390321
58 0.00390345
59 0.00390326
60 0.0039035
61 0.0039033
62 0.00390355
63 0.00390333
64 0.00390364
65 0.00390342
66 0.00390371
67 0.00390352
68 0.00390374
69 0.00390352
70 0.00390377
71 0.00390356
72 0.0039038
73 0.00390363
74 0.00390386
75 0.00390365
76 0.00390389
77 0.0039037
78 0.00390394
79 0.00390378
80 0.00390402
81 0.00390377
82 0.00390404
83 0.00390384
84 0.00390407
85 0.00390386
86 0.00390411
87 0.00390392
88 0.0039042
89 0.00390397
90 0.00390423
91 0.00390403
92 0.0039043
93 0.00390411
94 0.00390433
95 0.00390417
96 0.00390443
97 0.00390424
98 0.00390439
99 0.00390426
100 0.0039045
101 0.00390431
102 0.00390457
103 0.00390436
104 0.00390462
105 0.00390443
106 0.00390469
107 0.0039045
108 0.00390475
109 0.00390458
110 0.00390481
111 0.00390463
112 0.00390489
113 0.00390469
114 0.00390492
115 0.00390472
116 0.00390499
117 0.00390482
118 0.00390505
119 0.00390486
120 0.00390508
121 0.00390492
122 0.00390517
123 0.00390499
124 0.00390522
125 0.00390506
126 0.0039053
127 0.00390517
128 0.00390567
129 0.00390516
130 0.00390544
131 0.00390523
132 0.00390548
133 0.00390529
134 0.00390553
135 0.00390537
136 0.0039056
137 0.00390541
138 0.00390568
139 0.0039055
140 0.00390576
141 0.00390559
142 0.00390581
143 0.00390568
144 0.00390594
145 0.0039058
146 0.00390598
147 0.00390579
148 0.00390605
149 0.00390586
150 0.00390612
151 0.00390594
152 0.00390622
153 0.00390604
154 0.00390627
155 0.00390611
156 0.00390633
157 0.00390619
158 0.00390636
159 0.00390626
160 0.00390652
161 0.00390627
162 0.00390654
163 0.0039064
164 0.0039066
165 0.00390648
166 0.00390667
167 0.00390658
168 0.00390676
169 0.00390666
170 0.00390683
171 0.00390671
172 0.00390692
173 0.00390682
174 0.00390698
175 0.00390691
176 0.00390717
177 0.00390702
178 0.00390721
179 0.0039071
180 0.0039073
181 0.00390722
182 0.00390741
183 0.0039073
184 0.00390751
185 0.00390739
186 0.00390765
187 0.00390752
188 0.0039077
189 0.00390761
190 0.00390781
191 0.00390769
192 0.00390793
193 0.00390789
194 0.00390805
195 0.0039079
196 0.00390818
197 0.003908
198 0.00390828
199 0.00390812
200 0.0039084
201 0.00390825
202 0.00390851
203 0.00390834
204 0.00390862
205 0.00390847
206 0.00390873
207 0.00390855
208 0.00390882
209 0.00390856
210 0.00390884
211 0.00390871
212 0.00390896
213 0.0039088
214 0.00390905
215 0.00390891
216 0.00390916
217 0.00390902
218 0.00390926
219 0.00390915
220 0.00390942
221 0.00390927
222 0.00390955
223 0.00390954
224 0.00391001
225 0.00391054
226 0.00390976
227 0.00390979
228 0.00391
229 0.00390991
230 0.00391011
231 0.00391
232 0.00391019
233 0.00391016
234 0.0039104
235 0.0039103
236 0.00391054
237 0.00391045
238 0.00391071
239 0.00391069
240 0.00391107
241 0.0039108
242 0.00391101
243 0.00391091
244 0.00391123
245 0.0039111
246 0.00391134
247 0.00391122
248 0.0039115
249 0.00391136
250 0.00391163
251 0.00391147
252 0.00391185
253 0.00391165
254 0.00391201
255 0.00391184
