0 0.00391024
1 0.00390552
2 0.00390551
3 0.00390552
4 0.00390556
5 0.00390555
6 0.00390555
7 0.00390553
8 0.00390553
9 0.00390555
10 0.00390558
11 0.00390558
12 0.00390557
13 0.0039056
14 0.00390559
15 0.0039056
16 0.00390561
17 0.00390561
18 0.00390563
19 0.00390563
20 0.00390563
21 0.00390565
22 0.00390567
23 0.00390565
24 0.00390567
25 0.00390567
26 0.00390568
27 0.00390568
28 0.00390568
29 0.00390571
30 0.00390574
31 0.00390573
32 0.00390573
33 0.00390573
34 0.00390573
35 0.00390574
36 0.00390574
37 0.00390578
38 0.00390575
39 0.00390577
40 0.00390577
41 0.00390578
42 0.00390579
43 0.00390582
44 0.0039058
45 0.0039058
46 0.00390583
47 0.00390582
48 0.00390583
49 0.00390583
50 0.00390583
51 0.00390585
52 0.00390585
53 0.00390587
54 0.00390589
55 0.00390587
56 0.00390587
57 0.0039059
58 0.00390587
59 0.00390591
60 0.00390591
61 0.00390591
62 0.00390592
63 0.00390593
64 0.00390594
65 0.00390593
66 0.00390595
67 0.00390594
68 0.00390596
69 0.00390595
70 0.00390598
71 0.003906
72 0.00390599
73 0.00390601
74 0.003906
75 0.00390602
76 0.00390603
77 0.00390603
78 0.00390602
79 0.00390604
80 0.00390605
81 0.00390604
82 0.00390606
83 0.00390607
84 0.00390608
85 0.00390607
86 0.00390607
87 0.00390609
88 0.00390611
89 0.00390611
90 0.0039061
91 0.00390611
92 0.0039061
93 0.00390612
94 0.00390611
95 0.00390611
96 0.00390613
97 0.00390613
98 0.00390617
99 0.00390615
100 0.00390615
101 0.00390616
102 0.00390619
103 0.00390619
104 0.00390619
105 0.00390619
106 0.00390619
107 0.00390621
108 0.00390621
109 0.00390621
110 0.00390622
111 0.00390623
112 0.00390625
113 0.00390625
114 0.00390624
115 0.00390623
116 0.00390627
117 0.00390627
118 0.00390627
119 0.00390627
120 0.00390628
121 0.00390633
122 0.00390628
123 0.00390629
124 0.00390631
125 0.00390631
126 0.00390631
127 0.00390631
128 0.00390633
129 0.00390632
130 0.00390633
131 0.00390634
132 0.00390634
133 0.00390635
134 0.00390634
135 0.00390635
136 0.00390636
137 0.00390635
138 0.00390635
139 0.00390637
140 0.00390638
141 0.00390638
142 0.00390639
143 0.00390638
144 0.00390637
145 0.00390639
146 0.0039064
147 0.0039064
148 0.00390638
149 0.00390639
150 0.0039064
151 0.0039064
152 0.0039064
153 0.00390641
154 0.00390644
155 0.00390641
156 0.00390643
157 0.00390643
158 0.00390643
159 0.00390643
160 0.00390644
161 0.00390642
162 0.00390644
163 0.00390643
164 0.00390645
165 0.00390643
166 0.00390643
167 0.00390644
168 0.00390644
169 0.00390645
170 0.00390649
171 0.00390646
172 0.00390648
173 0.00390646
174 0.00390647
175 0.00390644
176 0.00390648
177 0.00390647
178 0.00390646
179 0.00390645
180 0.00390647
181 0.00390645
182 0.00390645
183 0.00390644
184 0.00390645
185 0.00390648
186 0.00390646
187 0.00390645
188 0.00390647
189 0.00390647
190 0.00390646
191 0.00390646
192 0.00390645
193 0.00390647
194 0.00390646
195 0.00390645
196 0.00390645
197 0.00390644
198 0.00390644
199 0.00390641
200 0.00390644
201 0.00390643
202 0.00390643
203 0.00390644
204 0.00390645
205 0.00390642
206 0.00390642
207 0.00390642
208 0.0039064
209 0.00390643
210 0.00390643
211 0.00390642
212 0.00390639
213 0.00390637
214 0.00390639
215 0.00390637
216 0.00390638
217 0.00390637
218 0.00390638
219 0.00390635
220 0.00390637
221 0.00390636
222 0.00390636
223 0.00390634
224 0.00390633
225 0.00390634
226 0.00390634
227 0.00390633
228 0.0039063
229 0.00390626
230 0.0039063
231 0.00390629
232 0.00390629
233 0.00390626
234 0.00390627
235 0.00390627
236 0.00390626
237 0.00390626
238 0.00390621
239 0.00390625
240 0.0039061
241 0.00390655
242 0.00390753
243 0.00390759
244 0.00390759
245 0.00390763
246 0.00390762
247 0.00390766
248 0.00390767
249 0.00390772
250 0.00390772
251 0.00390774
252 0.00390778
253 0.00390781
254 0.0039078
255 0.00390782
