0 0.00392537
1 0.00390436
2 0.00390434
3 0.00390436
4 0.00390469
5 0.00390451
6 0.00390462
7 0.00390466
8 0.00390462
9 0.00390459
10 0.00390467
11 0.00390485
12 0.003904
13 0.00392806
14 0.00390221
15 0.00390233
16 0.00390233
17 0.00390231
18 0.00390233
19 0.00390237
20 0.00390237
21 0.0039024
22 0.00390242
23 0.00390243
24 0.0039025
25 0.00390253
26 0.00390254
27 0.00390253
28 0.00390257
29 0.0039026
30 0.00390253
31 0.0039031
32 0.00390274
33 0.00390266
34 0.00390273
35 0.00390272
36 0.00390278
37 0.00390276
38 0.0039028
39 0.00390284
40 0.00390288
41 0.00390288
42 0.00390293
43 0.00390293
44 0.00390301
45 0.003903
46 0.00390295
47 0.00390312
48 0.00390308
49 0.00390309
50 0.00390312
51 0.00390312
52 0.00390316
53 0.00390318
54 0.00390319
55 0.00390322
56 0.00390327
57 0.00390327
58 0.00390331
59 0.00390334
60 0.00390341
61 0.00390335
62 0.00390338
63 0.00390342
64 0.0039035
65 0.00390351
66 0.00390353
67 0.00390352
68 0.00390356
69 0.00390357
70 0.00390359
71 0.00390363
72 0.00390366
73 0.00390369
74 0.00390372
75 0.0039037
76 0.00390378
77 0.00390376
78 0.0039038
79 0.00390382
80 0.00390387
81 0.00390387
82 0.00390389
83 0.00390394
84 0.00390397
85 0.00390398
86 0.00390401
87 0.00390402
88 0.00390408
89 0.00390409
90 0.00390412
91 0.00390414
92 0.00390418
93 0.00390422
94 0.00390413
95 0.00390425
96 0.00390428
97 0.00390431
98 0.00390433
99 0.00390436
100 0.0039044
101 0.00390442
102 0.00390445
103 0.00390446
104 0.0039045
105 0.00390455
106 0.00390456
107 0.00390459
108 0.00390464
109 0.00390465
110 0.00390469
111 0.00390474
112 0.00390475
113 0.00390479
114 0.00390482
115 0.00390486
116 0.0039049
117 0.00390493
118 0.00390496
119 0.00390499
120 0.00390503
121 0.00390507
122 0.00390512
123 0.00390512
124 0.00390518
125 0.00390519
126 0.00390523
127 0.00390533
128 0.00390566
129 0.00390534
130 0.00390537
131 0.00390539
132 0.00390544
133 0.00390546
134 0.00390548
135 0.00390566
136 0.00390558
137 0.00390563
138 0.00390568
139 0.00390575
140 0.00390581
141 0.00390571
142 0.00390589
143 0.00390588
144 0.00390593
145 0.00390596
146 0.00390598
147 0.00390604
148 0.00390607
149 0.00390611
150 0.00390615
151 0.00390622
152 0.00390624
153 0.00390627
154 0.00390632
155 0.00390637
156 0.0039064
157 0.00390644
158 0.00390648
159 0.00390656
160 0.00390658
161 0.00390664
162 0.00390665
163 0.00390671
164 0.00390676
165 0.00390681
166 0.00390685
167 0.00390691
168 0.00390694
169 0.00390696
170 0.00390702
171 0.00390707
172 0.00390712
173 0.00390718
174 0.00390723
175 0.0039073
176 0.00390734
177 0.00390737
178 0.00390741
179 0.00390748
180 0.00390753
181 0.00390756
182 0.00390759
183 0.00390768
184 0.00390772
185 0.00390778
186 0.00390783
187 0.00390787
188 0.00390794
189 0.00390795
190 0.00390804
191 0.00390817
192 0.0039082
193 0.00390823
194 0.00390825
195 0.00390829
196 0.0039084
197 0.00390844
198 0.00390848
199 0.00390852
200 0.00390861
201 0.00390868
202 0.00390874
203 0.00390881
204 0.00390891
205 0.0039089
206 0.003909
207 0.00390912
208 0.00390911
209 0.00390918
210 0.00390921
211 0.00390925
212 0.0039093
213 0.00390936
214 0.00390942
215 0.00390949
216 0.00390958
217 0.00390962
218 0.00390966
219 0.00390977
220 0.00390985
221 0.00390986
222 0.00391019
223 0.00391021
224 0.00391026
225 0.0039102
226 0.00391029
227 0.00391027
228 0.0039104
229 0.00391041
230 0.00391051
231 0.00391052
232 0.00391065
233 0.00391065
234 0.00391083
235 0.0039108
236 0.00391098
237 0.00391089
238 0.00391063
239 0.00391198
240 0.00391138
241 0.00391136
242 0.00391142
243 0.00391152
244 0.00391158
245 0.00391165
246 0.0039118
247 0.00391188
248 0.00391192
249 0.00391204
250 0.0039121
251 0.00391223
252 0.00391228
253 0.00391237
254 0.00391248
255 0.00391272
