0 0.00391497
1 0.00390446
2 0.00390447
3 0.00390446
4 0.00390459
5 0.00390452
6 0.00390452
7 0.00390455
8 0.00390457
9 0.0039046
10 0.00390461
11 0.00390462
12 0.00390464
13 0.00390466
14 0.00390467
15 0.00390466
16 0.0039047
17 0.00390472
18 0.00390473
19 0.00390473
20 0.00390475
21 0.00390475
22 0.00390478
23 0.0039048
24 0.00390479
25 0.00390481
26 0.00390485
27 0.00390485
28 0.00390486
29 0.00390488
30 0.00390489
31 0.0039049
32 0.00390495
33 0.00390491
34 0.00390493
35 0.00390495
36 0.00390497
37 0.003905
38 0.003905
39 0.003905
40 0.00390505
41 0.00390505
42 0.00390505
43 0.00390506
44 0.00390508
45 0.0039051
46 0.00390511
47 0.00390512
48 0.00390515
49 0.00390517
50 0.00390517
51 0.00390518
52 0.00390518
53 0.00390519
54 0.00390521
55 0.00390527
56 0.00390525
57 0.00390525
58 0.00390528
59 0.0039052
60 0.00390531
61 0.00390533
62 0.00390532
63 0.00390534
64 0.00390541
65 0.00390537
66 0.00390539
67 0.00390541
68 0.00390541
69 0.0039054
70 0.00390545
71 0.00390542
72 0.00390547
73 0.00390547
74 0.00390549
75 0.0039055
76 0.0039055
77 0.0039055
78 0.00390553
79 0.00390553
80 0.00390556
81 0.00390556
82 0.00390558
83 0.00390559
84 0.00390561
85 0.00390563
86 0.00390564
87 0.00390564
88 0.00390567
89 0.00390566
90 0.00390569
91 0.00390568
92 0.0039057
93 0.00390571
94 0.00390571
95 0.00390574
96 0.00390576
97 0.00390575
98 0.00390576
99 0.00390577
100 0.00390579
101 0.00390581
102 0.00390578
103 0.00390581
104 0.00390583
105 0.00390585
106 0.00390586
107 0.00390586
108 0.00390588
109 0.0039059
110 0.0039059
111 0.00390591
112 0.00390593
113 0.00390593
114 0.00390594
115 0.00390594
116 0.00390601
117 0.00390567
118 0.00391062
119 0.00390504
120 0.00390505
121 0.00390507
122 0.00390507
123 0.00390509
124 0.00390512
125 0.00390514
126 0.00390516
127 0.00390521
128 0.00390533
129 0.00390523
130 0.00390527
131 0.00390526
132 0.0039053
133 0.00390534
134 0.00390534
135 0.00390538
136 0.00390539
137 0.00390542
138 0.00390543
139 0.00390547
140 0.00390549
141 0.00390554
142 0.00390555
143 0.00390559
144 0.0039056
145 0.00390565
146 0.00390567
147 0.00390568
148 0.00390573
149 0.00390574
150 0.00390575
151 0.00390579
152 0.00390583
153 0.00390585
154 0.00390587
155 0.00390589
156 0.00390593
157 0.00390597
158 0.00390596
159 0.003906
160 0.00390601
161 0.00390605
162 0.00390608
163 0.0039061
164 0.0039061
165 0.00390618
166 0.0039062
167 0.00390623
168 0.00390626
169 0.00390628
170 0.00390629
171 0.00390633
172 0.00390636
173 0.00390639
174 0.00390642
175 0.00390644
176 0.0039065
177 0.00390651
178 0.00390653
179 0.00390656
180 0.00390659
181 0.00390663
182 0.00390667
183 0.00390671
184 0.00390673
185 0.00390677
186 0.00390679
187 0.00390679
188 0.00390686
189 0.00390689
190 0.00390692
191 0.00390694
192 0.00390699
193 0.00390703
194 0.00390708
195 0.00390709
196 0.00390713
197 0.00390716
198 0.00390718
199 0.00390722
200 0.00390727
201 0.00390731
202 0.00390733
203 0.00390737
204 0.00390742
205 0.00390744
206 0.00390748
207 0.00390751
208 0.00390758
209 0.00390761
210 0.00390764
211 0.00390768
212 0.0039077
213 0.00390776
214 0.00390779
215 0.00390783
216 0.00390787
217 0.00390791
218 0.00390795
219 0.00390799
220 0.00390801
221 0.00390807
222 0.00390812
223 0.00390816
224 0.0039082
225 0.00390824
226 0.0039083
227 0.00390832
228 0.00390836
229 0.00390841
230 0.00390845
231 0.00390849
232 0.00390854
233 0.00390858
234 0.00390863
235 0.00390866
236 0.00390872
237 0.00390875
238 0.00390881
239 0.00390887
240 0.00390889
241 0.00390894
242 0.00390901
243 0.00390906
244 0.00390908
245 0.00390916
246 0.00390918
247 0.00390927
248 0.00390928
249 0.00390934
250 0.00390939
251 0.00390942
252 0.00390949
253 0.00390953
254 0.00390958
255 0.00390964
