0 0.00392411
1 0.00390431
2 0.0039043
3 0.0039043
4 0.00390461
5 0.00390443
6 0.00390449
7 0.00390462
8 0.00390456
9 0.00390454
10 0.00390457
11 0.0039044
12 0.00390463
13 0.00390465
14 0.00390466
15 0.00390472
16 0.00390475
17 0.00390476
18 0.00390475
19 0.0039048
20 0.00390495
21 0.0039041
22 0.00392542
23 0.00390249
24 0.00390258
25 0.00390253
26 0.00390256
27 0.00390261
28 0.00390259
29 0.00390266
30 0.00390263
31 0.00390249
32 0.00390271
33 0.00390278
34 0.00390272
35 0.00390282
36 0.00390277
37 0.00390289
38 0.0039028
39 0.00390289
40 0.00390287
41 0.00390295
42 0.00390291
43 0.003903
44 0.00390299
45 0.00390304
46 0.00390303
47 0.00390313
48 0.0039031
49 0.00390313
50 0.00390315
51 0.00390318
52 0.00390316
53 0.00390323
54 0.00390323
55 0.00390329
56 0.00390326
57 0.00390331
58 0.00390334
59 0.00390336
60 0.00390336
61 0.00390343
62 0.00390341
63 0.00390344
64 0.0039035
65 0.00390352
66 0.00390353
67 0.00390357
68 0.00390356
69 0.00390362
70 0.00390363
71 0.00390363
72 0.00390366
73 0.0039037
74 0.0039037
75 0.00390375
76 0.00390377
77 0.00390381
78 0.00390381
79 0.00390385
80 0.00390386
81 0.00390391
82 0.00390391
83 0.00390399
84 0.00390398
85 0.00390403
86 0.00390402
87 0.00390406
88 0.00390406
89 0.0039041
90 0.00390411
91 0.00390417
92 0.00390417
93 0.00390422
94 0.00390423
95 0.00390427
96 0.00390431
97 0.00390435
98 0.00390435
99 0.00390441
100 0.00390433
101 0.00390445
102 0.00390444
103 0.00390446
104 0.00390449
105 0.00390457
106 0.00390455
107 0.00390461
108 0.00390462
109 0.00390465
110 0.00390469
111 0.00390475
112 0.00390474
113 0.00390481
114 0.00390481
115 0.00390486
116 0.00390502
117 0.00390493
118 0.0039049
119 0.00390497
120 0.00390499
121 0.00390504
122 0.00390505
123 0.00390516
124 0.0039052
125 0.00390533
126 0.00390525
127 0.00390536
128 0.00390569
129 0.0039053
130 0.00390532
131 0.00390538
132 0.00390538
133 0.00390541
134 0.00390544
135 0.00390547
136 0.00390547
137 0.00390561
138 0.00390553
139 0.00390553
140 0.00390561
141 0.00390565
142 0.00390569
143 0.00390582
144 0.00390576
145 0.00390644
146 0.0039059
147 0.00390596
148 0.00390597
149 0.00390609
150 0.00390599
151 0.00390616
152 0.00390618
153 0.00390623
154 0.00390623
155 0.00390631
156 0.00390629
157 0.00390637
158 0.0039064
159 0.00390648
160 0.00390653
161 0.00390656
162 0.00390659
163 0.00390664
164 0.00390667
165 0.00390673
166 0.00390675
167 0.0039068
168 0.00390683
169 0.0039069
170 0.00390694
171 0.00390699
172 0.00390701
173 0.00390708
174 0.0039071
175 0.00390718
176 0.00390724
177 0.00390726
178 0.00390732
179 0.00390734
180 0.00390739
181 0.00390746
182 0.00390747
183 0.00390759
184 0.00390758
185 0.00390766
186 0.00390768
187 0.00390776
188 0.00390779
189 0.00390784
190 0.00390789
191 0.00390798
192 0.00390803
193 0.00390808
194 0.00390809
195 0.00390816
196 0.00390821
197 0.00390825
198 0.00390832
199 0.00390843
200 0.00390844
201 0.00390854
202 0.00390855
203 0.00390859
204 0.00390866
205 0.00390874
206 0.00390881
207 0.00390886
208 0.00390893
209 0.003909
210 0.00390903
211 0.00390911
212 0.00390918
213 0.00390928
214 0.00390926
215 0.00390932
216 0.00390936
217 0.00390951
218 0.00390953
219 0.00390961
220 0.00390965
221 0.00390968
222 0.00390978
223 0.00390984
224 0.00390992
225 0.00391002
226 0.00391002
227 0.0039101
228 0.00391021
229 0.00391026
230 0.00391032
231 0.00391057
232 0.00391036
233 0.00391049
234 0.00391062
235 0.00391064
236 0.00391073
237 0.00391079
238 0.00391091
239 0.00391093
240 0.00391102
241 0.00391112
242 0.00391124
243 0.00391121
244 0.00391143
245 0.00391135
246 0.00391164
247 0.00391265
248 0.00391156
249 0.00391183
250 0.00391182
251 0.00391191
252 0.00391197
253 0.00391209
254 0.00391216
255 0.00391228
