0 0.00391789
1 0.00390429
2 0.0039043
3 0.00390432
4 0.00390451
5 0.00390436
6 0.00390442
7 0.00390444
8 0.00390446
9 0.00390445
10 0.00390447
11 0.00390451
12 0.00390451
13 0.00390453
14 0.00390457
15 0.00390457
16 0.00390447
17 0.00390464
18 0.00390462
19 0.00390462
20 0.00390465
21 0.0039047
22 0.00390472
23 0.00390475
24 0.00390475
25 0.0039047
26 0.00390474
27 0.00390481
28 0.0039048
29 0.00390479
30 0.00390487
31 0.00390485
32 0.0039048
33 0.0039049
34 0.0039049
35 0.00390492
36 0.00390495
37 0.00390493
38 0.00390496
39 0.00390502
40 0.00390506
41 0.00390503
42 0.00390505
43 0.00390507
44 0.00390507
45 0.00390506
46 0.00390511
47 0.00390513
48 0.00390512
49 0.00390517
50 0.0039052
51 0.00390522
52 0.0039052
53 0.00390523
54 0.00390523
55 0.00390526
56 0.00390525
57 0.00390531
58 0.0039053
59 0.0039053
60 0.00390531
61 0.00390537
62 0.00390534
63 0.0039054
64 0.0039057
65 0.00390544
66 0.00390545
67 0.00390546
68 0.00390545
69 0.00390549
70 0.00390552
71 0.00390552
72 0.00390553
73 0.00390555
74 0.00390556
75 0.00390558
76 0.00390564
77 0.00390567
78 0.00390524
79 0.00391455
80 0.00390428
81 0.00390412
82 0.00390411
83 0.00390414
84 0.00390414
85 0.00390417
86 0.00390419
87 0.00390423
88 0.00390422
89 0.00390425
90 0.00390428
91 0.0039043
92 0.00390433
93 0.00390437
94 0.00390438
95 0.00390439
96 0.00390442
97 0.00390445
98 0.00390445
99 0.00390447
100 0.00390449
101 0.00390451
102 0.00390453
103 0.00390456
104 0.00390457
105 0.00390462
106 0.00390463
107 0.00390466
108 0.00390469
109 0.0039047
110 0.00390474
111 0.00390475
112 0.00390478
113 0.0039048
114 0.00390482
115 0.00390485
116 0.00390486
117 0.0039049
118 0.00390491
119 0.00390495
120 0.00390497
121 0.003905
122 0.00390502
123 0.00390506
124 0.00390506
125 0.0039051
126 0.00390515
127 0.00390515
128 0.00390539
129 0.00390521
130 0.00390523
131 0.00390525
132 0.00390526
133 0.00390531
134 0.00390533
135 0.00390536
136 0.00390538
137 0.0039054
138 0.00390538
139 0.00390544
140 0.00390547
141 0.0039055
142 0.00390554
143 0.00390557
144 0.00390561
145 0.00390564
146 0.00390566
147 0.0039057
148 0.0039057
149 0.00390574
150 0.00390578
151 0.0039058
152 0.00390584
153 0.00390589
154 0.0039059
155 0.00390592
156 0.00390595
157 0.003906
158 0.00390602
159 0.00390607
160 0.00390611
161 0.00390612
162 0.00390617
163 0.0039062
164 0.00390622
165 0.00390626
166 0.0039063
167 0.00390633
168 0.00390638
169 0.0039064
170 0.00390642
171 0.00390649
172 0.00390652
173 0.00390654
174 0.00390659
175 0.00390664
176 0.00390668
177 0.00390673
178 0.00390672
179 0.00390678
180 0.00390684
181 0.00390688
182 0.00390691
183 0.00390697
184 0.003907
185 0.00390704
186 0.00390708
187 0.00390712
188 0.00390713
189 0.00390721
190 0.00390723
191 0.00390726
192 0.00390736
193 0.00390735
194 0.0039074
195 0.00390745
196 0.00390748
197 0.00390752
198 0.00390756
199 0.00390761
200 0.00390765
201 0.0039077
202 0.00390773
203 0.00390776
204 0.00390782
205 0.00390788
206 0.00390793
207 0.00390795
208 0.00390805
209 0.00390807
210 0.0039081
211 0.00390816
212 0.00390822
213 0.00390826
214 0.00390832
215 0.00390836
216 0.00390839
217 0.00390846
218 0.00390849
219 0.00390854
220 0.00390861
221 0.00390866
222 0.00390871
223 0.00390877
224 0.00390883
225 0.00390886
226 0.0039089
227 0.00390898
228 0.00390901
229 0.00390903
230 0.00390913
231 0.00390919
232 0.00390923
233 0.00390927
234 0.00390932
235 0.00390939
236 0.00390944
237 0.0039095
238 0.00390956
239 0.00390962
240 0.00390971
241 0.00390973
242 0.00390975
243 0.00390986
244 0.0039099
245 0.00390997
246 0.00390999
247 0.00391007
248 0.00391012
249 0.00391018
250 0.00391024
251 0.00391032
252 0.00391038
253 0.00391039
254 0.00391051
255 0.00391061
