0 0.00391029
1 0.00390547
2 0.00390548
3 0.0039055
4 0.00390552
5 0.0039055
6 0.00390553
7 0.00390551
8 0.00390554
9 0.00390554
10 0.00390552
11 0.00390554
12 0.00390555
13 0.00390556
14 0.00390556
15 0.00390556
16 0.00390558
17 0.00390559
18 0.0039056
19 0.00390562
20 0.00390562
21 0.00390561
22 0.00390564
23 0.00390563
24 0.00390563
25 0.00390565
26 0.00390567
27 0.00390567
28 0.00390568
29 0.00390567
30 0.00390568
31 0.00390568
32 0.0039057
33 0.00390572
34 0.00390571
35 0.00390573
36 0.00390574
37 0.00390573
38 0.00390572
39 0.00390575
40 0.00390575
41 0.00390577
42 0.00390576
43 0.00390577
44 0.00390578
45 0.0039058
46 0.0039058
47 0.0039058
48 0.00390583
49 0.00390583
50 0.00390582
51 0.00390584
52 0.00390582
53 0.00390585
54 0.00390586
55 0.00390585
56 0.00390586
57 0.00390587
58 0.00390587
59 0.00390588
60 0.00390589
61 0.00390589
62 0.00390591
63 0.00390592
64 0.00390594
65 0.00390592
66 0.00390594
67 0.00390593
68 0.00390594
69 0.00390594
70 0.00390597
71 0.00390596
72 0.00390599
73 0.00390597
74 0.00390598
75 0.00390601
76 0.003906
77 0.003906
78 0.003906
79 0.00390601
80 0.00390604
81 0.00390604
82 0.00390604
83 0.00390604
84 0.00390604
85 0.00390605
86 0.00390606
87 0.00390607
88 0.00390608
89 0.00390607
90 0.00390609
91 0.0039061
92 0.0039061
93 0.00390611
94 0.00390613
95 0.00390613
96 0.00390613
97 0.00390614
98 0.00390615
99 0.00390616
100 0.00390616
101 0.00390617
102 0.00390616
103 0.00390617
104 0.00390618
105 0.00390619
106 0.00390617
107 0.00390618
108 0.00390621
109 0.00390619
110 0.00390621
111 0.0039062
112 0.00390622
113 0.00390623
114 0.00390623
115 0.00390624
116 0.00390625
117 0.00390626
118 0.00390627
119 0.00390621
120 0.00390626
121 0.00390629
122 0.00390628
123 0.0039063
124 0.00390632
125 0.00390628
126 0.0039063
127 0.00390629
128 0.00390631
129 0.00390631
130 0.00390631
131 0.00390631
132 0.00390631
133 0.00390633
134 0.00390634
135 0.00390633
136 0.00390634
137 0.00390634
138 0.00390635
139 0.00390634
140 0.00390637
141 0.00390634
142 0.00390636
143 0.00390636
144 0.00390637
145 0.00390638
146 0.00390639
147 0.00390638
148 0.00390638
149 0.0039064
150 0.0039064
151 0.0039064
152 0.0039064
153 0.0039064
154 0.00390641
155 0.00390639
156 0.0039064
157 0.00390639
158 0.00390641
159 0.00390643
160 0.00390644
161 0.00390643
162 0.00390642
163 0.00390645
164 0.00390644
165 0.00390641
166 0.00390643
167 0.00390643
168 0.00390644
169 0.00390641
170 0.00390644
171 0.00390643
172 0.00390644
173 0.00390645
174 0.00390643
175 0.00390643
176 0.00390644
177 0.00390645
178 0.00390646
179 0.00390646
180 0.00390644
181 0.00390644
182 0.00390645
183 0.00390646
184 0.00390644
185 0.00390644
186 0.00390645
187 0.00390642
188 0.00390645
189 0.00390644
190 0.00390644
191 0.00390645
192 0.00390643
193 0.00390643
194 0.00390645
195 0.00390643
196 0.00390645
197 0.00390644
198 0.00390641
199 0.00390644
200 0.00390644
201 0.00390643
202 0.00390639
203 0.00390642
204 0.00390641
205 0.00390639
206 0.00390641
207 0.00390641
208 0.00390639
209 0.00390639
210 0.00390639
211 0.0039064
212 0.00390638
213 0.00390638
214 0.00390638
215 0.00390636
216 0.00390637
217 0.00390636
218 0.00390635
219 0.00390637
220 0.00390635
221 0.00390634
222 0.00390632
223 0.00390631
224 0.0039063
225 0.00390631
226 0.00390631
227 0.00390631
228 0.00390627
229 0.0039063
230 0.00390627
231 0.00390628
232 0.00390626
233 0.00390625
234 0.00390624
235 0.00390625
236 0.00390625
237 0.0039061
238 0.0039066
239 0.00390749
240 0.00390754
241 0.00390752
242 0.00390757
243 0.00390759
244 0.0039076
245 0.00390764
246 0.00390765
247 0.00390766
248 0.00390769
249 0.00390772
250 0.00390776
251 0.00390777
252 0.00390778
253 0.00390782
254 0.00390785
255 0.00390787
