0 0.00391025
1 0.00390547
2 0.00390551
3 0.00390551
4 0.00390553
5 0.00390552
6 0.00390554
7 0.00390553
8 0.00390554
9 0.00390554
10 0.00390556
11 0.00390557
12 0.00390558
13 0.00390557
14 0.00390557
15 0.00390558
16 0.00390558
17 0.00390561
18 0.00390561
19 0.00390563
20 0.00390565
21 0.00390565
22 0.00390566
23 0.00390566
24 0.00390565
25 0.00390567
26 0.00390567
27 0.00390569
28 0.00390569
29 0.00390568
30 0.00390572
31 0.00390571
32 0.00390573
33 0.00390571
34 0.00390572
35 0.00390575
36 0.00390574
37 0.00390574
38 0.00390576
39 0.00390577
40 0.00390575
41 0.00390579
42 0.00390577
43 0.00390579
44 0.0039058
45 0.00390579
46 0.0039058
47 0.00390581
48 0.00390582
49 0.00390585
50 0.00390586
51 0.00390585
52 0.00390584
53 0.00390585
54 0.00390584
55 0.00390589
56 0.00390588
57 0.00390589
58 0.00390589
59 0.0039059
60 0.00390592
61 0.00390591
62 0.00390593
63 0.00390592
64 0.00390595
65 0.00390594
66 0.00390597
67 0.00390595
68 0.00390596
69 0.00390596
70 0.00390597
71 0.00390598
72 0.00390599
73 0.003906
74 0.003906
75 0.003906
76 0.00390604
77 0.00390598
78 0.00390601
79 0.00390603
80 0.00390604
81 0.00390605
82 0.00390606
83 0.00390606
84 0.00390607
85 0.00390607
86 0.00390608
87 0.00390609
88 0.0039061
89 0.0039061
90 0.00390612
91 0.00390609
92 0.00390609
93 0.00390611
94 0.00390612
95 0.00390613
96 0.00390616
97 0.00390615
98 0.00390613
99 0.00390616
100 0.00390614
101 0.00390617
102 0.00390616
103 0.00390619
104 0.00390618
105 0.0039062
106 0.0039062
107 0.00390622
108 0.00390621
109 0.00390621
110 0.00390623
111 0.00390622
112 0.00390623
113 0.00390625
114 0.00390625
115 0.00390625
116 0.00390624
117 0.00390626
118 0.00390627
119 0.00390627
120 0.00390625
121 0.00390629
122 0.00390628
123 0.00390628
124 0.0039063
125 0.00390629
126 0.0039063
127 0.0039063
128 0.00390632
129 0.00390631
130 0.00390633
131 0.00390631
132 0.00390632
133 0.00390633
134 0.00390634
135 0.00390635
136 0.00390637
137 0.00390637
138 0.00390636
139 0.00390637
140 0.00390637
141 0.00390639
142 0.00390637
143 0.00390637
144 0.00390637
145 0.00390638
146 0.00390637
147 0.00390638
148 0.00390641
149 0.0039064
150 0.00390638
151 0.0039064
152 0.0039064
153 0.0039064
154 0.00390642
155 0.00390643
156 0.00390642
157 0.00390642
158 0.00390644
159 0.00390644
160 0.00390643
161 0.00390643
162 0.00390643
163 0.00390643
164 0.00390641
165 0.00390645
166 0.00390644
167 0.00390643
168 0.00390644
169 0.00390645
170 0.00390643
171 0.00390643
172 0.00390645
173 0.00390647
174 0.00390645
175 0.00390645
176 0.00390646
177 0.00390644
178 0.00390644
179 0.00390645
180 0.00390645
181 0.00390645
182 0.00390644
183 0.00390646
184 0.00390648
185 0.00390645
186 0.00390644
187 0.00390645
188 0.00390644
189 0.00390645
190 0.00390643
191 0.00390644
192 0.00390645
193 0.00390643
194 0.00390644
195 0.00390644
196 0.00390643
197 0.00390643
198 0.00390642
199 0.00390643
200 0.00390643
201 0.00390643
202 0.00390642
203 0.00390641
204 0.00390641
205 0.00390641
206 0.00390641
207 0.00390642
208 0.00390641
209 0.00390639
210 0.00390639
211 0.00390638
212 0.00390639
213 0.0039064
214 0.00390637
215 0.00390638
216 0.00390639
217 0.00390636
218 0.00390636
219 0.00390636
220 0.00390636
221 0.00390635
222 0.00390635
223 0.00390634
224 0.00390633
225 0.00390633
226 0.00390632
227 0.00390632
228 0.0039063
229 0.00390631
230 0.00390627
231 0.00390627
232 0.00390629
233 0.00390625
234 0.00390627
235 0.00390625
236 0.00390621
237 0.00390621
238 0.00390622
239 0.00390609
240 0.0039069
241 0.00390752
242 0.00390758
243 0.00390756
244 0.00390759
245 0.00390762
246 0.00390765
247 0.00390767
248 0.00390769
249 0.0039077
250 0.00390773
251 0.00390774
252 0.00390778
253 0.00390781
254 0.00390783
255 0.00390785
