0 0.00391511
1 0.00390444
2 0.00390444
3 0.00390446
4 0.00390459
5 0.00390453
6 0.00390456
7 0.00390452
8 0.00390456
9 0.00390459
10 0.0039046
11 0.00390461
12 0.00390463
13 0.00390465
14 0.00390466
15 0.00390468
16 0.00390469
17 0.0039047
18 0.0039047
19 0.00390472
20 0.00390473
21 0.00390477
22 0.00390474
23 0.0039048
24 0.00390479
25 0.00390482
26 0.00390483
27 0.00390484
28 0.00390486
29 0.00390486
30 0.0039049
31 0.0039049
32 0.00390495
33 0.00390492
34 0.00390493
35 0.00390495
36 0.00390497
37 0.00390497
38 0.00390499
39 0.00390502
40 0.00390502
41 0.00390503
42 0.00390504
43 0.00390507
44 0.00390507
45 0.00390508
46 0.0039051
47 0.00390513
48 0.00390516
49 0.00390514
50 0.00390516
51 0.00390519
52 0.00390519
53 0.00390523
54 0.00390522
55 0.00390524
56 0.00390525
57 0.00390525
58 0.00390516
59 0.00390531
60 0.0039053
61 0.00390532
62 0.00390532
63 0.00390532
64 0.00390543
65 0.00390538
66 0.00390536
67 0.0039054
68 0.00390539
69 0.0039054
70 0.00390543
71 0.00390544
72 0.00390546
73 0.00390549
74 0.00390546
75 0.00390551
76 0.00390549
77 0.0039055
78 0.00390554
79 0.00390553
80 0.00390555
81 0.00390558
82 0.00390556
83 0.0039056
84 0.00390561
85 0.00390561
86 0.00390561
87 0.00390563
88 0.00390565
89 0.00390566
90 0.00390567
91 0.00390569
92 0.0039057
93 0.00390571
94 0.00390574
95 0.00390574
96 0.00390578
97 0.00390573
98 0.00390577
99 0.00390577
100 0.0039058
101 0.0039058
102 0.00390582
103 0.00390584
104 0.00390584
105 0.00390585
106 0.00390587
107 0.00390588
108 0.00390588
109 0.0039059
110 0.0039059
111 0.00390591
112 0.00390593
113 0.00390596
114 0.00390598
115 0.00390565
116 0.00391078
117 0.00390499
118 0.00390501
119 0.00390499
120 0.00390502
121 0.00390505
122 0.00390507
123 0.00390508
124 0.00390512
125 0.00390515
126 0.00390516
127 0.00390521
128 0.00390533
129 0.00390523
130 0.00390525
131 0.0039053
132 0.00390529
133 0.00390534
134 0.00390533
135 0.00390537
136 0.0039054
137 0.00390541
138 0.00390542
139 0.00390546
140 0.00390549
141 0.0039055
142 0.00390554
143 0.0039056
144 0.0039056
145 0.00390564
146 0.00390564
147 0.00390569
148 0.00390569
149 0.00390574
150 0.00390576
151 0.00390578
152 0.00390582
153 0.00390581
154 0.00390586
155 0.00390588
156 0.00390593
157 0.00390596
158 0.00390599
159 0.003906
160 0.00390604
161 0.00390606
162 0.00390607
163 0.0039061
164 0.00390615
165 0.00390616
166 0.00390619
167 0.00390621
168 0.00390624
169 0.00390628
170 0.00390632
171 0.00390635
172 0.00390639
173 0.00390641
174 0.00390644
175 0.00390645
176 0.00390649
177 0.00390655
178 0.00390655
179 0.00390661
180 0.00390664
181 0.00390665
182 0.0039067
183 0.00390671
184 0.00390676
185 0.00390676
186 0.0039068
187 0.00390683
188 0.00390689
189 0.00390692
190 0.00390695
191 0.00390699
192 0.00390703
193 0.00390705
194 0.00390709
195 0.00390712
196 0.00390714
197 0.00390717
198 0.00390722
199 0.00390725
200 0.00390729
201 0.00390731
202 0.00390734
203 0.00390741
204 0.00390742
205 0.00390748
206 0.0039075
207 0.00390753
208 0.00390757
209 0.00390765
210 0.00390766
211 0.00390773
212 0.00390774
213 0.00390777
214 0.00390782
215 0.00390785
216 0.00390791
217 0.00390793
218 0.00390796
219 0.00390803
220 0.00390806
221 0.00390811
222 0.00390813
223 0.00390818
224 0.00390823
225 0.00390829
226 0.00390831
227 0.00390836
228 0.0039084
229 0.00390845
230 0.00390849
231 0.00390852
232 0.00390856
233 0.00390861
234 0.00390868
235 0.00390869
236 0.00390876
237 0.00390879
238 0.00390886
239 0.00390888
240 0.00390893
241 0.003909
242 0.00390905
243 0.00390912
244 0.00390909
245 0.00390921
246 0.00390922
247 0.00390926
248 0.00390927
249 0.00390936
250 0.00390942
251 0.00390946
252 0.0039095
253 0.00390957
254 0.00390962
255 0.00390968
