0 0.00391899
1 0.0039043
2 0.00390399
3 0.00390426
4 0.00390439
5 0.00390439
6 0.00390442
7 0.0039044
8 0.00390444
9 0.00390443
10 0.00390448
11 0.0039045
12 0.00390451
13 0.00390454
14 0.00390454
15 0.00390457
16 0.00390489
17 0.00390461
18 0.00390463
19 0.00390462
20 0.00390456
21 0.00390468
22 0.00390471
23 0.00390471
24 0.00390475
25 0.00390474
26 0.00390478
27 0.00390479
28 0.00390482
29 0.00390484
30 0.00390486
31 0.0039049
32 0.00390527
33 0.00390492
34 0.00390505
35 0.00390491
36 0.00390499
37 0.00390496
38 0.00390499
39 0.00390501
40 0.00390505
41 0.00390505
42 0.00390508
43 0.0039051
44 0.00390511
45 0.00390511
46 0.00390513
47 0.00390517
48 0.00390509
49 0.00390518
50 0.00390527
51 0.00390519
52 0.00390533
53 0.00390528
54 0.00390528
55 0.00390531
56 0.00390532
57 0.00390534
58 0.00390535
59 0.00390535
60 0.00390538
61 0.00390543
62 0.00390545
63 0.00390504
64 0.00390564
65 0.00390551
66 0.00390506
67 0.00391633
68 0.00390377
69 0.00390384
70 0.00390379
71 0.00390381
72 0.00390385
73 0.00390388
74 0.0039039
75 0.00390391
76 0.00390393
77 0.00390395
78 0.00390398
79 0.003904
80 0.00390405
81 0.00390403
82 0.00390405
83 0.00390408
84 0.00390409
85 0.00390412
86 0.00390415
87 0.00390418
88 0.00390419
89 0.00390421
90 0.00390424
91 0.00390424
92 0.0039043
93 0.00390431
94 0.00390434
95 0.00390437
96 0.00390445
97 0.00390439
98 0.00390442
99 0.00390443
100 0.00390447
101 0.00390448
102 0.0039045
103 0.00390453
104 0.00390457
105 0.00390458
106 0.00390459
107 0.00390462
108 0.00390468
109 0.00390468
110 0.00390471
111 0.00390475
112 0.00390478
113 0.00390478
114 0.00390482
115 0.00390481
116 0.00390486
117 0.00390489
118 0.0039049
119 0.00390493
120 0.00390496
121 0.00390498
122 0.00390502
123 0.00390503
124 0.00390508
125 0.00390511
126 0.00390512
127 0.0039052
128 0.00390537
129 0.00390519
130 0.00390516
131 0.00390524
132 0.00390527
133 0.0039053
134 0.00390534
135 0.00390536
136 0.00390539
137 0.00390541
138 0.00390548
139 0.00390547
140 0.00390552
141 0.00390553
142 0.00390554
143 0.0039056
144 0.00390565
145 0.00390565
146 0.00390569
147 0.00390572
148 0.00390575
149 0.00390578
150 0.00390579
151 0.00390583
152 0.0039059
153 0.00390589
154 0.00390594
155 0.00390599
156 0.00390602
157 0.00390604
158 0.00390609
159 0.00390613
160 0.00390618
161 0.00390618
162 0.00390629
163 0.00390627
164 0.0039063
165 0.00390633
166 0.00390639
167 0.0039064
168 0.00390645
169 0.00390645
170 0.00390651
171 0.00390656
172 0.0039066
173 0.00390663
174 0.00390665
175 0.00390669
176 0.00390675
177 0.00390676
178 0.00390682
179 0.00390685
180 0.00390691
181 0.00390694
182 0.00390699
183 0.00390701
184 0.00390706
185 0.00390709
186 0.00390716
187 0.00390718
188 0.00390724
189 0.00390729
190 0.00390734
191 0.00390737
192 0.00390749
193 0.00390756
194 0.00390755
195 0.00390751
196 0.00390765
197 0.00390765
198 0.00390771
199 0.00390776
200 0.00390781
201 0.00390784
202 0.00390791
203 0.00390793
204 0.003908
205 0.00390804
206 0.0039081
207 0.00390813
208 0.0039082
209 0.00390824
210 0.00390828
211 0.00390835
212 0.00390838
213 0.00390843
214 0.0039085
215 0.00390855
216 0.00390861
217 0.00390863
218 0.00390872
219 0.00390875
220 0.00390882
221 0.00390884
222 0.00390892
223 0.00390902
224 0.00390911
225 0.00390907
226 0.00390912
227 0.00390917
228 0.00390927
229 0.00390931
230 0.00390936
231 0.0039094
232 0.00390947
233 0.00390952
234 0.00390958
235 0.00390965
236 0.00390972
237 0.00390975
238 0.00390982
239 0.00390987
240 0.00390997
241 0.00390996
242 0.00391006
243 0.00391012
244 0.0039102
245 0.00391025
246 0.0039103
247 0.00391034
248 0.00391043
249 0.00391048
250 0.00391056
251 0.00391062
252 0.00391071
253 0.00391073
254 0.00391082
255 0.00391089
