0 0.00391183
1 0.00390497
2 0.00390494
3 0.00390497
4 0.00390502
5 0.00390498
6 0.003905
7 0.003905
8 0.00390501
9 0.00390501
10 0.00390504
11 0.00390505
12 0.00390505
13 0.00390505
14 0.00390509
15 0.00390507
16 0.00390511
17 0.00390509
18 0.0039051
19 0.00390511
20 0.00390514
21 0.00390514
22 0.00390514
23 0.00390515
24 0.00390519
25 0.00390519
26 0.00390518
27 0.0039052
28 0.00390519
29 0.0039052
30 0.0039052
31 0.00390522
32 0.00390527
33 0.00390526
34 0.00390527
35 0.00390528
36 0.00390528
37 0.00390531
38 0.0039053
39 0.00390532
40 0.00390535
41 0.00390536
42 0.00390535
43 0.00390537
44 0.00390537
45 0.00390538
46 0.00390539
47 0.00390542
48 0.00390541
49 0.00390542
50 0.00390542
51 0.00390545
52 0.00390545
53 0.00390547
54 0.00390548
55 0.00390548
56 0.00390547
57 0.0039055
58 0.00390551
59 0.00390551
60 0.00390551
61 0.00390552
62 0.00390553
63 0.00390554
64 0.0039056
65 0.00390558
66 0.00390557
67 0.00390559
68 0.0039056
69 0.0039056
70 0.0039056
71 0.00390562
72 0.00390564
73 0.00390566
74 0.00390567
75 0.00390567
76 0.00390569
77 0.0039057
78 0.00390571
79 0.00390572
80 0.00390572
81 0.00390575
82 0.00390576
83 0.00390577
84 0.00390576
85 0.00390576
86 0.0039058
87 0.0039058
88 0.0039058
89 0.00390583
90 0.00390581
91 0.00390584
92 0.00390587
93 0.00390584
94 0.00390587
95 0.00390586
96 0.00390586
97 0.00390589
98 0.00390589
99 0.00390588
100 0.00390589
101 0.00390591
102 0.00390592
103 0.00390593
104 0.00390594
105 0.00390595
106 0.00390594
107 0.00390594
108 0.00390597
109 0.00390599
110 0.00390598
111 0.003906
112 0.00390599
113 0.00390601
114 0.00390603
115 0.00390602
116 0.00390603
117 0.00390603
118 0.00390603
119 0.00390605
120 0.00390609
121 0.00390607
122 0.00390608
123 0.00390607
124 0.00390608
125 0.00390608
126 0.0039061
127 0.00390611
128 0.00390613
129 0.00390612
130 0.0039061
131 0.00390612
132 0.00390613
133 0.00390614
134 0.00390615
135 0.00390615
136 0.00390615
137 0.00390617
138 0.00390616
139 0.00390616
140 0.00390617
141 0.00390618
142 0.00390618
143 0.00390618
144 0.0039062
145 0.00390619
146 0.00390621
147 0.0039062
148 0.00390623
149 0.00390621
150 0.00390623
151 0.00390623
152 0.00390623
153 0.00390623
154 0.00390625
155 0.00390624
156 0.00390622
157 0.00390626
158 0.00390622
159 0.00390626
160 0.00390627
161 0.00390626
162 0.00390627
163 0.00390628
164 0.00390627
165 0.00390625
166 0.00390627
167 0.00390625
168 0.00390628
169 0.00390629
170 0.00390627
171 0.00390628
172 0.00390627
173 0.00390628
174 0.00390627
175 0.00390627
176 0.00390629
177 0.00390628
178 0.00390627
179 0.00390629
180 0.00390628
181 0.00390631
182 0.00390611
183 0.00390758
184 0.00390651
185 0.00390654
186 0.00390653
187 0.00390657
188 0.00390659
189 0.00390661
190 0.00390663
191 0.00390663
192 0.00390667
193 0.00390668
194 0.00390671
195 0.00390675
196 0.00390677
197 0.00390678
198 0.00390679
199 0.00390682
200 0.00390685
201 0.00390691
202 0.0039069
203 0.00390693
204 0.00390696
205 0.00390698
206 0.003907
207 0.00390704
208 0.00390706
209 0.00390708
210 0.00390711
211 0.00390714
212 0.00390715
213 0.00390717
214 0.00390719
215 0.00390724
216 0.00390726
217 0.00390729
218 0.00390731
219 0.00390734
220 0.00390738
221 0.00390738
222 0.00390743
223 0.00390745
224 0.00390747
225 0.00390751
226 0.00390753
227 0.00390757
228 0.0039076
229 0.00390762
230 0.00390766
231 0.0039077
232 0.00390772
233 0.00390776
234 0.00390776
235 0.00390782
236 0.00390783
237 0.00390786
238 0.0039079
239 0.00390792
240 0.00390798
241 0.00390798
242 0.00390803
243 0.00390806
244 0.0039081
245 0.00390811
246 0.00390817
247 0.00390821
248 0.00390821
249 0.00390827
250 0.00390831
251 0.00390835
252 0.00390839
253 0.00390841
254 0.00390844
255 0.00390847
