0 0.00391078
1 0.00390528
2 0.00390527
3 0.00390529
4 0.00390533
5 0.0039053
6 0.00390532
7 0.00390532
8 0.00390533
9 0.00390531
10 0.00390533
11 0.00390534
12 0.00390534
13 0.00390535
14 0.00390536
15 0.00390538
16 0.00390538
17 0.0039054
18 0.0039054
19 0.00390541
20 0.0039054
21 0.00390542
22 0.00390541
23 0.00390544
24 0.00390546
25 0.00390545
26 0.00390546
27 0.00390546
28 0.00390548
29 0.00390547
30 0.00390549
31 0.00390551
32 0.00390549
33 0.00390552
34 0.0039055
35 0.00390555
36 0.00390553
37 0.00390555
38 0.00390556
39 0.00390558
40 0.00390558
41 0.00390557
42 0.00390561
43 0.00390561
44 0.00390561
45 0.00390563
46 0.00390563
47 0.00390564
48 0.00390566
49 0.00390564
50 0.00390566
51 0.00390569
52 0.00390567
53 0.0039057
54 0.0039057
55 0.00390571
56 0.00390571
57 0.00390572
58 0.00390575
59 0.00390574
60 0.00390577
61 0.00390575
62 0.00390575
63 0.00390577
64 0.00390578
65 0.00390578
66 0.00390579
67 0.00390579
68 0.00390581
69 0.00390582
70 0.00390581
71 0.00390583
72 0.00390586
73 0.00390582
74 0.00390584
75 0.00390587
76 0.00390587
77 0.00390586
78 0.00390588
79 0.0039059
80 0.00390591
81 0.00390593
82 0.00390591
83 0.00390593
84 0.00390593
85 0.00390593
86 0.00390595
87 0.00390595
88 0.00390596
89 0.00390598
90 0.00390598
91 0.00390598
92 0.00390598
93 0.00390599
94 0.00390598
95 0.00390599
96 0.00390601
97 0.00390602
98 0.00390602
99 0.00390604
100 0.00390605
101 0.00390605
102 0.00390605
103 0.00390607
104 0.00390607
105 0.00390608
106 0.00390607
107 0.00390609
108 0.00390609
109 0.00390612
110 0.00390611
111 0.0039061
112 0.00390612
113 0.00390614
114 0.00390614
115 0.00390614
116 0.00390616
117 0.00390614
118 0.00390617
119 0.00390617
120 0.00390618
121 0.00390617
122 0.00390619
123 0.00390618
124 0.00390619
125 0.0039062
126 0.0039062
127 0.0039062
128 0.00390623
129 0.00390621
130 0.00390623
131 0.00390621
132 0.00390623
133 0.00390626
134 0.00390624
135 0.00390624
136 0.00390625
137 0.00390627
138 0.00390627
139 0.00390627
140 0.00390626
141 0.00390628
142 0.00390628
143 0.00390628
144 0.00390629
145 0.00390628
146 0.00390631
147 0.0039063
148 0.00390629
149 0.00390631
150 0.00390631
151 0.00390632
152 0.00390632
153 0.0039063
154 0.00390632
155 0.00390633
156 0.00390633
157 0.00390634
158 0.00390635
159 0.00390633
160 0.00390634
161 0.00390635
162 0.00390635
163 0.00390634
164 0.00390633
165 0.00390634
166 0.00390635
167 0.00390635
168 0.00390638
169 0.00390636
170 0.00390637
171 0.00390637
172 0.00390638
173 0.00390637
174 0.00390636
175 0.00390637
176 0.00390637
177 0.00390635
178 0.00390638
179 0.00390636
180 0.0039064
181 0.00390639
182 0.00390635
183 0.00390638
184 0.00390636
185 0.00390638
186 0.00390637
187 0.00390639
188 0.00390635
189 0.00390638
190 0.00390637
191 0.00390637
192 0.00390637
193 0.00390637
194 0.00390637
195 0.00390636
196 0.00390636
197 0.00390636
198 0.00390635
199 0.00390633
200 0.00390635
201 0.00390634
202 0.00390635
203 0.00390632
204 0.00390632
205 0.00390633
206 0.00390632
207 0.00390633
208 0.00390632
209 0.00390631
210 0.00390632
211 0.00390629
212 0.00390628
213 0.0039063
214 0.00390629
215 0.00390631
216 0.00390615
217 0.00390687
218 0.00390714
219 0.00390718
220 0.00390718
221 0.00390721
222 0.00390722
223 0.00390725
224 0.00390727
225 0.0039073
226 0.00390731
227 0.00390733
228 0.00390737
229 0.00390739
230 0.00390739
231 0.00390746
232 0.00390746
233 0.00390746
234 0.0039075
235 0.00390754
236 0.00390752
237 0.00390757
238 0.00390761
239 0.00390762
240 0.00390765
241 0.00390768
242 0.0039077
243 0.00390774
244 0.00390775
245 0.00390776
246 0.00390779
247 0.00390783
248 0.00390786
249 0.00390788
250 0.00390794
251 0.00390793
252 0.003908
253 0.00390799
254 0.00390802
255 0.00390806
