0 0.00391262
1 0.00390477
2 0.00390478
3 0.00390476
4 0.00390486
5 0.0039048
6 0.00390482
7 0.00390483
8 0.00390486
9 0.00390485
10 0.00390486
11 0.00390488
12 0.00390488
13 0.00390491
14 0.0039049
15 0.00390493
16 0.00390495
17 0.00390496
18 0.00390496
19 0.00390497
20 0.00390499
21 0.003905
22 0.00390501
23 0.00390503
24 0.00390501
25 0.00390505
26 0.00390505
27 0.00390506
28 0.00390507
29 0.00390507
30 0.00390506
31 0.0039051
32 0.00390513
33 0.00390513
34 0.00390512
35 0.00390516
36 0.00390517
37 0.00390518
38 0.00390518
39 0.00390519
40 0.00390522
41 0.00390522
42 0.00390523
43 0.00390525
44 0.00390525
45 0.00390525
46 0.00390528
47 0.00390527
48 0.0039053
49 0.00390532
50 0.00390532
51 0.00390532
52 0.00390533
53 0.00390533
54 0.00390534
55 0.00390537
56 0.00390538
57 0.00390542
58 0.0039054
59 0.00390543
60 0.00390543
61 0.00390543
62 0.00390545
63 0.00390546
64 0.00390549
65 0.0039055
66 0.00390548
67 0.00390549
68 0.00390549
69 0.00390552
70 0.00390552
71 0.00390554
72 0.00390554
73 0.00390555
74 0.00390557
75 0.00390559
76 0.00390559
77 0.00390561
78 0.00390562
79 0.00390563
80 0.00390563
81 0.00390556
82 0.00390565
83 0.00390565
84 0.00390567
85 0.00390567
86 0.0039057
87 0.0039057
88 0.00390571
89 0.00390573
90 0.00390573
91 0.00390573
92 0.00390575
93 0.00390575
94 0.00390575
95 0.00390578
96 0.00390579
97 0.00390581
98 0.00390583
99 0.00390587
100 0.00390583
101 0.00390585
102 0.00390587
103 0.00390587
104 0.00390589
105 0.00390588
106 0.0039059
107 0.0039059
108 0.00390593
109 0.00390593
110 0.00390593
111 0.00390595
112 0.00390595
113 0.00390594
114 0.00390596
115 0.00390599
116 0.00390598
117 0.00390598
118 0.00390597
119 0.00390599
120 0.00390601
121 0.00390601
122 0.00390604
123 0.00390602
124 0.00390603
125 0.00390606
126 0.00390604
127 0.00390607
128 0.00390613
129 0.00390607
130 0.00390607
131 0.0039061
132 0.00390611
133 0.0039061
134 0.0039061
135 0.0039061
136 0.00390613
137 0.00390611
138 0.00390612
139 0.00390614
140 0.00390614
141 0.00390615
142 0.00390617
143 0.00390617
144 0.00390616
145 0.00390617
146 0.00390616
147 0.00390618
148 0.0039062
149 0.00390617
150 0.00390617
151 0.00390618
152 0.00390621
153 0.0039062
154 0.00390621
155 0.00390619
156 0.00390621
157 0.00390622
158 0.00390621
159 0.0039062
160 0.00390627
161 0.003906
162 0.00390827
163 0.00390604
164 0.0039061
165 0.00390609
166 0.00390613
167 0.00390613
168 0.00390617
169 0.00390619
170 0.00390622
171 0.00390622
172 0.00390626
173 0.00390627
174 0.0039063
175 0.0039063
176 0.00390635
177 0.00390638
178 0.00390641
179 0.00390642
180 0.00390643
181 0.00390648
182 0.0039065
183 0.00390653
184 0.00390654
185 0.00390657
186 0.00390657
187 0.00390662
188 0.00390666
189 0.00390665
190 0.00390669
191 0.00390672
192 0.00390676
193 0.00390677
194 0.00390679
195 0.00390682
196 0.00390686
197 0.00390687
198 0.0039069
199 0.00390694
200 0.00390695
201 0.00390699
202 0.00390703
203 0.00390704
204 0.00390707
205 0.00390712
206 0.00390711
207 0.00390714
208 0.00390717
209 0.0039072
210 0.00390725
211 0.00390726
212 0.00390731
213 0.00390731
214 0.00390736
215 0.00390741
216 0.00390742
217 0.00390744
218 0.00390747
219 0.00390751
220 0.00390756
221 0.00390755
222 0.00390763
223 0.00390762
224 0.00390769
225 0.00390771
226 0.00390773
227 0.00390777
228 0.00390781
229 0.00390786
230 0.00390786
231 0.00390791
232 0.00390795
233 0.00390798
234 0.003908
235 0.00390806
236 0.0039081
237 0.00390811
238 0.00390816
239 0.00390819
240 0.00390821
241 0.00390828
242 0.00390831
243 0.00390834
244 0.00390839
245 0.00390843
246 0.00390845
247 0.00390848
248 0.00390853
249 0.00390858
250 0.0039086
251 0.00390863
252 0.00390869
253 0.00390872
254 0.00390877
255 0.00390881
