0 0.00391099
1 0.00390519
2 0.00390522
3 0.0039052
4 0.00390524
5 0.00390522
6 0.00390523
7 0.00390524
8 0.00390525
9 0.00390526
10 0.00390525
11 0.00390526
12 0.00390529
13 0.00390527
14 0.00390531
15 0.00390532
16 0.00390529
17 0.00390534
18 0.0039053
19 0.00390535
20 0.00390534
21 0.00390534
22 0.00390536
23 0.00390538
24 0.00390538
25 0.00390538
26 0.00390538
27 0.00390538
28 0.00390542
29 0.00390541
30 0.00390541
31 0.00390544
32 0.00390545
33 0.00390543
34 0.00390545
35 0.00390546
36 0.00390547
37 0.00390548
38 0.00390549
39 0.00390552
40 0.00390552
41 0.00390551
42 0.00390553
43 0.00390553
44 0.00390553
45 0.00390555
46 0.00390557
47 0.00390558
48 0.0039056
49 0.0039056
50 0.0039056
51 0.00390561
52 0.00390562
53 0.00390564
54 0.00390567
55 0.00390568
56 0.00390565
57 0.00390565
58 0.00390568
59 0.0039057
60 0.00390569
61 0.00390569
62 0.0039057
63 0.0039057
64 0.00390575
65 0.00390572
66 0.00390573
67 0.00390574
68 0.00390577
69 0.00390576
70 0.00390578
71 0.00390577
72 0.00390578
73 0.0039058
74 0.0039058
75 0.00390581
76 0.00390583
77 0.00390582
78 0.00390584
79 0.00390585
80 0.00390585
81 0.00390586
82 0.00390586
83 0.00390589
84 0.00390591
85 0.00390589
86 0.00390591
87 0.0039059
88 0.00390592
89 0.00390592
90 0.00390594
91 0.00390595
92 0.00390594
93 0.00390594
94 0.00390595
95 0.00390596
96 0.00390598
97 0.00390598
98 0.00390601
99 0.003906
100 0.003906
101 0.003906
102 0.00390601
103 0.00390603
104 0.00390602
105 0.00390608
106 0.00390604
107 0.00390605
108 0.00390605
109 0.00390607
110 0.00390607
111 0.00390609
112 0.0039061
113 0.00390609
114 0.00390611
115 0.00390611
116 0.00390611
117 0.00390612
118 0.0039061
119 0.00390613
120 0.00390614
121 0.00390615
122 0.00390614
123 0.00390615
124 0.00390616
125 0.00390617
126 0.00390618
127 0.00390619
128 0.00390621
129 0.0039062
130 0.00390619
131 0.00390617
132 0.00390621
133 0.00390622
134 0.00390622
135 0.00390622
136 0.00390623
137 0.00390622
138 0.00390622
139 0.00390624
140 0.00390625
141 0.00390625
142 0.00390624
143 0.00390625
144 0.00390626
145 0.00390628
146 0.00390628
147 0.00390626
148 0.00390628
149 0.00390629
150 0.00390628
151 0.00390629
152 0.00390629
153 0.00390631
154 0.00390632
155 0.0039063
156 0.0039063
157 0.0039063
158 0.00390631
159 0.00390631
160 0.00390632
161 0.00390632
162 0.00390631
163 0.00390633
164 0.00390633
165 0.00390633
166 0.00390632
167 0.00390633
168 0.00390634
169 0.00390635
170 0.00390633
171 0.00390633
172 0.00390635
173 0.00390633
174 0.00390634
175 0.00390633
176 0.00390634
177 0.00390634
178 0.00390635
179 0.00390632
180 0.00390634
181 0.00390635
182 0.00390635
183 0.00390635
184 0.00390634
185 0.00390634
186 0.00390632
187 0.00390635
188 0.00390632
189 0.00390633
190 0.00390633
191 0.00390634
192 0.00390634
193 0.00390636
194 0.00390633
195 0.00390632
196 0.00390633
197 0.00390631
198 0.00390632
199 0.0039063
200 0.00390631
201 0.0039063
202 0.0039063
203 0.00390631
204 0.00390629
205 0.0039063
206 0.00390629
207 0.00390631
208 0.00390616
209 0.00390701
210 0.00390698
211 0.00390705
212 0.00390704
213 0.00390706
214 0.00390705
215 0.0039071
216 0.00390713
217 0.00390715
218 0.00390716
219 0.00390719
220 0.00390723
221 0.00390725
222 0.00390728
223 0.00390731
224 0.00390731
225 0.00390733
226 0.00390738
227 0.00390741
228 0.00390742
229 0.00390744
230 0.00390745
231 0.00390749
232 0.00390752
233 0.00390753
234 0.00390757
235 0.00390758
236 0.00390762
237 0.00390765
238 0.00390766
239 0.00390769
240 0.00390772
241 0.00390773
242 0.00390779
243 0.00390781
244 0.00390783
245 0.00390785
246 0.00390788
247 0.00390791
248 0.00390795
249 0.00390797
250 0.00390802
251 0.00390805
252 0.00390807
253 0.00390809
254 0.00390813
255 0.00390816
