0 0.00391467
1 0.0039045
2 0.00390451
3 0.0039045
4 0.00390463
5 0.00390455
6 0.00390459
7 0.00390457
8 0.0039046
9 0.00390461
10 0.00390463
11 0.00390463
12 0.00390462
13 0.00390468
14 0.0039047
15 0.00390468
16 0.00390473
17 0.00390472
18 0.00390474
19 0.00390474
20 0.00390475
21 0.00390479
22 0.00390479
23 0.00390482
24 0.00390484
25 0.00390484
26 0.00390483
27 0.00390485
28 0.00390486
29 0.00390489
30 0.0039049
31 0.00390491
32 0.00390496
33 0.00390494
34 0.00390497
35 0.00390498
36 0.00390499
37 0.003905
38 0.00390503
39 0.00390503
40 0.00390504
41 0.00390507
42 0.00390507
43 0.00390509
44 0.00390509
45 0.0039051
46 0.00390513
47 0.00390513
48 0.00390515
49 0.00390517
50 0.0039052
51 0.00390518
52 0.0039052
53 0.00390521
54 0.00390523
55 0.00390526
56 0.00390523
57 0.00390525
58 0.00390529
59 0.00390527
60 0.00390533
61 0.00390533
62 0.00390537
63 0.00390535
64 0.00390541
65 0.00390538
66 0.00390539
67 0.00390541
68 0.00390541
69 0.00390544
70 0.00390546
71 0.00390545
72 0.00390546
73 0.00390546
74 0.00390549
75 0.0039055
76 0.0039055
77 0.00390553
78 0.00390553
79 0.00390554
80 0.00390558
81 0.00390558
82 0.0039056
83 0.0039056
84 0.00390563
85 0.00390562
86 0.00390565
87 0.00390567
88 0.00390567
89 0.00390567
90 0.00390568
91 0.00390571
92 0.0039057
93 0.00390572
94 0.00390574
95 0.00390574
96 0.00390576
97 0.00390576
98 0.00390578
99 0.00390578
100 0.00390581
101 0.00390582
102 0.0039058
103 0.00390584
104 0.00390584
105 0.00390587
106 0.00390587
107 0.00390587
108 0.0039059
109 0.00390588
110 0.00390589
111 0.00390591
112 0.00390593
113 0.00390593
114 0.00390594
115 0.00390595
116 0.00390596
117 0.00390598
118 0.00390599
119 0.00390599
120 0.00390603
121 0.00390605
122 0.00390573
123 0.00391028
124 0.00390514
125 0.00390521
126 0.00390519
127 0.00390522
128 0.00390532
129 0.00390524
130 0.00390526
131 0.00390527
132 0.00390528
133 0.00390532
134 0.00390537
135 0.00390538
136 0.00390541
137 0.00390546
138 0.00390548
139 0.00390547
140 0.00390552
141 0.00390555
142 0.00390556
143 0.0039056
144 0.00390563
145 0.00390565
146 0.00390564
147 0.0039057
148 0.00390572
149 0.00390573
150 0.00390575
151 0.00390577
152 0.00390583
153 0.00390582
154 0.00390588
155 0.0039059
156 0.00390588
157 0.00390594
158 0.00390597
159 0.003906
160 0.00390602
161 0.00390604
162 0.00390606
163 0.00390609
164 0.00390611
165 0.00390617
166 0.00390618
167 0.00390618
168 0.00390624
169 0.00390626
170 0.00390628
171 0.00390631
172 0.00390634
173 0.00390638
174 0.00390639
175 0.00390645
176 0.00390646
177 0.0039065
178 0.00390653
179 0.00390655
180 0.00390657
181 0.0039066
182 0.00390664
183 0.00390667
184 0.00390669
185 0.00390673
186 0.00390677
187 0.0039068
188 0.0039068
189 0.00390683
190 0.00390692
191 0.0039069
192 0.00390696
193 0.00390698
194 0.003907
195 0.00390704
196 0.00390707
197 0.00390711
198 0.00390716
199 0.00390719
200 0.00390722
201 0.00390724
202 0.0039073
203 0.00390732
204 0.00390735
205 0.00390739
206 0.00390743
207 0.00390745
208 0.0039075
209 0.00390753
210 0.00390756
211 0.00390762
212 0.00390764
213 0.00390768
214 0.00390771
215 0.00390778
216 0.00390779
217 0.00390785
218 0.00390786
219 0.00390792
220 0.00390797
221 0.00390798
222 0.00390803
223 0.00390808
224 0.00390811
225 0.00390816
226 0.00390819
227 0.00390824
228 0.00390829
229 0.00390832
230 0.00390837
231 0.00390839
232 0.00390846
233 0.00390851
234 0.00390853
235 0.00390857
236 0.00390862
237 0.00390868
238 0.0039087
239 0.00390877
240 0.0039088
241 0.00390884
242 0.00390888
243 0.00390895
244 0.00390899
245 0.00390903
246 0.00390907
247 0.00390912
248 0.00390919
249 0.00390921
250 0.00390928
251 0.00390929
252 0.00390939
253 0.00390943
254 0.00390947
255 0.00390952
