0 0.00391951
1 0.00390425
2 0.00390428
3 0.00390424
4 0.00390448
5 0.00390435
6 0.00390442
7 0.00390441
8 0.00390445
9 0.00390444
10 0.00390445
11 0.00390449
12 0.00390449
13 0.00390449
14 0.00390456
15 0.00390421
16 0.00390444
17 0.00390462
18 0.0039046
19 0.00390464
20 0.00390464
21 0.00390468
22 0.0039047
23 0.00390473
24 0.00390475
25 0.00390477
26 0.00390476
27 0.00390478
28 0.0039048
29 0.00390478
30 0.00390485
31 0.0039046
32 0.00390469
33 0.00390491
34 0.00390491
35 0.00390494
36 0.00390494
37 0.00390499
38 0.00390499
39 0.00390503
40 0.00390501
41 0.00390505
42 0.00390508
43 0.00390508
44 0.00390513
45 0.00390505
46 0.00390513
47 0.00390521
48 0.00390491
49 0.00390523
50 0.00390522
51 0.00390525
52 0.00390526
53 0.00390529
54 0.00390528
55 0.00390531
56 0.00390533
57 0.00390535
58 0.00390535
59 0.00390539
60 0.00390547
61 0.00390497
62 0.00391699
63 0.00390355
64 0.0039037
65 0.00390361
66 0.00390364
67 0.00390365
68 0.00390367
69 0.00390371
70 0.00390371
71 0.00390375
72 0.00390376
73 0.00390379
74 0.00390382
75 0.00390382
76 0.00390385
77 0.00390392
78 0.0039039
79 0.00390392
80 0.00390396
81 0.00390397
82 0.00390396
83 0.00390398
84 0.003904
85 0.00390406
86 0.00390406
87 0.00390407
88 0.00390412
89 0.00390413
90 0.00390417
91 0.00390419
92 0.00390421
93 0.00390425
94 0.00390428
95 0.0039043
96 0.00390435
97 0.00390436
98 0.00390436
99 0.0039044
100 0.0039044
101 0.00390444
102 0.00390447
103 0.00390449
104 0.00390452
105 0.00390456
106 0.00390456
107 0.0039046
108 0.0039046
109 0.00390465
110 0.00390467
111 0.00390471
112 0.00390477
113 0.00390476
114 0.0039048
115 0.00390482
116 0.00390484
117 0.00390487
118 0.00390488
119 0.00390494
120 0.00390497
121 0.00390498
122 0.00390501
123 0.00390505
124 0.00390505
125 0.0039051
126 0.00390512
127 0.00390516
128 0.00390543
129 0.00390522
130 0.00390522
131 0.00390526
132 0.00390529
133 0.00390532
134 0.00390534
135 0.00390536
136 0.00390541
137 0.00390544
138 0.00390549
139 0.00390552
140 0.00390556
141 0.00390559
142 0.00390563
143 0.00390564
144 0.00390571
145 0.00390572
146 0.00390573
147 0.00390578
148 0.00390583
149 0.00390584
150 0.00390588
151 0.00390593
152 0.00390594
153 0.00390597
154 0.00390602
155 0.00390606
156 0.00390608
157 0.00390613
158 0.00390615
159 0.00390613
160 0.00390627
161 0.00390625
162 0.00390632
163 0.00390633
164 0.00390639
165 0.00390641
166 0.00390645
167 0.00390648
168 0.00390652
169 0.00390657
170 0.00390658
171 0.00390664
172 0.00390666
173 0.00390674
174 0.00390676
175 0.00390679
176 0.00390687
177 0.00390687
178 0.00390693
179 0.00390697
180 0.003907
181 0.00390705
182 0.00390709
183 0.00390714
184 0.00390717
185 0.00390721
186 0.00390726
187 0.00390731
188 0.00390735
189 0.00390743
190 0.00390738
191 0.00390753
192 0.00390757
193 0.00390756
194 0.00390762
195 0.00390766
196 0.00390771
197 0.00390779
198 0.00390782
199 0.00390788
200 0.00390792
201 0.00390797
202 0.00390802
203 0.00390808
204 0.00390813
205 0.00390818
206 0.00390821
207 0.00390828
208 0.00390834
209 0.00390837
210 0.00390841
211 0.00390848
212 0.00390846
213 0.00390857
214 0.00390862
215 0.00390865
216 0.00390871
217 0.0039088
218 0.00390882
219 0.00390886
220 0.00390895
221 0.00390899
222 0.00390904
223 0.00390911
224 0.00390916
225 0.00390919
226 0.00390926
227 0.00390933
228 0.00390935
229 0.00390941
230 0.00390949
231 0.00390955
232 0.00390959
233 0.00390964
234 0.0039097
235 0.00390975
236 0.00390983
237 0.00390988
238 0.00390994
239 0.00391001
240 0.00391011
241 0.00391012
242 0.00391017
243 0.00391026
244 0.00391034
245 0.0039104
246 0.00391047
247 0.00391051
248 0.00391059
249 0.00391065
250 0.0039107
251 0.00391079
252 0.00391086
253 0.00391093
254 0.00391095
255 0.00391097
