0 0.00391532
1 0.00390447
2 0.00390441
3 0.00390445
4 0.00390458
5 0.0039045
6 0.00390453
7 0.00390452
8 0.00390454
9 0.00390455
10 0.00390459
11 0.00390458
12 0.00390462
13 0.00390462
14 0.00390466
15 0.00390465
16 0.00390469
17 0.00390466
18 0.00390467
19 0.0039047
20 0.00390474
21 0.00390473
22 0.00390477
23 0.00390478
24 0.0039048
25 0.0039048
26 0.00390482
27 0.00390483
28 0.00390484
29 0.00390485
30 0.00390488
31 0.00390489
32 0.00390493
33 0.00390492
34 0.00390494
35 0.00390495
36 0.00390496
37 0.00390496
38 0.00390499
39 0.003905
40 0.00390503
41 0.00390502
42 0.00390504
43 0.00390505
44 0.00390508
45 0.00390509
46 0.00390511
47 0.00390512
48 0.00390515
49 0.00390515
50 0.00390517
51 0.00390518
52 0.00390519
53 0.0039052
54 0.00390521
55 0.00390524
56 0.00390527
57 0.00390532
58 0.00390527
59 0.00390527
60 0.00390528
61 0.0039053
62 0.00390531
63 0.00390533
64 0.00390541
65 0.00390536
66 0.00390536
67 0.0039054
68 0.00390541
69 0.00390543
70 0.00390544
71 0.00390545
72 0.00390545
73 0.00390548
74 0.00390547
75 0.00390552
76 0.00390551
77 0.0039055
78 0.00390554
79 0.00390555
80 0.00390559
81 0.00390558
82 0.00390558
83 0.00390558
84 0.00390562
85 0.00390565
86 0.00390564
87 0.00390565
88 0.00390567
89 0.00390568
90 0.00390567
91 0.00390572
92 0.0039057
93 0.00390574
94 0.00390573
95 0.00390574
96 0.0039058
97 0.00390577
98 0.00390579
99 0.00390581
100 0.0039058
101 0.00390583
102 0.00390581
103 0.00390584
104 0.00390585
105 0.00390587
106 0.00390588
107 0.00390589
108 0.00390589
109 0.00390592
110 0.00390594
111 0.00390601
112 0.00390565
113 0.00391099
114 0.0039049
115 0.00390496
116 0.00390495
117 0.00390494
118 0.00390499
119 0.003905
120 0.00390506
121 0.00390506
122 0.00390509
123 0.00390509
124 0.00390512
125 0.00390513
126 0.00390517
127 0.00390521
128 0.00390532
129 0.00390522
130 0.00390525
131 0.00390527
132 0.0039053
133 0.00390532
134 0.00390534
135 0.00390536
136 0.00390538
137 0.00390542
138 0.00390545
139 0.00390546
140 0.0039055
141 0.0039055
142 0.00390554
143 0.00390551
144 0.00390562
145 0.00390565
146 0.00390566
147 0.00390566
148 0.00390569
149 0.00390575
150 0.00390578
151 0.00390578
152 0.00390581
153 0.00390584
154 0.00390585
155 0.0039059
156 0.00390593
157 0.00390594
158 0.00390599
159 0.003906
160 0.00390606
161 0.00390606
162 0.0039061
163 0.00390614
164 0.00390614
165 0.00390619
166 0.00390622
167 0.00390623
168 0.00390627
169 0.00390629
170 0.00390633
171 0.00390638
172 0.00390638
173 0.00390641
174 0.00390645
175 0.00390648
176 0.00390653
177 0.00390651
178 0.00390656
179 0.00390659
180 0.00390663
181 0.00390667
182 0.00390671
183 0.00390671
184 0.00390675
185 0.00390682
186 0.00390682
187 0.00390684
188 0.00390688
189 0.00390692
190 0.00390696
191 0.00390701
192 0.00390703
193 0.00390705
194 0.0039071
195 0.00390711
196 0.00390717
197 0.00390722
198 0.00390724
199 0.00390727
200 0.0039073
201 0.00390735
202 0.00390738
203 0.00390741
204 0.00390744
205 0.00390748
206 0.00390754
207 0.00390756
208 0.00390762
209 0.00390767
210 0.00390767
211 0.00390773
212 0.00390777
213 0.00390781
214 0.00390784
215 0.00390787
216 0.00390792
217 0.00390796
218 0.003908
219 0.00390806
220 0.00390811
221 0.00390812
222 0.00390816
223 0.0039082
224 0.00390825
225 0.0039083
226 0.00390834
227 0.00390841
228 0.00390843
229 0.00390847
230 0.00390851
231 0.00390856
232 0.00390862
233 0.00390865
234 0.00390869
235 0.00390876
236 0.00390878
237 0.00390884
238 0.00390887
239 0.00390893
240 0.003909
241 0.00390898
242 0.00390911
243 0.00390913
244 0.00390917
245 0.00390923
246 0.00390926
247 0.0039093
248 0.00390936
249 0.00390943
250 0.00390947
251 0.00390951
252 0.00390957
253 0.00390962
254 0.00390967
255 0.00390973
