0 0.00391109
1 0.00390519
2 0.00390516
3 0.00390517
4 0.00390523
5 0.0039052
6 0.00390521
7 0.0039052
8 0.00390522
9 0.00390521
10 0.00390524
11 0.00390523
12 0.00390523
13 0.00390526
14 0.00390526
15 0.00390527
16 0.00390529
17 0.00390529
18 0.0039053
19 0.00390531
20 0.00390533
21 0.00390532
22 0.00390533
23 0.00390533
24 0.00390535
25 0.00390534
26 0.00390535
27 0.00390538
28 0.00390536
29 0.00390537
30 0.0039054
31 0.00390541
32 0.00390543
33 0.00390545
34 0.00390545
35 0.00390546
36 0.00390543
37 0.00390548
38 0.00390548
39 0.00390549
40 0.00390549
41 0.00390552
42 0.00390551
43 0.00390552
44 0.00390552
45 0.00390553
46 0.00390553
47 0.00390555
48 0.00390556
49 0.00390556
50 0.00390557
51 0.00390559
52 0.00390562
53 0.00390562
54 0.00390562
55 0.00390562
56 0.00390564
57 0.00390565
58 0.00390565
59 0.00390566
60 0.00390568
61 0.00390567
62 0.0039057
63 0.00390569
64 0.00390573
65 0.00390572
66 0.00390574
67 0.00390575
68 0.00390574
69 0.00390575
70 0.00390577
71 0.00390576
72 0.00390577
73 0.00390579
74 0.00390578
75 0.00390582
76 0.0039058
77 0.00390583
78 0.00390583
79 0.00390582
80 0.00390585
81 0.00390584
82 0.00390586
83 0.00390587
84 0.00390587
85 0.00390587
86 0.00390589
87 0.00390588
88 0.00390591
89 0.00390591
90 0.00390593
91 0.00390592
92 0.00390594
93 0.00390594
94 0.00390593
95 0.00390595
96 0.00390595
97 0.00390597
98 0.00390598
99 0.003906
100 0.00390598
101 0.00390599
102 0.00390599
103 0.00390597
104 0.00390602
105 0.00390602
106 0.00390602
107 0.00390604
108 0.00390604
109 0.00390604
110 0.00390606
111 0.00390606
112 0.00390607
113 0.00390608
114 0.00390608
115 0.00390611
116 0.0039061
117 0.00390609
118 0.00390612
119 0.00390613
120 0.00390613
121 0.00390615
122 0.00390614
123 0.00390614
124 0.00390615
125 0.00390615
126 0.00390617
127 0.00390615
128 0.00390621
129 0.0039062
130 0.00390618
131 0.00390619
132 0.00390618
133 0.0039062
134 0.00390619
135 0.00390621
136 0.00390621
137 0.00390622
138 0.00390622
139 0.00390622
140 0.00390623
141 0.00390624
142 0.00390624
143 0.00390624
144 0.00390625
145 0.00390627
146 0.00390625
147 0.00390626
148 0.00390626
149 0.00390627
150 0.00390627
151 0.00390628
152 0.00390629
153 0.00390629
154 0.00390629
155 0.0039063
156 0.00390629
157 0.00390629
158 0.00390631
159 0.00390631
160 0.00390632
161 0.0039063
162 0.00390631
163 0.0039063
164 0.00390632
165 0.00390631
166 0.00390631
167 0.0039063
168 0.00390632
169 0.00390631
170 0.00390633
171 0.00390634
172 0.00390633
173 0.00390634
174 0.00390632
175 0.00390632
176 0.00390634
177 0.00390633
178 0.00390634
179 0.00390633
180 0.00390632
181 0.00390632
182 0.00390634
183 0.00390632
184 0.00390632
185 0.00390633
186 0.00390632
187 0.00390632
188 0.00390633
189 0.00390633
190 0.00390633
191 0.00390633
192 0.00390633
193 0.00390632
194 0.00390631
195 0.00390631
196 0.00390632
197 0.00390631
198 0.00390631
199 0.00390631
200 0.00390629
201 0.00390629
202 0.00390628
203 0.00390628
204 0.00390633
205 0.00390615
206 0.00390705
207 0.00390693
208 0.00390697
209 0.00390699
210 0.00390701
211 0.00390702
212 0.00390704
213 0.00390705
214 0.0039071
215 0.00390711
216 0.00390716
217 0.00390717
218 0.00390718
219 0.00390722
220 0.00390724
221 0.00390729
222 0.00390728
223 0.0039073
224 0.00390735
225 0.00390738
226 0.00390739
227 0.00390739
228 0.00390744
229 0.00390747
230 0.00390749
231 0.00390749
232 0.00390753
233 0.00390756
234 0.00390758
235 0.00390761
236 0.00390765
237 0.00390768
238 0.0039077
239 0.00390773
240 0.00390774
241 0.00390776
242 0.00390781
243 0.00390783
244 0.00390785
245 0.0039079
246 0.00390792
247 0.00390793
248 0.00390796
249 0.00390801
250 0.00390804
251 0.00390811
252 0.0039081
253 0.00390815
254 0.00390814
255 0.00390821
