0 0.00391414
1 0.00390456
2 0.00390453
3 0.00390453
4 0.00390462
5 0.00390459
6 0.00390464
7 0.00390465
8 0.00390462
9 0.00390465
10 0.00390466
11 0.00390468
12 0.00390471
13 0.00390471
14 0.00390471
15 0.00390474
16 0.00390477
17 0.00390478
18 0.00390478
19 0.00390478
20 0.0039048
21 0.00390482
22 0.00390484
23 0.00390483
24 0.00390486
25 0.00390484
26 0.00390489
27 0.0039049
28 0.00390493
29 0.00390492
30 0.00390493
31 0.00390496
32 0.00390498
33 0.00390498
34 0.00390497
35 0.00390498
36 0.003905
37 0.00390503
38 0.00390504
39 0.00390505
40 0.00390509
41 0.00390509
42 0.00390509
43 0.00390511
44 0.0039051
45 0.00390513
46 0.00390517
47 0.00390516
48 0.00390521
49 0.00390518
50 0.0039052
51 0.0039052
52 0.00390523
53 0.00390524
54 0.00390525
55 0.00390526
56 0.00390529
57 0.00390529
58 0.0039053
59 0.0039053
60 0.00390534
61 0.00390532
62 0.00390534
63 0.00390535
64 0.0039054
65 0.00390538
66 0.00390542
67 0.00390542
68 0.00390544
69 0.00390544
70 0.00390544
71 0.00390546
72 0.00390546
73 0.00390549
74 0.00390551
75 0.00390549
76 0.00390554
77 0.00390553
78 0.00390553
79 0.00390556
80 0.00390557
81 0.00390559
82 0.00390559
83 0.00390559
84 0.00390559
85 0.00390564
86 0.00390566
87 0.00390565
88 0.00390567
89 0.00390569
90 0.0039057
91 0.00390569
92 0.0039057
93 0.00390572
94 0.00390571
95 0.00390574
96 0.00390578
97 0.00390575
98 0.00390578
99 0.00390578
100 0.0039058
101 0.00390582
102 0.00390583
103 0.00390583
104 0.00390584
105 0.00390587
106 0.00390586
107 0.00390586
108 0.00390589
109 0.0039059
110 0.00390588
111 0.00390592
112 0.00390594
113 0.00390591
114 0.00390592
115 0.00390594
116 0.00390596
117 0.00390598
118 0.00390597
119 0.00390598
120 0.00390599
121 0.00390599
122 0.003906
123 0.00390601
124 0.00390601
125 0.00390603
126 0.00390605
127 0.003906
128 0.00390613
129 0.00390612
130 0.0039058
131 0.00390982
132 0.00390533
133 0.00390539
134 0.0039054
135 0.00390543
136 0.00390544
137 0.00390546
138 0.00390549
139 0.00390549
140 0.00390553
141 0.00390556
142 0.00390557
143 0.00390561
144 0.00390561
145 0.00390565
146 0.00390567
147 0.00390567
148 0.00390572
149 0.00390573
150 0.00390575
151 0.00390578
152 0.0039058
153 0.00390584
154 0.00390585
155 0.00390588
156 0.00390591
157 0.00390593
158 0.00390595
159 0.00390596
160 0.003906
161 0.00390601
162 0.00390604
163 0.00390608
164 0.00390612
165 0.00390612
166 0.00390616
167 0.00390616
168 0.00390621
169 0.00390622
170 0.00390626
171 0.00390629
172 0.00390632
173 0.00390634
174 0.00390637
175 0.0039064
176 0.00390642
177 0.00390645
178 0.00390647
179 0.00390648
180 0.00390655
181 0.00390655
182 0.00390658
183 0.00390663
184 0.00390665
185 0.00390668
186 0.00390672
187 0.00390674
188 0.00390678
189 0.00390681
190 0.00390684
191 0.00390687
192 0.00390692
193 0.00390691
194 0.00390701
195 0.00390699
196 0.00390703
197 0.00390705
198 0.00390709
199 0.00390711
200 0.00390716
201 0.00390719
202 0.00390723
203 0.00390726
204 0.00390732
205 0.00390732
206 0.00390736
207 0.00390739
208 0.00390742
209 0.00390746
210 0.00390752
211 0.00390753
212 0.00390754
213 0.00390762
214 0.00390764
215 0.00390768
216 0.00390772
217 0.00390777
218 0.00390781
219 0.00390782
220 0.00390784
221 0.0039079
222 0.00390794
223 0.00390799
224 0.00390803
225 0.00390804
226 0.00390808
227 0.00390815
228 0.00390817
229 0.00390823
230 0.00390824
231 0.0039083
232 0.00390834
233 0.00390837
234 0.00390843
235 0.00390847
236 0.0039085
237 0.00390854
238 0.00390857
239 0.00390864
240 0.00390866
241 0.00390872
242 0.00390877
243 0.0039088
244 0.00390886
245 0.00390888
246 0.00390895
247 0.00390898
248 0.00390903
249 0.00390909
250 0.00390912
251 0.00390917
252 0.00390921
253 0.00390924
254 0.00390929
255 0.00390938
