0 0.00391057
1 0.00390533
2 0.00390536
3 0.00390537
4 0.00390538
5 0.00390537
6 0.00390538
7 0.00390538
8 0.00390538
9 0.00390539
10 0.00390542
11 0.00390542
12 0.00390542
13 0.00390545
14 0.00390545
15 0.00390545
16 0.00390545
17 0.00390546
18 0.00390547
19 0.00390548
20 0.00390547
21 0.00390549
22 0.0039055
23 0.0039055
24 0.00390551
25 0.00390553
26 0.00390552
27 0.00390553
28 0.00390555
29 0.00390553
30 0.00390553
31 0.00390555
32 0.00390559
33 0.00390561
34 0.00390561
35 0.00390563
36 0.00390563
37 0.00390562
38 0.00390563
39 0.00390564
40 0.00390564
41 0.00390567
42 0.00390566
43 0.00390568
44 0.00390568
45 0.00390568
46 0.00390568
47 0.0039057
48 0.00390574
49 0.00390573
50 0.00390572
51 0.00390572
52 0.00390573
53 0.00390575
54 0.00390576
55 0.00390579
56 0.00390578
57 0.00390579
58 0.00390579
59 0.00390579
60 0.0039058
61 0.0039058
62 0.00390581
63 0.00390582
64 0.00390583
65 0.00390584
66 0.00390583
67 0.00390585
68 0.00390585
69 0.00390585
70 0.00390588
71 0.00390587
72 0.00390588
73 0.00390588
74 0.00390589
75 0.00390591
76 0.00390592
77 0.00390592
78 0.00390591
79 0.00390595
80 0.00390596
81 0.00390594
82 0.00390595
83 0.00390596
84 0.00390599
85 0.00390599
86 0.00390598
87 0.00390602
88 0.00390601
89 0.003906
90 0.003906
91 0.00390602
92 0.00390601
93 0.00390603
94 0.00390605
95 0.00390604
96 0.00390607
97 0.00390607
98 0.00390606
99 0.00390607
100 0.00390608
101 0.00390608
102 0.00390608
103 0.00390611
104 0.00390609
105 0.00390611
106 0.0039061
107 0.00390611
108 0.00390613
109 0.00390612
110 0.00390614
111 0.00390617
112 0.00390616
113 0.00390618
114 0.00390615
115 0.00390617
116 0.00390618
117 0.00390618
118 0.0039062
119 0.00390622
120 0.00390619
121 0.00390622
122 0.00390623
123 0.00390623
124 0.00390623
125 0.00390625
126 0.00390624
127 0.00390624
128 0.00390625
129 0.00390627
130 0.00390627
131 0.00390628
132 0.00390626
133 0.00390626
134 0.00390628
135 0.00390628
136 0.00390628
137 0.00390629
138 0.0039063
139 0.00390632
140 0.00390629
141 0.00390629
142 0.00390632
143 0.00390632
144 0.00390634
145 0.00390632
146 0.00390634
147 0.00390632
148 0.00390634
149 0.00390633
150 0.00390634
151 0.00390634
152 0.00390633
153 0.00390635
154 0.00390635
155 0.00390635
156 0.00390636
157 0.00390634
158 0.00390637
159 0.00390638
160 0.00390638
161 0.00390638
162 0.00390637
163 0.00390638
164 0.00390637
165 0.00390639
166 0.00390638
167 0.00390638
168 0.00390638
169 0.00390638
170 0.00390637
171 0.00390639
172 0.0039064
173 0.00390639
174 0.00390641
175 0.00390642
176 0.00390639
177 0.0039064
178 0.00390639
179 0.0039064
180 0.00390638
181 0.00390641
182 0.00390639
183 0.0039064
184 0.00390641
185 0.0039064
186 0.00390639
187 0.00390639
188 0.0039064
189 0.00390638
190 0.00390639
191 0.0039064
192 0.00390637
193 0.00390638
194 0.00390639
195 0.0039064
196 0.00390638
197 0.00390636
198 0.00390637
199 0.00390637
200 0.00390638
201 0.00390636
202 0.00390639
203 0.00390636
204 0.00390636
205 0.00390636
206 0.00390634
207 0.00390633
208 0.00390635
209 0.00390635
210 0.00390633
211 0.00390631
212 0.00390633
213 0.00390633
214 0.00390633
215 0.0039063
216 0.00390631
217 0.00390631
218 0.00390629
219 0.00390629
220 0.00390627
221 0.00390629
222 0.00390624
223 0.0039063
224 0.00390615
225 0.00390675
226 0.00390726
227 0.00390733
228 0.0039073
229 0.00390734
230 0.00390737
231 0.0039074
232 0.00390741
233 0.00390743
234 0.00390745
235 0.00390747
236 0.00390751
237 0.00390753
238 0.00390754
239 0.00390758
240 0.00390758
241 0.00390762
242 0.00390764
243 0.00390768
244 0.00390769
245 0.00390772
246 0.00390774
247 0.00390778
248 0.0039078
249 0.00390784
250 0.00390785
251 0.00390788
252 0.00390792
253 0.00390794
254 0.00390795
255 0.00390798
