0 0.00391426
1 0.00390455
2 0.00390458
3 0.00390385
4 0.00390465
5 0.00390459
6 0.00390461
7 0.00390463
8 0.00390465
9 0.00390465
10 0.00390467
11 0.00390467
12 0.00390469
13 0.00390471
14 0.00390472
15 0.00390474
16 0.00390474
17 0.00390476
18 0.00390478
19 0.00390478
20 0.00390481
21 0.00390482
22 0.00390483
23 0.00390485
24 0.00390486
25 0.00390487
26 0.00390487
27 0.00390491
28 0.00390492
29 0.00390491
30 0.00390494
31 0.00390495
32 0.00390499
33 0.00390498
34 0.00390498
35 0.00390499
36 0.003905
37 0.00390503
38 0.00390504
39 0.00390508
40 0.00390506
41 0.00390509
42 0.0039051
43 0.0039051
44 0.00390512
45 0.00390514
46 0.00390514
47 0.00390515
48 0.00390517
49 0.00390519
50 0.0039052
51 0.0039052
52 0.00390521
53 0.00390525
54 0.00390525
55 0.00390526
56 0.00390527
57 0.00390528
58 0.00390528
59 0.00390529
60 0.00390533
61 0.00390534
62 0.00390533
63 0.00390537
64 0.00390541
65 0.00390528
66 0.0039054
67 0.00390542
68 0.00390543
69 0.00390543
70 0.00390543
71 0.00390545
72 0.00390546
73 0.00390549
74 0.00390548
75 0.00390551
76 0.0039055
77 0.00390554
78 0.00390553
79 0.00390555
80 0.00390557
81 0.0039056
82 0.00390559
83 0.00390561
84 0.00390563
85 0.00390562
86 0.00390563
87 0.00390564
88 0.00390565
89 0.00390568
90 0.00390567
91 0.0039057
92 0.00390571
93 0.00390572
94 0.00390572
95 0.00390573
96 0.00390578
97 0.00390577
98 0.00390577
99 0.00390576
100 0.0039058
101 0.0039058
102 0.00390579
103 0.00390582
104 0.00390583
105 0.00390584
106 0.00390586
107 0.00390585
108 0.00390588
109 0.00390586
110 0.00390587
111 0.00390591
112 0.00390591
113 0.0039059
114 0.00390592
115 0.00390593
116 0.00390593
117 0.00390596
118 0.00390594
119 0.00390596
120 0.00390595
121 0.00390598
122 0.003906
123 0.003906
124 0.00390602
125 0.00390602
126 0.00390603
127 0.00390609
128 0.00390572
129 0.00390583
130 0.00390981
131 0.00390536
132 0.00390538
133 0.00390541
134 0.00390539
135 0.00390541
136 0.00390545
137 0.00390545
138 0.00390548
139 0.00390551
140 0.00390552
141 0.00390555
142 0.00390558
143 0.00390561
144 0.00390562
145 0.00390565
146 0.00390565
147 0.0039057
148 0.0039057
149 0.00390573
150 0.00390576
151 0.00390578
152 0.00390583
153 0.00390583
154 0.00390586
155 0.0039059
156 0.00390591
157 0.00390596
158 0.00390597
159 0.00390597
160 0.00390602
161 0.00390605
162 0.00390608
163 0.00390609
164 0.0039061
165 0.00390616
166 0.00390617
167 0.00390618
168 0.00390624
169 0.00390625
170 0.00390629
171 0.0039063
172 0.0039063
173 0.00390634
174 0.00390637
175 0.00390639
176 0.00390646
177 0.00390645
178 0.00390648
179 0.00390652
180 0.00390657
181 0.00390659
182 0.0039066
183 0.00390664
184 0.00390666
185 0.00390671
186 0.00390672
187 0.00390677
188 0.00390679
189 0.00390684
190 0.00390685
191 0.00390687
192 0.00390692
193 0.00390692
194 0.00390697
195 0.00390702
196 0.00390705
197 0.00390707
198 0.0039071
199 0.00390714
200 0.00390716
201 0.0039072
202 0.00390723
203 0.00390729
204 0.0039073
205 0.00390735
206 0.00390739
207 0.00390738
208 0.00390747
209 0.00390749
210 0.00390752
211 0.00390754
212 0.0039076
213 0.00390764
214 0.00390766
215 0.00390768
216 0.00390771
217 0.00390776
218 0.0039078
219 0.00390784
220 0.00390789
221 0.00390794
222 0.00390797
223 0.00390799
224 0.00390802
225 0.00390811
226 0.00390811
227 0.00390816
228 0.00390822
229 0.00390824
230 0.00390828
231 0.00390832
232 0.00390837
233 0.00390843
234 0.00390845
235 0.00390848
236 0.00390854
237 0.00390856
238 0.00390861
239 0.00390865
240 0.00390872
241 0.00390874
242 0.0039088
243 0.00390885
244 0.00390891
245 0.00390895
246 0.00390898
247 0.00390901
248 0.00390905
249 0.0039091
250 0.00390916
251 0.0039092
252 0.00390924
253 0.0039093
254 0.00390934
255 0.00390945
