0 0.00391801
1 0.00390428
2 0.00390432
3 0.00390429
4 0.0039045
5 0.00390437
6 0.00390443
7 0.00390441
8 0.00390445
9 0.00390445
10 0.00390447
11 0.00390449
12 0.00390452
13 0.00390457
14 0.00390452
15 0.00390455
16 0.0039045
17 0.00390462
18 0.00390462
19 0.00390465
20 0.00390466
21 0.00390467
22 0.0039047
23 0.00390473
24 0.00390473
25 0.00390472
26 0.00390476
27 0.00390478
28 0.0039048
29 0.00390483
30 0.00390482
31 0.00390485
32 0.00390498
33 0.00390488
34 0.00390491
35 0.00390494
36 0.00390493
37 0.00390496
38 0.00390498
39 0.00390488
40 0.003905
41 0.00390504
42 0.00390505
43 0.00390506
44 0.0039051
45 0.00390514
46 0.00390512
47 0.00390514
48 0.00390519
49 0.00390516
50 0.00390516
51 0.00390519
52 0.00390519
53 0.00390523
54 0.00390525
55 0.00390525
56 0.00390527
57 0.0039053
58 0.0039053
59 0.00390532
60 0.00390532
61 0.00390532
62 0.00390537
63 0.00390541
64 0.00390563
65 0.00390543
66 0.00390544
67 0.00390546
68 0.00390544
69 0.00390548
70 0.00390549
71 0.0039055
72 0.00390553
73 0.00390554
74 0.00390555
75 0.0039056
76 0.00390564
77 0.00390515
78 0.00391458
79 0.00390404
80 0.00390409
81 0.00390407
82 0.0039041
83 0.00390411
84 0.00390415
85 0.00390416
86 0.00390419
87 0.0039042
88 0.00390421
89 0.00390423
90 0.00390427
91 0.00390429
92 0.0039043
93 0.00390434
94 0.00390435
95 0.00390437
96 0.00390443
97 0.00390442
98 0.00390443
99 0.00390448
100 0.00390447
101 0.00390452
102 0.00390452
103 0.00390456
104 0.00390458
105 0.00390461
106 0.00390461
107 0.00390463
108 0.00390466
109 0.00390472
110 0.00390472
111 0.00390476
112 0.00390479
113 0.00390481
114 0.00390483
115 0.00390484
116 0.00390487
117 0.0039049
118 0.00390492
119 0.00390494
120 0.00390499
121 0.00390501
122 0.00390504
123 0.00390503
124 0.00390506
125 0.0039051
126 0.00390512
127 0.00390516
128 0.00390536
129 0.00390519
130 0.00390521
131 0.00390523
132 0.00390527
133 0.00390531
134 0.00390532
135 0.00390537
136 0.00390539
137 0.00390539
138 0.00390544
139 0.00390547
140 0.0039055
141 0.00390555
142 0.00390554
143 0.00390561
144 0.0039056
145 0.00390567
146 0.00390566
147 0.00390571
148 0.00390573
149 0.00390576
150 0.00390579
151 0.00390584
152 0.00390586
153 0.00390588
154 0.00390592
155 0.00390595
156 0.00390599
157 0.00390603
158 0.00390604
159 0.00390608
160 0.00390614
161 0.00390616
162 0.00390619
163 0.0039062
164 0.00390624
165 0.0039063
166 0.00390633
167 0.0039063
168 0.00390638
169 0.00390641
170 0.00390645
171 0.00390649
172 0.00390652
173 0.00390658
174 0.0039066
175 0.00390664
176 0.00390669
177 0.00390671
178 0.00390674
179 0.00390678
180 0.00390683
181 0.0039069
182 0.00390693
183 0.00390697
184 0.003907
185 0.00390702
186 0.00390711
187 0.00390713
188 0.00390716
189 0.00390721
190 0.00390726
191 0.00390731
192 0.00390737
193 0.00390739
194 0.00390743
195 0.00390746
196 0.00390751
197 0.00390754
198 0.00390758
199 0.00390763
200 0.00390768
201 0.00390774
202 0.00390777
203 0.00390782
204 0.00390785
205 0.00390793
206 0.00390792
207 0.00390804
208 0.00390804
209 0.00390808
210 0.00390813
211 0.00390818
212 0.00390821
213 0.00390828
214 0.00390833
215 0.00390837
216 0.00390841
217 0.00390846
218 0.00390853
219 0.00390855
220 0.00390861
221 0.00390867
222 0.00390871
223 0.00390876
224 0.00390883
225 0.00390889
226 0.00390892
227 0.00390899
228 0.00390904
229 0.00390909
230 0.00390916
231 0.00390917
232 0.00390926
233 0.00390931
234 0.00390936
235 0.00390941
236 0.00390945
237 0.00390952
238 0.00390958
239 0.00390965
240 0.0039097
241 0.00390974
242 0.00390981
243 0.00390987
244 0.00390994
245 0.00390997
246 0.00391003
247 0.00391011
248 0.00391016
249 0.00391021
250 0.00391029
251 0.00391035
252 0.00391039
253 0.00391046
254 0.00391054
255 0.00391067
