0 0.00391145
1 0.00390505
2 0.00390506
3 0.00390479
4 0.00390512
5 0.00390509
6 0.00390508
7 0.00390509
8 0.00390511
9 0.00390511
10 0.00390512
11 0.00390513
12 0.00390515
13 0.00390516
14 0.00390517
15 0.00390517
16 0.00390519
17 0.0039052
18 0.0039052
19 0.0039052
20 0.0039052
21 0.00390521
22 0.00390524
23 0.00390525
24 0.00390528
25 0.00390528
26 0.00390528
27 0.00390528
28 0.0039053
29 0.00390532
30 0.00390532
31 0.00390532
32 0.00390535
33 0.00390533
34 0.00390536
35 0.00390536
36 0.00390537
37 0.00390537
38 0.00390539
39 0.0039054
40 0.00390539
41 0.00390539
42 0.00390544
43 0.00390542
44 0.00390543
45 0.00390547
46 0.00390546
47 0.00390548
48 0.00390547
49 0.00390549
50 0.0039055
51 0.00390551
52 0.0039055
53 0.00390551
54 0.00390554
55 0.00390555
56 0.00390555
57 0.00390556
58 0.00390555
59 0.00390557
60 0.00390559
61 0.0039056
62 0.00390562
63 0.00390563
64 0.00390564
65 0.00390565
66 0.00390566
67 0.00390566
68 0.00390567
69 0.00390569
70 0.00390568
71 0.00390571
72 0.0039057
73 0.00390572
74 0.00390573
75 0.00390574
76 0.00390575
77 0.00390575
78 0.00390576
79 0.0039058
80 0.0039058
81 0.00390577
82 0.00390579
83 0.00390579
84 0.00390581
85 0.00390581
86 0.00390583
87 0.00390584
88 0.00390584
89 0.00390585
90 0.00390586
91 0.00390588
92 0.00390588
93 0.0039059
94 0.0039059
95 0.0039059
96 0.00390592
97 0.00390586
98 0.00390593
99 0.00390594
100 0.00390593
101 0.00390595
102 0.00390596
103 0.00390598
104 0.00390598
105 0.003906
106 0.00390598
107 0.00390598
108 0.00390602
109 0.00390601
110 0.00390602
111 0.00390602
112 0.00390605
113 0.00390603
114 0.00390605
115 0.00390605
116 0.00390606
117 0.00390609
118 0.00390607
119 0.00390611
120 0.00390609
121 0.00390609
122 0.00390611
123 0.00390613
124 0.00390609
125 0.00390611
126 0.00390612
127 0.00390613
128 0.00390615
129 0.00390612
130 0.00390614
131 0.00390615
132 0.00390614
133 0.00390615
134 0.00390615
135 0.00390618
136 0.00390617
137 0.00390619
138 0.00390618
139 0.00390618
140 0.00390619
141 0.00390621
142 0.00390619
143 0.0039062
144 0.00390623
145 0.00390622
146 0.00390622
147 0.00390623
148 0.00390624
149 0.00390622
150 0.00390626
151 0.00390624
152 0.00390624
153 0.00390625
154 0.00390625
155 0.00390627
156 0.00390627
157 0.00390626
158 0.00390626
159 0.00390628
160 0.00390627
161 0.00390625
162 0.00390626
163 0.0039063
164 0.00390629
165 0.00390627
166 0.0039063
167 0.00390629
168 0.00390629
169 0.00390629
170 0.00390628
171 0.00390628
172 0.00390628
173 0.0039063
174 0.0039063
175 0.00390628
176 0.0039063
177 0.00390628
178 0.00390629
179 0.00390631
180 0.00390631
181 0.00390629
182 0.00390631
183 0.0039063
184 0.00390631
185 0.00390629
186 0.0039063
187 0.00390628
188 0.00390629
189 0.0039063
190 0.0039063
191 0.00390629
192 0.00390625
193 0.00390614
194 0.00390731
195 0.0039067
196 0.00390674
197 0.00390675
198 0.00390677
199 0.0039068
200 0.00390684
201 0.00390683
202 0.00390688
203 0.00390688
204 0.00390693
205 0.00390695
206 0.00390697
207 0.003907
208 0.003907
209 0.00390703
210 0.00390705
211 0.00390706
212 0.00390709
213 0.00390713
214 0.00390716
215 0.00390717
216 0.00390721
217 0.00390723
218 0.00390727
219 0.0039073
220 0.00390731
221 0.00390734
222 0.00390736
223 0.00390739
224 0.0039074
225 0.00390743
226 0.00390746
227 0.00390749
228 0.00390753
229 0.00390755
230 0.00390759
231 0.0039076
232 0.00390762
233 0.00390767
234 0.00390768
235 0.00390772
236 0.00390774
237 0.00390777
238 0.00390781
239 0.00390783
240 0.00390787
241 0.00390791
242 0.00390794
243 0.00390795
244 0.00390798
245 0.00390801
246 0.00390805
247 0.00390809
248 0.00390812
249 0.00390814
250 0.0039082
251 0.00390822
252 0.00390826
253 0.00390829
254 0.00390831
255 0.00390836
