0 0.00392155
1 0.00390424
2 0.00390428
3 0.0039043
4 0.00390451
5 0.00390439
6 0.00390442
7 0.00390441
8 0.00390453
9 0.00390444
10 0.00390457
11 0.00390451
12 0.00390446
13 0.00390453
14 0.0039046
15 0.00390461
16 0.00390497
17 0.00390462
18 0.00390466
19 0.00390466
20 0.0039047
21 0.00390478
22 0.00390485
23 0.00390477
24 0.00390479
25 0.0039048
26 0.00390492
27 0.00390485
28 0.00390492
29 0.00390492
30 0.00390492
31 0.00390494
32 0.00390531
33 0.00390496
34 0.00390502
35 0.00390501
36 0.00390505
37 0.00390508
38 0.0039051
39 0.00390512
40 0.00390515
41 0.00390526
42 0.00390468
43 0.00392034
44 0.00390311
45 0.00390314
46 0.00390317
47 0.00390312
48 0.0039032
49 0.00390315
50 0.00390324
51 0.0039032
52 0.00390326
53 0.00390322
54 0.00390334
55 0.00390328
56 0.00390336
57 0.00390333
58 0.00390343
59 0.00390338
60 0.00390344
61 0.00390346
62 0.00390353
63 0.00390347
64 0.00390373
65 0.0039039
66 0.00390367
67 0.0039036
68 0.00390369
69 0.00390367
70 0.00390373
71 0.00390371
72 0.0039038
73 0.00390375
74 0.00390383
75 0.00390379
76 0.00390386
77 0.00390384
78 0.0039039
79 0.00390388
80 0.003904
81 0.00390394
82 0.003904
83 0.00390396
84 0.00390404
85 0.00390402
86 0.0039041
87 0.00390408
88 0.00390415
89 0.00390412
90 0.00390421
91 0.00390421
92 0.00390424
93 0.00390424
94 0.00390432
95 0.0039043
96 0.00390442
97 0.00390432
98 0.00390437
99 0.00390438
100 0.00390443
101 0.0039044
102 0.00390448
103 0.00390446
104 0.00390453
105 0.00390453
106 0.0039046
107 0.00390453
108 0.00390461
109 0.00390459
110 0.00390468
111 0.00390469
112 0.00390478
113 0.00390471
114 0.00390469
115 0.00390477
116 0.00390482
117 0.00390478
118 0.00390485
119 0.00390483
120 0.0039049
121 0.00390489
122 0.00390498
123 0.00390497
124 0.00390502
125 0.00390503
126 0.00390512
127 0.00390512
128 0.00390545
129 0.00390555
130 0.00390525
131 0.00390522
132 0.0039053
133 0.00390529
134 0.00390538
135 0.00390533
136 0.00390545
137 0.00390553
138 0.00390551
139 0.00390548
140 0.00390555
141 0.00390554
142 0.00390565
143 0.00390566
144 0.00390576
145 0.00390571
146 0.00390578
147 0.00390577
148 0.00390585
149 0.00390584
150 0.00390601
151 0.00390599
152 0.00390604
153 0.00390602
154 0.00390612
155 0.00390609
156 0.0039062
157 0.00390618
158 0.00390627
159 0.00390624
160 0.00390643
161 0.00390633
162 0.00390643
163 0.00390641
164 0.00390652
165 0.00390651
166 0.00390659
167 0.0039066
168 0.00390668
169 0.00390667
170 0.00390681
171 0.0039067
172 0.0039069
173 0.00390684
174 0.00390693
175 0.00390695
176 0.00390708
177 0.00390701
178 0.00390713
179 0.0039071
180 0.0039072
181 0.00390718
182 0.00390727
183 0.00390727
184 0.00390736
185 0.00390738
186 0.00390749
187 0.00390746
188 0.00390756
189 0.00390757
190 0.00390766
191 0.00390771
192 0.00390782
193 0.00390776
194 0.00390786
195 0.00390786
196 0.00390797
197 0.00390796
198 0.00390805
199 0.00390803
200 0.00390814
201 0.0039081
202 0.00390827
203 0.00390824
204 0.00390836
205 0.00390836
206 0.00390848
207 0.00390849
208 0.00390861
209 0.00390855
210 0.00390868
211 0.00390866
212 0.00390879
213 0.00390878
214 0.00390887
215 0.00390888
216 0.00390904
217 0.00390913
218 0.00390918
219 0.00390913
220 0.00390928
221 0.0039093
222 0.00390939
223 0.00390942
224 0.00390955
225 0.0039095
226 0.00390962
227 0.00390963
228 0.00390973
229 0.00390977
230 0.00390987
231 0.00390989
232 0.00391002
233 0.00391005
234 0.00391022
235 0.00391016
236 0.00391012
237 0.00391028
238 0.00391042
239 0.00391045
240 0.00391058
241 0.00391054
242 0.00391065
243 0.00391068
244 0.0039108
245 0.00391085
246 0.00391097
247 0.00391099
248 0.00391111
249 0.00391115
250 0.00391126
251 0.00391126
252 0.00391124
253 0.00391138
254 0.00391158
255 0.00391156
