0 0.00392334
1 0.00390427
2 0.00390429
3 0.0039043
4 0.00390457
5 0.00390442
6 0.00390445
7 0.00390446
8 0.0039045
9 0.0039045
10 0.00390452
11 0.00390456
12 0.00390458
13 0.00390479
14 0.00390446
15 0.00390471
16 0.00390477
17 0.00390469
18 0.00390472
19 0.00390474
20 0.00390476
21 0.00390479
22 0.00390484
23 0.00390483
24 0.00390486
25 0.00390489
26 0.00390504
27 0.00390421
28 0.00392383
29 0.00390273
30 0.00390278
31 0.00390256
32 0.0039028
33 0.00390283
34 0.00390273
35 0.00390281
36 0.00390271
37 0.00390278
38 0.00390275
39 0.00390281
40 0.0039028
41 0.00390287
42 0.00390283
43 0.0039029
44 0.00390285
45 0.00390291
46 0.00390293
47 0.00390305
48 0.00390303
49 0.00390397
50 0.00390313
51 0.00390316
52 0.00390317
53 0.00390323
54 0.0039032
55 0.00390327
56 0.00390327
57 0.00390328
58 0.00390329
59 0.00390342
60 0.00390338
61 0.00390341
62 0.00390344
63 0.00390344
64 0.00390357
65 0.00390356
66 0.00390353
67 0.00390358
68 0.00390362
69 0.00390365
70 0.00390365
71 0.00390368
72 0.0039037
73 0.00390373
74 0.00390374
75 0.00390376
76 0.00390381
77 0.00390382
78 0.00390385
79 0.00390388
80 0.00390393
81 0.00390394
82 0.00390392
83 0.00390396
84 0.00390399
85 0.00390402
86 0.00390401
87 0.00390404
88 0.00390407
89 0.00390413
90 0.00390412
91 0.00390422
92 0.0039042
93 0.00390426
94 0.00390424
95 0.00390427
96 0.00390436
97 0.00390433
98 0.00390435
99 0.0039044
100 0.0039044
101 0.00390445
102 0.00390447
103 0.00390451
104 0.00390443
105 0.00390457
106 0.00390455
107 0.00390462
108 0.00390463
109 0.00390469
110 0.00390469
111 0.00390472
112 0.00390477
113 0.0039048
114 0.0039048
115 0.00390484
116 0.00390486
117 0.00390491
118 0.00390493
119 0.00390495
120 0.003905
121 0.00390503
122 0.00390505
123 0.00390513
124 0.00390512
125 0.00390517
126 0.00390519
127 0.00390527
128 0.00390558
129 0.0039053
130 0.00390533
131 0.00390535
132 0.00390539
133 0.00390542
134 0.00390545
135 0.00390548
136 0.0039055
137 0.00390558
138 0.00390558
139 0.00390565
140 0.00390567
141 0.00390573
142 0.00390568
143 0.00390579
144 0.00390584
145 0.00390583
146 0.00390589
147 0.00390592
148 0.00390595
149 0.00390601
150 0.00390603
151 0.00390609
152 0.00390611
153 0.00390618
154 0.00390618
155 0.0039063
156 0.00390618
157 0.00390637
158 0.00390637
159 0.00390644
160 0.00390647
161 0.0039065
162 0.00390654
163 0.00390658
164 0.0039066
165 0.00390666
166 0.00390671
167 0.00390675
168 0.0039068
169 0.00390684
170 0.00390687
171 0.00390696
172 0.00390695
173 0.00390702
174 0.00390705
175 0.00390709
176 0.00390714
177 0.0039072
178 0.00390724
179 0.00390728
180 0.00390733
181 0.00390738
182 0.00390741
183 0.00390748
184 0.00390752
185 0.00390758
186 0.00390761
187 0.00390769
188 0.00390771
189 0.00390777
190 0.00390779
191 0.0039079
192 0.00390795
193 0.00390799
194 0.00390803
195 0.00390808
196 0.00390811
197 0.0039082
198 0.00390825
199 0.0039083
200 0.00390836
201 0.00390843
202 0.00390845
203 0.00390851
204 0.00390854
205 0.00390863
206 0.0039087
207 0.00390876
208 0.00390879
209 0.00390884
210 0.00390892
211 0.00390898
212 0.00390903
213 0.00390909
214 0.00390915
215 0.00390924
216 0.00390928
217 0.00390937
218 0.00390968
219 0.0039095
220 0.00390951
221 0.00390952
222 0.00390959
223 0.00390977
224 0.00390979
225 0.00390982
226 0.00390985
227 0.00390989
228 0.00391001
229 0.00391007
230 0.00391011
231 0.00391029
232 0.00391034
233 0.0039105
234 0.00391054
235 0.00391073
236 0.00391068
237 0.00391078
238 0.00391068
239 0.00391091
240 0.00391094
241 0.00391093
242 0.00391103
243 0.00391108
244 0.00391119
245 0.0039112
246 0.00391127
247 0.0039114
248 0.00391154
249 0.00391149
250 0.00391174
251 0.00391167
252 0.00391194
253 0.00391279
254 0.00391193
255 0.00391213
