0 0.00391315
1 0.00390467
2 0.00390471
3 0.00390468
4 0.0039048
5 0.00390473
6 0.00390475
7 0.00390477
8 0.00390479
9 0.00390477
10 0.0039048
11 0.00390481
12 0.00390481
13 0.00390482
14 0.00390484
15 0.00390486
16 0.00390488
17 0.0039049
18 0.00390488
19 0.00390488
20 0.0039049
21 0.0039049
22 0.00390495
23 0.00390495
24 0.00390497
25 0.00390496
26 0.00390496
27 0.00390499
28 0.00390502
29 0.00390501
30 0.00390502
31 0.00390503
32 0.00390507
33 0.00390505
34 0.00390508
35 0.00390509
36 0.0039051
37 0.00390512
38 0.00390514
39 0.00390514
40 0.00390513
41 0.00390517
42 0.00390517
43 0.00390517
44 0.0039052
45 0.00390523
46 0.0039052
47 0.00390523
48 0.00390524
49 0.00390524
50 0.00390528
51 0.00390525
52 0.0039053
53 0.00390529
54 0.00390534
55 0.00390532
56 0.00390534
57 0.00390534
58 0.00390535
59 0.0039054
60 0.0039054
61 0.00390538
62 0.00390541
63 0.00390541
64 0.00390545
65 0.00390541
66 0.00390546
67 0.00390545
68 0.00390548
69 0.00390546
70 0.0039055
71 0.00390551
72 0.00390551
73 0.00390553
74 0.00390553
75 0.00390554
76 0.0039056
77 0.00390556
78 0.00390555
79 0.00390559
80 0.0039056
81 0.00390562
82 0.00390562
83 0.00390564
84 0.00390565
85 0.00390566
86 0.00390565
87 0.00390568
88 0.0039057
89 0.00390571
90 0.0039057
91 0.00390571
92 0.00390572
93 0.00390574
94 0.00390576
95 0.00390576
96 0.00390578
97 0.00390577
98 0.00390579
99 0.00390579
100 0.00390579
101 0.00390582
102 0.00390584
103 0.00390582
104 0.00390584
105 0.00390586
106 0.00390589
107 0.00390585
108 0.00390589
109 0.00390593
110 0.00390592
111 0.00390594
112 0.00390595
113 0.00390596
114 0.00390596
115 0.00390597
116 0.00390596
117 0.00390599
118 0.00390599
119 0.00390601
120 0.00390601
121 0.00390601
122 0.00390603
123 0.00390603
124 0.00390603
125 0.00390606
126 0.00390606
127 0.00390607
128 0.00390613
129 0.00390608
130 0.00390608
131 0.0039061
132 0.0039061
133 0.00390611
134 0.00390612
135 0.00390611
136 0.00390615
137 0.00390613
138 0.00390614
139 0.00390613
140 0.00390612
141 0.00390615
142 0.00390615
143 0.00390617
144 0.00390618
145 0.00390618
146 0.00390618
147 0.00390618
148 0.0039062
149 0.00390621
150 0.00390595
151 0.00390872
152 0.0039058
153 0.00390587
154 0.00390586
155 0.00390587
156 0.00390591
157 0.00390592
158 0.00390596
159 0.00390596
160 0.003906
161 0.00390601
162 0.00390606
163 0.00390606
164 0.00390608
165 0.00390611
166 0.00390612
167 0.00390614
168 0.00390618
169 0.0039062
170 0.00390623
171 0.00390626
172 0.00390624
173 0.0039063
174 0.00390632
175 0.00390635
176 0.00390637
177 0.00390639
178 0.00390644
179 0.00390646
180 0.00390646
181 0.00390648
182 0.00390652
183 0.00390655
184 0.00390658
185 0.00390661
186 0.0039066
187 0.00390665
188 0.00390667
189 0.00390669
190 0.00390672
191 0.00390675
192 0.00390678
193 0.00390683
194 0.00390685
195 0.00390688
196 0.00390689
197 0.00390692
198 0.00390693
199 0.00390698
200 0.00390702
201 0.00390705
202 0.00390708
203 0.00390707
204 0.00390714
205 0.00390716
206 0.00390717
207 0.00390721
208 0.00390725
209 0.00390728
210 0.0039073
211 0.00390735
212 0.00390735
213 0.00390742
214 0.00390743
215 0.00390746
216 0.00390751
217 0.00390753
218 0.00390757
219 0.00390761
220 0.00390763
221 0.00390767
222 0.00390771
223 0.00390775
224 0.00390777
225 0.00390783
226 0.00390783
227 0.0039079
228 0.00390791
229 0.00390795
230 0.00390799
231 0.00390803
232 0.00390808
233 0.0039081
234 0.00390814
235 0.00390819
236 0.00390821
237 0.00390825
238 0.00390828
239 0.00390832
240 0.00390838
241 0.00390842
242 0.00390843
243 0.00390849
244 0.00390851
245 0.00390855
246 0.0039086
247 0.00390864
248 0.0039087
249 0.00390873
250 0.00390877
251 0.00390882
252 0.00390884
253 0.0039089
254 0.00390891
255 0.003909
