0 0.00391227
1 0.00390484
2 0.00390485
3 0.00390485
4 0.00390492
5 0.00390488
6 0.0039049
7 0.00390489
8 0.00390492
9 0.00390493
10 0.00390496
11 0.00390496
12 0.00390495
13 0.00390497
14 0.00390498
15 0.00390499
16 0.00390501
17 0.00390503
18 0.003905
19 0.00390504
20 0.00390504
21 0.00390504
22 0.00390506
23 0.00390509
24 0.00390506
25 0.00390509
26 0.00390508
27 0.00390512
28 0.00390512
29 0.00390514
30 0.00390514
31 0.00390515
32 0.00390518
33 0.0039052
34 0.00390519
35 0.00390521
36 0.00390521
37 0.00390522
38 0.00390524
39 0.00390524
40 0.00390527
41 0.00390526
42 0.00390527
43 0.00390528
44 0.00390532
45 0.00390531
46 0.00390532
47 0.00390533
48 0.00390535
49 0.00390535
50 0.00390536
51 0.00390535
52 0.00390537
53 0.00390539
54 0.00390539
55 0.00390542
56 0.00390543
57 0.00390542
58 0.00390544
59 0.00390545
60 0.00390545
61 0.00390546
62 0.00390548
63 0.0039055
64 0.00390553
65 0.00390552
66 0.00390552
67 0.00390554
68 0.00390554
69 0.00390555
70 0.00390557
71 0.00390556
72 0.00390556
73 0.00390557
74 0.0039056
75 0.00390561
76 0.00390563
77 0.00390564
78 0.00390564
79 0.00390566
80 0.00390567
81 0.00390567
82 0.00390567
83 0.00390569
84 0.0039057
85 0.00390572
86 0.00390578
87 0.00390572
88 0.00390576
89 0.00390576
90 0.00390578
91 0.00390578
92 0.00390579
93 0.00390581
94 0.00390581
95 0.00390581
96 0.00390585
97 0.00390585
98 0.00390585
99 0.00390585
100 0.00390587
101 0.00390586
102 0.00390588
103 0.00390591
104 0.00390589
105 0.00390592
106 0.00390594
107 0.00390594
108 0.00390595
109 0.00390596
110 0.00390596
111 0.00390597
112 0.00390598
113 0.00390597
114 0.003906
115 0.00390599
116 0.00390599
117 0.003906
118 0.00390603
119 0.00390603
120 0.00390603
121 0.00390605
122 0.00390606
123 0.00390606
124 0.00390607
125 0.00390608
126 0.00390609
127 0.00390609
128 0.00390613
129 0.0039061
130 0.00390612
131 0.0039061
132 0.00390613
133 0.00390611
134 0.00390612
135 0.00390614
136 0.00390612
137 0.00390615
138 0.00390616
139 0.00390614
140 0.00390614
141 0.00390617
142 0.00390617
143 0.00390617
144 0.00390618
145 0.00390617
146 0.00390619
147 0.00390617
148 0.00390619
149 0.0039062
150 0.00390622
151 0.00390619
152 0.0039062
153 0.00390622
154 0.00390622
155 0.00390623
156 0.00390622
157 0.00390625
158 0.00390621
159 0.00390623
160 0.00390625
161 0.00390625
162 0.00390626
163 0.00390623
164 0.00390624
165 0.00390625
166 0.00390625
167 0.00390626
168 0.00390625
169 0.00390629
170 0.00390605
171 0.00390796
172 0.00390624
173 0.00390629
174 0.00390631
175 0.00390633
176 0.00390632
177 0.00390635
178 0.00390638
179 0.00390641
180 0.00390642
181 0.00390643
182 0.00390645
183 0.0039065
184 0.00390653
185 0.00390654
186 0.00390654
187 0.00390657
188 0.00390659
189 0.00390663
190 0.00390666
191 0.00390669
192 0.00390672
193 0.00390673
194 0.00390675
195 0.00390675
196 0.0039068
197 0.00390683
198 0.00390686
199 0.00390687
200 0.00390692
201 0.00390694
202 0.00390696
203 0.00390698
204 0.00390702
205 0.00390704
206 0.00390706
207 0.00390709
208 0.00390713
209 0.00390716
210 0.00390715
211 0.0039072
212 0.00390724
213 0.00390723
214 0.00390731
215 0.00390731
216 0.00390735
217 0.00390735
218 0.0039074
219 0.00390744
220 0.00390745
221 0.00390749
222 0.00390754
223 0.00390755
224 0.00390758
225 0.00390762
226 0.00390764
227 0.00390767
228 0.0039077
229 0.00390772
230 0.00390776
231 0.0039078
232 0.00390784
233 0.00390787
234 0.00390788
235 0.00390793
236 0.00390797
237 0.00390802
238 0.00390802
239 0.00390808
240 0.0039081
241 0.00390815
242 0.00390817
243 0.00390821
244 0.00390824
245 0.00390829
246 0.00390831
247 0.00390835
248 0.00390839
249 0.00390843
250 0.00390845
251 0.00390849
252 0.00390855
253 0.00390857
254 0.00390861
255 0.00390867
