0 0.0039169
1 0.00390433
2 0.00390436
3 0.00390434
4 0.00390452
5 0.00390441
6 0.00390445
7 0.00390445
8 0.00390449
9 0.00390446
10 0.00390452
11 0.00390452
12 0.00390455
13 0.00390454
14 0.00390456
15 0.00390458
16 0.00390469
17 0.00390463
18 0.00390464
19 0.00390465
20 0.00390467
21 0.00390468
22 0.0039047
23 0.00390473
24 0.00390472
25 0.00390475
26 0.00390479
27 0.00390479
28 0.00390482
29 0.00390483
30 0.00390484
31 0.00390482
32 0.00390488
33 0.0039049
34 0.00390492
35 0.00390492
36 0.00390495
37 0.00390494
38 0.00390495
39 0.00390499
40 0.00390501
41 0.00390499
42 0.00390502
43 0.00390504
44 0.00390501
45 0.0039051
46 0.00390515
47 0.00390511
48 0.00390516
49 0.00390515
50 0.00390517
51 0.00390518
52 0.0039052
53 0.0039052
54 0.00390521
55 0.00390522
56 0.00390526
57 0.00390528
58 0.0039053
59 0.00390529
60 0.00390529
61 0.00390533
62 0.00390535
63 0.00390537
64 0.00390554
65 0.0039054
66 0.00390541
67 0.00390544
68 0.00390544
69 0.00390545
70 0.00390547
71 0.00390549
72 0.0039055
73 0.0039055
74 0.00390554
75 0.00390554
76 0.00390556
77 0.00390556
78 0.00390559
79 0.00390561
80 0.00390562
81 0.00390563
82 0.00390565
83 0.00390565
84 0.00390564
85 0.0039057
86 0.00390571
87 0.00390572
88 0.00390576
89 0.00390577
90 0.00390538
91 0.00391305
92 0.00390435
93 0.00390441
94 0.00390438
95 0.00390444
96 0.00390445
97 0.00390445
98 0.00390449
99 0.00390452
100 0.00390452
101 0.00390453
102 0.00390459
103 0.00390458
104 0.00390463
105 0.00390464
106 0.00390467
107 0.00390468
108 0.00390472
109 0.00390472
110 0.00390475
111 0.00390477
112 0.00390481
113 0.00390483
114 0.00390481
115 0.00390485
116 0.00390487
117 0.00390491
118 0.00390493
119 0.00390495
120 0.00390499
121 0.00390501
122 0.00390503
123 0.00390504
124 0.00390509
125 0.0039051
126 0.00390513
127 0.00390516
128 0.00390534
129 0.00390521
130 0.00390524
131 0.00390526
132 0.00390526
133 0.00390528
134 0.00390534
135 0.00390533
136 0.00390538
137 0.0039054
138 0.00390548
139 0.00390545
140 0.00390548
141 0.0039055
142 0.00390555
143 0.00390556
144 0.00390561
145 0.00390563
146 0.00390561
147 0.00390567
148 0.00390571
149 0.00390572
150 0.00390578
151 0.00390578
152 0.0039058
153 0.00390586
154 0.0039059
155 0.00390591
156 0.00390594
157 0.00390595
158 0.003906
159 0.00390603
160 0.00390605
161 0.00390609
162 0.00390611
163 0.00390617
164 0.00390618
165 0.00390621
166 0.00390626
167 0.00390628
168 0.00390635
169 0.00390638
170 0.00390642
171 0.00390646
172 0.00390649
173 0.00390652
174 0.00390659
175 0.00390658
176 0.00390663
177 0.00390665
178 0.0039067
179 0.00390673
180 0.00390677
181 0.00390682
182 0.00390684
183 0.00390688
184 0.00390693
185 0.00390693
186 0.00390699
187 0.00390702
188 0.00390705
189 0.00390711
190 0.00390712
191 0.00390719
192 0.00390723
193 0.00390723
194 0.00390729
195 0.00390731
196 0.00390736
197 0.0039074
198 0.00390746
199 0.00390748
200 0.00390752
201 0.00390756
202 0.00390762
203 0.00390768
204 0.00390769
205 0.00390774
206 0.00390776
207 0.00390782
208 0.00390785
209 0.00390791
210 0.00390794
211 0.00390799
212 0.00390804
213 0.00390809
214 0.00390811
215 0.00390817
216 0.00390822
217 0.00390826
218 0.00390833
219 0.00390831
220 0.00390844
221 0.00390845
222 0.0039085
223 0.00390854
224 0.00390861
225 0.00390865
226 0.0039087
227 0.00390873
228 0.00390879
229 0.00390883
230 0.0039089
231 0.00390892
232 0.00390898
233 0.00390903
234 0.0039091
235 0.00390914
236 0.00390917
237 0.00390925
238 0.00390931
239 0.00390938
240 0.0039094
241 0.00390945
242 0.00390951
243 0.00390957
244 0.00390963
245 0.00390967
246 0.00390972
247 0.00390977
248 0.00390984
249 0.00390989
250 0.00390995
251 0.00391
252 0.00391007
253 0.00391013
254 0.00391019
255 0.00391025
