0 0.00391585
1 0.00390439
2 0.00390441
3 0.00390441
4 0.00390454
5 0.00390446
6 0.00390451
7 0.00390447
8 0.00390452
9 0.00390453
10 0.00390457
11 0.00390456
12 0.00390458
13 0.00390459
14 0.00390461
15 0.00390463
16 0.00390467
17 0.00390466
18 0.00390467
19 0.00390469
20 0.00390471
21 0.00390472
22 0.00390473
23 0.00390475
24 0.00390476
25 0.0039048
26 0.00390479
27 0.00390482
28 0.00390482
29 0.00390484
30 0.00390486
31 0.00390484
32 0.00390492
33 0.00390489
34 0.00390491
35 0.00390493
36 0.00390496
37 0.00390495
38 0.00390497
39 0.003905
40 0.003905
41 0.00390502
42 0.00390505
43 0.00390503
44 0.00390506
45 0.00390506
46 0.00390508
47 0.00390512
48 0.00390515
49 0.00390513
50 0.00390514
51 0.00390516
52 0.00390522
53 0.00390526
54 0.00390521
55 0.00390522
56 0.00390525
57 0.00390526
58 0.00390523
59 0.00390529
60 0.0039053
61 0.00390531
62 0.00390533
63 0.00390533
64 0.00390542
65 0.00390537
66 0.0039054
67 0.00390542
68 0.00390539
69 0.00390544
70 0.00390542
71 0.00390547
72 0.00390547
73 0.0039055
74 0.0039055
75 0.0039055
76 0.00390553
77 0.00390553
78 0.00390556
79 0.00390556
80 0.00390562
81 0.0039056
82 0.0039056
83 0.00390562
84 0.00390563
85 0.00390565
86 0.00390565
87 0.00390567
88 0.00390569
89 0.00390569
90 0.00390572
91 0.00390573
92 0.00390572
93 0.00390575
94 0.00390576
95 0.00390577
96 0.00390582
97 0.00390578
98 0.00390579
99 0.00390582
100 0.00390585
101 0.00390583
102 0.00390586
103 0.00390589
104 0.00390556
105 0.00391169
106 0.00390471
107 0.00390475
108 0.00390474
109 0.00390477
110 0.00390478
111 0.0039048
112 0.00390484
113 0.00390487
114 0.00390487
115 0.00390488
116 0.00390491
117 0.00390497
118 0.00390497
119 0.00390501
120 0.00390502
121 0.00390503
122 0.00390505
123 0.00390508
124 0.0039051
125 0.00390512
126 0.00390513
127 0.00390518
128 0.00390531
129 0.00390518
130 0.00390523
131 0.00390527
132 0.00390527
133 0.00390529
134 0.00390536
135 0.00390536
136 0.00390537
137 0.00390541
138 0.00390545
139 0.00390546
140 0.00390548
141 0.0039055
142 0.00390555
143 0.00390556
144 0.00390559
145 0.00390563
146 0.00390563
147 0.00390566
148 0.00390571
149 0.00390572
150 0.00390575
151 0.00390578
152 0.0039058
153 0.00390581
154 0.00390588
155 0.00390591
156 0.00390592
157 0.00390596
158 0.00390599
159 0.00390604
160 0.00390606
161 0.00390608
162 0.00390611
163 0.00390613
164 0.00390617
165 0.0039062
166 0.00390624
167 0.00390625
168 0.0039063
169 0.00390632
170 0.00390636
171 0.0039064
172 0.00390642
173 0.00390644
174 0.00390649
175 0.00390653
176 0.00390655
177 0.00390655
178 0.0039066
179 0.00390663
180 0.00390664
181 0.00390676
182 0.00390674
183 0.00390677
184 0.00390682
185 0.00390684
186 0.00390688
187 0.00390691
188 0.00390694
189 0.00390699
190 0.00390701
191 0.00390705
192 0.00390709
193 0.00390711
194 0.00390714
195 0.0039072
196 0.00390723
197 0.00390727
198 0.00390729
199 0.00390734
200 0.00390739
201 0.00390743
202 0.00390745
203 0.00390748
204 0.00390753
205 0.00390759
206 0.00390761
207 0.00390765
208 0.0039077
209 0.00390772
210 0.00390778
211 0.0039078
212 0.00390785
213 0.00390791
214 0.00390793
215 0.00390798
216 0.00390802
217 0.00390807
218 0.00390812
219 0.00390817
220 0.0039082
221 0.00390822
222 0.0039083
223 0.00390834
224 0.00390838
225 0.00390843
226 0.00390846
227 0.00390853
228 0.00390856
229 0.00390858
230 0.00390864
231 0.00390869
232 0.00390876
233 0.00390874
234 0.00390886
235 0.00390891
236 0.00390892
237 0.00390897
238 0.00390901
239 0.00390906
240 0.00390914
241 0.00390919
242 0.00390922
243 0.00390928
244 0.00390933
245 0.00390938
246 0.00390944
247 0.00390949
248 0.00390953
249 0.00390959
250 0.00390962
251 0.0039097
252 0.00390976
253 0.0039098
254 0.00390984
255 0.00390995
