0 0.00391989
1 0.00390425
2 0.00390427
3 0.00390427
4 0.00390451
5 0.00390435
6 0.0039044
7 0.0039044
8 0.00390446
9 0.00390439
10 0.00390446
11 0.00390443
12 0.00390451
13 0.00390455
14 0.00390453
15 0.00390458
16 0.00390476
17 0.00390461
18 0.00390462
19 0.00390465
20 0.00390465
21 0.00390469
22 0.00390472
23 0.00390473
24 0.00390474
25 0.00390492
26 0.00390472
27 0.00390487
28 0.00390483
29 0.00390471
30 0.00390486
31 0.00390489
32 0.00390551
33 0.00390491
34 0.00390496
35 0.00390496
36 0.00390498
37 0.00390498
38 0.003905
39 0.00390504
40 0.00390505
41 0.00390511
42 0.00390508
43 0.0039051
44 0.00390511
45 0.00390516
46 0.00390518
47 0.00390509
48 0.00390543
49 0.00390523
50 0.00390524
51 0.00390525
52 0.00390528
53 0.00390529
54 0.0039053
55 0.00390534
56 0.00390545
57 0.00390485
58 0.00391749
59 0.00390349
60 0.00390357
61 0.00390354
62 0.00390356
63 0.00390352
64 0.00390366
65 0.0039036
66 0.00390364
67 0.00390366
68 0.00390369
69 0.0039037
70 0.00390374
71 0.00390376
72 0.00390377
73 0.00390381
74 0.00390381
75 0.00390383
76 0.00390386
77 0.0039039
78 0.0039039
79 0.00390393
80 0.003904
81 0.00390411
82 0.00390401
83 0.00390402
84 0.00390406
85 0.00390408
86 0.00390411
87 0.00390412
88 0.00390413
89 0.0039042
90 0.00390419
91 0.00390423
92 0.00390424
93 0.00390427
94 0.0039043
95 0.0039043
96 0.00390439
97 0.00390436
98 0.00390437
99 0.00390443
100 0.00390444
101 0.00390447
102 0.00390449
103 0.00390454
104 0.00390453
105 0.00390458
106 0.00390461
107 0.00390463
108 0.00390465
109 0.00390469
110 0.00390472
111 0.00390478
112 0.0039048
113 0.00390481
114 0.00390484
115 0.00390485
116 0.00390488
117 0.00390489
118 0.00390494
119 0.003905
120 0.003905
121 0.00390502
122 0.00390505
123 0.00390509
124 0.00390504
125 0.00390513
126 0.00390516
127 0.00390519
128 0.00390546
129 0.00390525
130 0.00390528
131 0.0039053
132 0.00390533
133 0.00390535
134 0.00390538
135 0.00390542
136 0.00390543
137 0.00390548
138 0.0039055
139 0.00390552
140 0.00390557
141 0.0039056
142 0.00390563
143 0.00390565
144 0.00390572
145 0.00390573
146 0.00390576
147 0.0039058
148 0.00390583
149 0.00390585
150 0.0039059
151 0.00390592
152 0.00390597
153 0.00390601
154 0.00390602
155 0.00390607
156 0.00390608
157 0.0039061
158 0.00390617
159 0.00390619
160 0.00390626
161 0.0039063
162 0.00390631
163 0.00390633
164 0.00390636
165 0.00390641
166 0.00390645
167 0.00390649
168 0.00390653
169 0.00390656
170 0.00390661
171 0.00390665
172 0.00390669
173 0.00390673
174 0.00390676
175 0.00390681
176 0.00390687
177 0.00390689
178 0.00390693
179 0.00390696
180 0.00390701
181 0.00390707
182 0.00390711
183 0.00390714
184 0.00390719
185 0.00390726
186 0.00390722
187 0.00390734
188 0.00390737
189 0.00390738
190 0.00390747
191 0.00390749
192 0.00390758
193 0.00390756
194 0.0039076
195 0.00390765
196 0.00390769
197 0.00390775
198 0.00390778
199 0.00390782
200 0.00390786
201 0.00390796
202 0.00390801
203 0.00390804
204 0.00390811
205 0.00390815
206 0.0039082
207 0.00390827
208 0.00390833
209 0.00390837
210 0.00390841
211 0.00390846
212 0.00390853
213 0.00390857
214 0.00390863
215 0.00390865
216 0.00390878
217 0.00390879
218 0.00390885
219 0.00390888
220 0.00390893
221 0.00390899
222 0.00390905
223 0.00390911
224 0.0039092
225 0.0039092
226 0.00390928
227 0.00390933
228 0.00390937
229 0.00390942
230 0.00390947
231 0.00390953
232 0.00390958
233 0.00390967
234 0.00390972
235 0.00390981
236 0.00390988
237 0.00390988
238 0.00390995
239 0.00391002
240 0.00391013
241 0.00391036
242 0.00391024
243 0.00391031
244 0.00391037
245 0.00391043
246 0.00391051
247 0.00391057
248 0.00391067
249 0.00391072
250 0.00391073
251 0.00391064
252 0.00391094
253 0.00391102
254 0.00391108
255 0.00391113
