0 0.00391462
1 0.00390448
2 0.00390451
3 0.00390452
4 0.00390464
5 0.00390455
6 0.00390459
7 0.00390459
8 0.00390461
9 0.00390462
10 0.00390465
11 0.00390463
12 0.00390466
13 0.00390468
14 0.00390469
15 0.0039047
16 0.00390473
17 0.00390472
18 0.00390474
19 0.00390475
20 0.00390476
21 0.0039048
22 0.00390478
23 0.00390482
24 0.00390482
25 0.00390484
26 0.00390487
27 0.00390488
28 0.00390487
29 0.0039049
30 0.00390491
31 0.0039049
32 0.00390496
33 0.00390496
34 0.00390494
35 0.003905
36 0.00390501
37 0.003905
38 0.00390502
39 0.00390504
40 0.00390504
41 0.00390508
42 0.00390507
43 0.00390509
44 0.00390511
45 0.00390511
46 0.00390512
47 0.00390515
48 0.00390517
49 0.00390516
50 0.00390517
51 0.00390519
52 0.0039052
53 0.0039052
54 0.00390521
55 0.00390523
56 0.00390527
57 0.00390527
58 0.00390527
59 0.00390529
60 0.00390529
61 0.00390533
62 0.00390524
63 0.00390536
64 0.0039054
65 0.00390535
66 0.00390539
67 0.00390541
68 0.00390543
69 0.00390543
70 0.00390544
71 0.00390544
72 0.00390544
73 0.00390547
74 0.00390549
75 0.00390547
76 0.00390553
77 0.0039055
78 0.00390553
79 0.00390556
80 0.00390554
81 0.00390557
82 0.00390559
83 0.00390561
84 0.00390561
85 0.00390564
86 0.0039056
87 0.00390565
88 0.00390566
89 0.00390568
90 0.00390566
91 0.00390569
92 0.00390571
93 0.0039057
94 0.00390572
95 0.00390575
96 0.00390576
97 0.00390575
98 0.00390575
99 0.00390578
100 0.00390579
101 0.00390582
102 0.00390581
103 0.00390583
104 0.00390581
105 0.00390585
106 0.00390587
107 0.00390586
108 0.00390586
109 0.00390589
110 0.0039059
111 0.0039059
112 0.00390592
113 0.00390593
114 0.00390593
115 0.00390593
116 0.00390594
117 0.00390595
118 0.00390597
119 0.00390599
120 0.00390597
121 0.00390599
122 0.00390605
123 0.00390573
124 0.0039102
125 0.00390517
126 0.00390521
127 0.00390521
128 0.00390533
129 0.00390525
130 0.00390527
131 0.00390529
132 0.00390531
133 0.00390533
134 0.00390536
135 0.00390538
136 0.00390542
137 0.00390545
138 0.00390547
139 0.0039055
140 0.00390554
141 0.00390555
142 0.00390555
143 0.00390558
144 0.00390563
145 0.00390564
146 0.00390564
147 0.0039057
148 0.00390573
149 0.00390574
150 0.00390576
151 0.00390578
152 0.00390583
153 0.00390586
154 0.00390585
155 0.0039059
156 0.0039059
157 0.00390594
158 0.00390595
159 0.003906
160 0.00390603
161 0.00390606
162 0.00390607
163 0.0039061
164 0.00390612
165 0.00390615
166 0.00390618
167 0.00390621
168 0.00390619
169 0.00390625
170 0.00390628
171 0.00390631
172 0.00390633
173 0.00390636
174 0.0039064
175 0.00390642
176 0.00390644
177 0.00390647
178 0.0039065
179 0.00390654
180 0.00390656
181 0.0039066
182 0.00390662
183 0.00390666
184 0.00390668
185 0.00390672
186 0.00390673
187 0.0039068
188 0.00390683
189 0.00390685
190 0.00390685
191 0.00390689
192 0.00390694
193 0.00390697
194 0.003907
195 0.00390702
196 0.00390708
197 0.00390711
198 0.00390713
199 0.0039072
200 0.0039072
201 0.00390725
202 0.00390729
203 0.00390732
204 0.00390734
205 0.0039074
206 0.00390743
207 0.00390747
208 0.0039075
209 0.00390753
210 0.00390757
211 0.0039076
212 0.00390765
213 0.00390769
214 0.00390772
215 0.00390776
216 0.0039078
217 0.00390784
218 0.00390787
219 0.00390791
220 0.00390795
221 0.00390799
222 0.00390804
223 0.00390808
224 0.00390812
225 0.00390816
226 0.0039082
227 0.00390825
228 0.00390828
229 0.00390832
230 0.00390837
231 0.0039084
232 0.00390846
233 0.0039085
234 0.00390853
235 0.00390857
236 0.00390862
237 0.00390867
238 0.00390871
239 0.00390876
240 0.00390879
241 0.00390886
242 0.0039089
243 0.00390894
244 0.00390899
245 0.00390904
246 0.00390907
247 0.0039091
248 0.00390917
249 0.00390921
250 0.00390928
251 0.00390933
252 0.00390934
253 0.00390946
254 0.00390947
255 0.00390951
