0 0.00391063
1 0.00390534
2 0.00390533
3 0.00390536
4 0.0039054
5 0.00390536
6 0.00390535
7 0.00390536
8 0.00390538
9 0.00390538
10 0.00390539
11 0.0039054
12 0.00390541
13 0.00390542
14 0.00390542
15 0.00390543
16 0.00390544
17 0.00390544
18 0.00390547
19 0.00390545
20 0.00390545
21 0.00390549
22 0.00390548
23 0.00390549
24 0.00390551
25 0.0039055
26 0.00390551
27 0.00390551
28 0.00390552
29 0.00390555
30 0.00390555
31 0.00390555
32 0.00390555
33 0.00390558
34 0.00390557
35 0.00390559
36 0.00390561
37 0.0039056
38 0.00390562
39 0.00390559
40 0.00390564
41 0.00390562
42 0.00390564
43 0.00390566
44 0.00390566
45 0.00390568
46 0.00390568
47 0.00390568
48 0.0039057
49 0.00390571
50 0.0039057
51 0.0039057
52 0.00390573
53 0.00390573
54 0.00390573
55 0.00390575
56 0.00390577
57 0.00390578
58 0.00390576
59 0.00390577
60 0.00390579
61 0.00390579
62 0.00390581
63 0.0039058
64 0.00390582
65 0.00390582
66 0.00390583
67 0.00390583
68 0.00390584
69 0.00390585
70 0.00390587
71 0.00390587
72 0.00390587
73 0.00390589
74 0.00390588
75 0.00390589
76 0.00390589
77 0.00390591
78 0.00390591
79 0.00390591
80 0.00390593
81 0.00390595
82 0.00390594
83 0.00390596
84 0.00390595
85 0.00390598
86 0.00390598
87 0.00390599
88 0.003906
89 0.00390599
90 0.00390599
91 0.00390602
92 0.00390603
93 0.00390604
94 0.00390603
95 0.00390603
96 0.00390606
97 0.00390606
98 0.00390604
99 0.00390603
100 0.00390608
101 0.00390607
102 0.00390608
103 0.00390608
104 0.00390609
105 0.00390609
106 0.00390611
107 0.00390612
108 0.00390613
109 0.00390614
110 0.00390614
111 0.00390612
112 0.00390621
113 0.00390616
114 0.00390614
115 0.00390618
116 0.00390616
117 0.0039062
118 0.00390618
119 0.00390619
120 0.00390619
121 0.0039062
122 0.00390621
123 0.0039062
124 0.00390621
125 0.00390622
126 0.00390622
127 0.00390623
128 0.00390627
129 0.00390623
130 0.00390625
131 0.00390627
132 0.00390626
133 0.00390627
134 0.00390628
135 0.00390627
136 0.00390627
137 0.00390628
138 0.00390627
139 0.00390628
140 0.00390631
141 0.00390631
142 0.00390631
143 0.0039063
144 0.00390633
145 0.00390633
146 0.0039063
147 0.00390632
148 0.00390632
149 0.00390633
150 0.00390633
151 0.00390634
152 0.00390633
153 0.00390633
154 0.00390636
155 0.00390636
156 0.00390634
157 0.00390635
158 0.00390634
159 0.00390636
160 0.00390637
161 0.00390636
162 0.00390637
163 0.00390638
164 0.00390638
165 0.00390636
166 0.00390638
167 0.00390638
168 0.00390639
169 0.00390639
170 0.00390637
171 0.00390638
172 0.00390636
173 0.00390638
174 0.00390639
175 0.0039064
176 0.0039064
177 0.00390638
178 0.00390638
179 0.0039064
180 0.00390639
181 0.00390638
182 0.0039064
183 0.00390639
184 0.0039064
185 0.00390638
186 0.00390638
187 0.0039064
188 0.00390638
189 0.0039064
190 0.00390638
191 0.00390636
192 0.0039064
193 0.00390638
194 0.00390636
195 0.00390636
196 0.00390637
197 0.00390637
198 0.00390637
199 0.00390636
200 0.00390637
201 0.00390636
202 0.00390636
203 0.00390636
204 0.00390635
205 0.00390636
206 0.00390633
207 0.00390632
208 0.00390635
209 0.00390637
210 0.00390633
211 0.00390633
212 0.00390633
213 0.00390631
214 0.00390631
215 0.0039063
216 0.00390631
217 0.0039063
218 0.00390629
219 0.00390628
220 0.00390628
221 0.00390631
222 0.00390612
223 0.00390679
224 0.00390724
225 0.00390726
226 0.00390728
227 0.00390731
228 0.00390734
229 0.00390737
230 0.00390738
231 0.00390739
232 0.0039074
233 0.00390746
234 0.00390745
235 0.00390749
236 0.00390752
237 0.00390754
238 0.00390758
239 0.00390756
240 0.0039076
241 0.00390765
242 0.00390766
243 0.00390769
244 0.0039077
245 0.00390773
246 0.00390775
247 0.00390779
248 0.00390779
249 0.00390783
250 0.00390786
251 0.0039079
252 0.00390792
253 0.00390795
254 0.00390799
255 0.003908
