0 0.00391482
1 0.00390448
2 0.00390449
3 0.00390449
4 0.00390462
5 0.00390454
6 0.00390457
7 0.00390456
8 0.00390458
9 0.0039046
10 0.00390463
11 0.00390462
12 0.00390466
13 0.00390467
14 0.00390469
15 0.0039047
16 0.00390472
17 0.00390471
18 0.00390474
19 0.00390473
20 0.00390475
21 0.00390478
22 0.00390478
23 0.00390478
24 0.00390483
25 0.00390482
26 0.00390484
27 0.00390486
28 0.00390487
29 0.0039049
30 0.0039049
31 0.0039049
32 0.00390496
33 0.00390496
34 0.00390494
35 0.00390496
36 0.003905
37 0.00390501
38 0.00390501
39 0.00390505
40 0.00390506
41 0.00390507
42 0.00390507
43 0.00390507
44 0.00390507
45 0.0039051
46 0.00390509
47 0.00390512
48 0.00390515
49 0.00390516
50 0.00390517
51 0.00390517
52 0.00390522
53 0.00390518
54 0.00390523
55 0.00390523
56 0.00390524
57 0.00390526
58 0.0039053
59 0.0039053
60 0.00390533
61 0.00390536
62 0.00390533
63 0.00390535
64 0.00390541
65 0.00390539
66 0.00390538
67 0.0039054
68 0.00390541
69 0.00390543
70 0.00390544
71 0.00390544
72 0.00390547
73 0.00390547
74 0.00390547
75 0.00390551
76 0.00390552
77 0.00390552
78 0.00390553
79 0.00390553
80 0.00390558
81 0.00390557
82 0.0039056
83 0.00390561
84 0.00390561
85 0.00390563
86 0.00390564
87 0.00390564
88 0.00390568
89 0.00390567
90 0.00390568
91 0.0039057
92 0.00390568
93 0.00390573
94 0.00390574
95 0.00390573
96 0.0039058
97 0.00390577
98 0.00390579
99 0.00390579
100 0.0039058
101 0.00390581
102 0.00390582
103 0.00390583
104 0.00390584
105 0.00390587
106 0.00390585
107 0.00390588
108 0.00390588
109 0.0039059
110 0.00390592
111 0.00390591
112 0.00390594
113 0.00390593
114 0.00390595
115 0.00390594
116 0.00390596
117 0.00390598
118 0.003906
119 0.00390604
120 0.00390573
121 0.00391042
122 0.00390511
123 0.00390516
124 0.00390513
125 0.00390518
126 0.00390518
127 0.0039052
128 0.00390534
129 0.00390525
130 0.00390525
131 0.0039053
132 0.00390529
133 0.00390532
134 0.00390536
135 0.00390537
136 0.00390539
137 0.00390542
138 0.00390548
139 0.0039055
140 0.00390552
141 0.00390556
142 0.00390556
143 0.0039056
144 0.00390562
145 0.00390563
146 0.00390567
147 0.00390569
148 0.00390572
149 0.00390573
150 0.00390576
151 0.00390577
152 0.00390581
153 0.00390582
154 0.00390584
155 0.00390589
156 0.00390591
157 0.00390594
158 0.00390597
159 0.003906
160 0.00390602
161 0.00390607
162 0.00390608
163 0.0039061
164 0.00390612
165 0.00390616
166 0.00390616
167 0.00390619
168 0.00390624
169 0.00390625
170 0.0039063
171 0.00390632
172 0.00390634
173 0.00390637
174 0.00390641
175 0.00390642
176 0.00390646
177 0.00390649
178 0.00390651
179 0.00390654
180 0.0039066
181 0.00390661
182 0.00390665
183 0.00390667
184 0.00390672
185 0.00390674
186 0.00390677
187 0.00390678
188 0.00390681
189 0.0039069
190 0.00390689
191 0.00390692
192 0.00390697
193 0.00390701
194 0.00390704
195 0.00390708
196 0.00390709
197 0.00390715
198 0.00390718
199 0.00390718
200 0.00390724
201 0.00390728
202 0.00390728
203 0.00390735
204 0.00390738
205 0.00390739
206 0.00390745
207 0.00390747
208 0.0039075
209 0.00390758
210 0.00390759
211 0.00390763
212 0.00390767
213 0.0039077
214 0.00390774
215 0.00390778
216 0.00390781
217 0.00390785
218 0.00390792
219 0.00390796
220 0.00390796
221 0.00390804
222 0.00390805
223 0.00390811
224 0.00390814
225 0.00390818
226 0.00390822
227 0.00390827
228 0.00390831
229 0.00390832
230 0.0039084
231 0.00390843
232 0.00390849
233 0.00390851
234 0.00390855
235 0.00390862
236 0.00390867
237 0.00390871
238 0.00390876
239 0.00390878
240 0.00390884
241 0.00390887
242 0.00390892
243 0.00390898
244 0.00390904
245 0.00390906
246 0.00390912
247 0.00390916
248 0.00390922
249 0.00390924
250 0.00390935
251 0.00390935
252 0.00390942
253 0.00390945
254 0.00390948
255 0.00390957
