0 0.0039262
1 0.00390437
2 0.00391863
3 0.00390354
4 0.00392589
5 0.00390193
6 0.00390213
7 0.00390206
8 0.00390205
9 0.00390212
10 0.00390215
11 0.00390218
12 0.0039022
13 0.00390224
14 0.00390225
15 0.00390228
16 0.00390237
17 0.00390234
18 0.00390234
19 0.00390234
20 0.0039024
21 0.00390242
22 0.00390246
23 0.00390247
24 0.00390248
25 0.0039025
26 0.00390252
27 0.00390258
28 0.0039026
29 0.00390256
30 0.00390262
31 0.00390236
32 0.00390269
33 0.00390274
34 0.00390268
35 0.00390281
36 0.0039027
37 0.0039028
38 0.00390277
39 0.00390287
40 0.00390284
41 0.0039029
42 0.00390289
43 0.00390295
44 0.00390294
45 0.00390298
46 0.00390297
47 0.00390312
48 0.00390307
49 0.0039031
50 0.00390312
51 0.0039031
52 0.00390315
53 0.0039032
54 0.0039032
55 0.00390322
56 0.00390325
57 0.00390328
58 0.00390328
59 0.00390336
60 0.00390335
61 0.00390339
62 0.00390339
63 0.00390338
64 0.00390288
65 0.00390349
66 0.00390351
67 0.00390366
68 0.00390378
69 0.00390357
70 0.00390355
71 0.00390361
72 0.00390366
73 0.00390366
74 0.00390369
75 0.00390374
76 0.00390374
77 0.00390379
78 0.00390378
79 0.00390386
80 0.00390382
81 0.00390391
82 0.00390393
83 0.00390401
84 0.00390398
85 0.00390398
86 0.00390402
87 0.00390406
88 0.00390396
89 0.00390409
90 0.00390409
91 0.00390414
92 0.00390415
93 0.00390418
94 0.00390421
95 0.00390423
96 0.00390429
97 0.00390435
98 0.00390438
99 0.00390442
100 0.00390443
101 0.00390443
102 0.00390447
103 0.00390452
104 0.00390451
105 0.00390459
106 0.00390461
107 0.00390467
108 0.00390467
109 0.0039047
110 0.00390471
111 0.0039048
112 0.00390482
113 0.00390486
114 0.00390489
115 0.00390492
116 0.00390494
117 0.00390497
118 0.00390501
119 0.00390506
120 0.00390507
121 0.00390512
122 0.00390515
123 0.00390519
124 0.00390522
125 0.00390528
126 0.0039052
127 0.00390523
128 0.00390553
129 0.00390534
130 0.00390461
131 0.00390558
132 0.00390552
133 0.00390552
134 0.00390553
135 0.00390557
136 0.00390562
137 0.00390564
138 0.00390571
139 0.00390576
140 0.00390579
141 0.00390581
142 0.00390584
143 0.00390591
144 0.00390592
145 0.00390598
146 0.00390603
147 0.00390607
148 0.00390609
149 0.00390614
150 0.00390615
151 0.00390623
152 0.00390625
153 0.00390631
154 0.00390633
155 0.00390643
156 0.00390641
157 0.00390647
158 0.00390652
159 0.0039066
160 0.00390661
161 0.00390668
162 0.00390673
163 0.00390675
164 0.0039068
165 0.00390685
166 0.00390687
167 0.00390694
168 0.00390698
169 0.00390703
170 0.00390705
171 0.00390713
172 0.00390715
173 0.00390724
174 0.00390733
175 0.00390732
176 0.00390737
177 0.00390744
178 0.00390745
179 0.00390752
180 0.00390753
181 0.00390763
182 0.00390765
183 0.00390775
184 0.00390778
185 0.00390784
186 0.00390788
187 0.00390796
188 0.00390801
189 0.00390806
190 0.00390811
191 0.00390816
192 0.00390827
193 0.0039083
194 0.00390834
195 0.00390847
196 0.00390856
197 0.0039086
198 0.00390851
199 0.0039086
200 0.00390871
201 0.00390873
202 0.00390879
203 0.00390885
204 0.0039089
205 0.00390897
206 0.00390903
207 0.0039091
208 0.00390918
209 0.00390919
210 0.00390931
211 0.00390938
212 0.00390941
213 0.00390977
214 0.00390952
215 0.00390955
216 0.00390967
217 0.00390975
218 0.00390983
219 0.00390985
220 0.00390996
221 0.00390998
222 0.0039101
223 0.0039101
224 0.00391036
225 0.00391025
226 0.00391044
227 0.00391033
228 0.00391057
229 0.00391159
230 0.00391063
231 0.00391065
232 0.00391084
233 0.00391089
234 0.00391097
235 0.00391105
236 0.00391109
237 0.00391119
238 0.0039113
239 0.0039114
240 0.00391141
241 0.00391154
242 0.00391166
243 0.00391169
244 0.00391177
245 0.00391178
246 0.00391196
247 0.00391202
248 0.00391212
249 0.00391219
250 0.00391226
251 0.00391235
252 0.00391243
253 0.00391245
254 0.0039126
255 0.00391282
