0 0.00391442
1 0.00390245
2 0.00390451
3 0.00390452
4 0.00390463
5 0.00390456
6 0.00390459
7 0.00390459
8 0.00390463
9 0.00390463
10 0.00390465
11 0.00390465
12 0.00390466
13 0.00390467
14 0.00390471
15 0.00390472
16 0.00390475
17 0.00390476
18 0.00390475
19 0.00390478
20 0.00390477
21 0.0039048
22 0.0039048
23 0.00390483
24 0.00390484
25 0.00390485
26 0.00390485
27 0.00390488
28 0.0039049
29 0.00390491
30 0.0039049
31 0.00390492
32 0.00390497
33 0.00390497
34 0.00390495
35 0.00390499
36 0.00390499
37 0.00390501
38 0.00390502
39 0.00390505
40 0.00390506
41 0.00390507
42 0.00390506
43 0.0039051
44 0.00390509
45 0.00390511
46 0.00390512
47 0.00390515
48 0.00390517
49 0.00390515
50 0.00390519
51 0.00390518
52 0.0039052
53 0.00390523
54 0.00390523
55 0.00390525
56 0.00390525
57 0.00390527
58 0.00390529
59 0.00390531
60 0.00390529
61 0.00390532
62 0.00390533
63 0.00390536
64 0.00390534
65 0.00390539
66 0.00390538
67 0.00390541
68 0.00390539
69 0.00390543
70 0.00390543
71 0.00390544
72 0.00390544
73 0.00390546
74 0.00390549
75 0.00390549
76 0.00390551
77 0.00390551
78 0.00390552
79 0.00390554
80 0.00390556
81 0.00390557
82 0.00390559
83 0.00390558
84 0.0039056
85 0.00390562
86 0.00390564
87 0.00390565
88 0.00390567
89 0.00390567
90 0.00390567
91 0.00390569
92 0.0039057
93 0.00390572
94 0.00390571
95 0.00390573
96 0.00390576
97 0.00390575
98 0.00390574
99 0.00390576
100 0.00390579
101 0.0039058
102 0.00390581
103 0.00390582
104 0.00390582
105 0.00390585
106 0.00390585
107 0.00390583
108 0.00390585
109 0.00390588
110 0.00390589
111 0.0039059
112 0.0039059
113 0.00390591
114 0.00390593
115 0.00390593
116 0.00390594
117 0.00390595
118 0.00390594
119 0.00390598
120 0.00390599
121 0.00390597
122 0.003906
123 0.003906
124 0.00390602
125 0.00390604
126 0.00390608
127 0.00390589
128 0.00390916
129 0.00390527
130 0.00390531
131 0.00390533
132 0.00390537
133 0.00390536
134 0.00390538
135 0.0039054
136 0.00390544
137 0.00390545
138 0.0039055
139 0.00390551
140 0.00390553
141 0.00390555
142 0.00390556
143 0.00390559
144 0.00390563
145 0.00390564
146 0.00390566
147 0.0039057
148 0.00390571
149 0.00390573
150 0.00390575
151 0.00390578
152 0.00390579
153 0.00390584
154 0.00390587
155 0.00390587
156 0.00390591
157 0.00390594
158 0.00390596
159 0.00390598
160 0.00390599
161 0.00390604
162 0.00390606
163 0.00390609
164 0.00390612
165 0.00390615
166 0.00390617
167 0.00390619
168 0.00390621
169 0.00390627
170 0.00390628
171 0.00390631
172 0.00390633
173 0.00390637
174 0.00390639
175 0.00390644
176 0.00390646
177 0.00390648
178 0.00390651
179 0.00390653
180 0.00390657
181 0.00390661
182 0.00390664
183 0.00390667
184 0.00390671
185 0.00390671
186 0.00390678
187 0.00390678
188 0.00390682
189 0.00390686
190 0.00390687
191 0.00390694
192 0.0039069
193 0.00390698
194 0.00390702
195 0.00390703
196 0.00390708
197 0.00390711
198 0.00390714
199 0.00390717
200 0.00390721
201 0.00390724
202 0.00390728
203 0.00390733
204 0.00390734
205 0.00390739
206 0.00390742
207 0.00390746
208 0.00390749
209 0.00390753
210 0.00390757
211 0.0039076
212 0.00390765
213 0.00390769
214 0.00390771
215 0.00390776
216 0.00390779
217 0.00390781
218 0.00390787
219 0.00390791
220 0.00390797
221 0.00390799
222 0.00390804
223 0.00390807
224 0.0039081
225 0.00390817
226 0.00390821
227 0.00390822
228 0.00390826
229 0.00390832
230 0.00390834
231 0.0039084
232 0.00390844
233 0.00390848
234 0.00390852
235 0.00390858
236 0.0039086
237 0.00390865
238 0.00390869
239 0.00390876
240 0.00390878
241 0.00390884
242 0.00390888
243 0.00390891
244 0.00390898
245 0.00390902
246 0.00390908
247 0.00390911
248 0.00390913
249 0.00390921
250 0.00390925
251 0.0039093
252 0.00390934
253 0.00390941
254 0.00390945
255 0.00390953
