0 0.00391055
1 0.00390536
2 0.00390535
3 0.00390537
4 0.00390541
5 0.0039054
6 0.0039054
7 0.00390539
8 0.0039054
9 0.00390541
10 0.00390543
11 0.00390544
12 0.00390544
13 0.00390543
14 0.00390546
15 0.00390546
16 0.00390545
17 0.00390547
18 0.00390547
19 0.0039055
20 0.00390549
21 0.00390551
22 0.00390551
23 0.00390553
24 0.00390551
25 0.00390552
26 0.00390554
27 0.00390554
28 0.00390554
29 0.00390556
30 0.00390558
31 0.00390558
32 0.0039056
33 0.0039056
34 0.0039056
35 0.00390562
36 0.00390563
37 0.00390563
38 0.00390564
39 0.00390565
40 0.00390566
41 0.00390566
42 0.00390569
43 0.00390566
44 0.00390568
45 0.0039057
46 0.00390571
47 0.00390571
48 0.00390572
49 0.00390572
50 0.00390573
51 0.00390574
52 0.00390574
53 0.00390575
54 0.00390574
55 0.00390577
56 0.00390578
57 0.00390579
58 0.00390579
59 0.00390579
60 0.00390581
61 0.00390581
62 0.00390582
63 0.00390585
64 0.00390583
65 0.00390585
66 0.00390585
67 0.00390586
68 0.00390586
69 0.00390587
70 0.00390587
71 0.00390589
72 0.00390588
73 0.00390591
74 0.00390591
75 0.00390592
76 0.00390593
77 0.00390593
78 0.00390592
79 0.00390594
80 0.00390593
81 0.00390596
82 0.00390597
83 0.00390596
84 0.00390598
85 0.00390598
86 0.00390599
87 0.00390601
88 0.003906
89 0.00390599
90 0.00390605
91 0.00390602
92 0.00390603
93 0.00390603
94 0.00390603
95 0.00390605
96 0.00390608
97 0.00390607
98 0.00390608
99 0.00390608
100 0.00390609
101 0.00390609
102 0.00390611
103 0.00390611
104 0.0039061
105 0.00390613
106 0.00390613
107 0.00390612
108 0.00390615
109 0.00390617
110 0.00390616
111 0.00390614
112 0.00390616
113 0.00390612
114 0.00390617
115 0.00390617
116 0.00390618
117 0.00390619
118 0.00390621
119 0.0039062
120 0.00390622
121 0.00390623
122 0.00390624
123 0.00390624
124 0.00390624
125 0.00390624
126 0.00390623
127 0.00390623
128 0.00390626
129 0.00390627
130 0.00390626
131 0.00390627
132 0.00390628
133 0.00390627
134 0.00390627
135 0.00390627
136 0.00390629
137 0.00390628
138 0.00390628
139 0.00390629
140 0.00390632
141 0.00390632
142 0.00390632
143 0.00390632
144 0.00390633
145 0.00390634
146 0.00390634
147 0.00390632
148 0.00390634
149 0.00390633
150 0.00390635
151 0.00390636
152 0.00390633
153 0.00390635
154 0.00390635
155 0.00390637
156 0.00390636
157 0.00390638
158 0.00390637
159 0.00390637
160 0.00390638
161 0.00390638
162 0.00390638
163 0.00390639
164 0.00390636
165 0.00390639
166 0.00390639
167 0.00390638
168 0.00390639
169 0.00390639
170 0.00390638
171 0.00390639
172 0.0039064
173 0.0039064
174 0.00390638
175 0.0039064
176 0.00390639
177 0.00390639
178 0.0039064
179 0.00390642
180 0.00390641
181 0.00390641
182 0.00390641
183 0.0039064
184 0.00390641
185 0.00390639
186 0.0039064
187 0.00390639
188 0.0039064
189 0.0039064
190 0.0039064
191 0.00390639
192 0.00390639
193 0.00390639
194 0.00390639
195 0.00390639
196 0.00390638
197 0.00390638
198 0.00390637
199 0.00390638
200 0.00390638
201 0.00390637
202 0.00390638
203 0.00390635
204 0.00390637
205 0.00390638
206 0.00390635
207 0.00390637
208 0.00390634
209 0.00390634
210 0.00390634
211 0.00390634
212 0.00390634
213 0.00390632
214 0.00390632
215 0.00390632
216 0.00390632
217 0.0039063
218 0.0039063
219 0.00390628
220 0.00390626
221 0.00390629
222 0.00390628
223 0.00390625
224 0.00390629
225 0.00390613
226 0.00390672
227 0.00390727
228 0.00390735
229 0.00390735
230 0.00390736
231 0.00390737
232 0.00390741
233 0.00390746
234 0.00390746
235 0.00390748
236 0.0039075
237 0.00390753
238 0.00390756
239 0.00390757
240 0.00390759
241 0.00390761
242 0.00390764
243 0.00390764
244 0.0039077
245 0.00390771
246 0.00390773
247 0.00390776
248 0.0039078
249 0.00390783
250 0.00390787
251 0.00390788
252 0.00390788
253 0.00390793
254 0.00390796
255 0.00390796
