0 0.00391223
1 0.00390484
2 0.00390487
3 0.00390484
4 0.00390494
5 0.00390489
6 0.00390491
7 0.00390492
8 0.0039049
9 0.00390492
10 0.00390494
11 0.00390496
12 0.00390497
13 0.00390498
14 0.00390498
15 0.003905
16 0.00390498
17 0.003905
18 0.00390504
19 0.00390504
20 0.00390504
21 0.00390504
22 0.00390508
23 0.00390508
24 0.00390508
25 0.0039051
26 0.00390511
27 0.00390512
28 0.00390513
29 0.00390514
30 0.00390515
31 0.00390516
32 0.00390519
33 0.00390518
34 0.0039052
35 0.00390523
36 0.00390521
37 0.00390526
38 0.00390525
39 0.00390525
40 0.00390526
41 0.00390526
42 0.00390528
43 0.00390529
44 0.0039053
45 0.00390533
46 0.00390532
47 0.00390535
48 0.00390534
49 0.00390534
50 0.00390537
51 0.00390537
52 0.00390538
53 0.00390539
54 0.00390542
55 0.00390541
56 0.00390544
57 0.00390544
58 0.00390544
59 0.00390545
60 0.00390547
61 0.00390549
62 0.00390549
63 0.00390549
64 0.00390551
65 0.00390552
66 0.00390552
67 0.00390555
68 0.00390554
69 0.00390556
70 0.00390558
71 0.0039056
72 0.00390559
73 0.00390559
74 0.0039056
75 0.00390562
76 0.00390562
77 0.00390564
78 0.00390562
79 0.00390564
80 0.00390568
81 0.00390568
82 0.00390568
83 0.00390569
84 0.00390568
85 0.00390572
86 0.00390566
87 0.00390576
88 0.00390575
89 0.00390578
90 0.00390579
91 0.00390578
92 0.0039058
93 0.0039058
94 0.0039058
95 0.00390583
96 0.00390586
97 0.00390583
98 0.00390585
99 0.00390584
100 0.00390588
101 0.00390588
102 0.0039059
103 0.00390591
104 0.00390591
105 0.00390593
106 0.00390593
107 0.00390593
108 0.00390594
109 0.00390595
110 0.00390595
111 0.00390595
112 0.00390598
113 0.00390596
114 0.003906
115 0.003906
116 0.00390601
117 0.00390601
118 0.00390601
119 0.00390602
120 0.00390601
121 0.00390603
122 0.00390605
123 0.00390605
124 0.00390606
125 0.00390607
126 0.00390607
127 0.0039061
128 0.0039061
129 0.0039061
130 0.00390606
131 0.00390611
132 0.00390611
133 0.00390613
134 0.00390612
135 0.00390612
136 0.00390612
137 0.00390613
138 0.00390615
139 0.00390615
140 0.00390616
141 0.00390614
142 0.00390618
143 0.00390618
144 0.00390618
145 0.00390618
146 0.00390618
147 0.0039062
148 0.00390619
149 0.0039062
150 0.0039062
151 0.00390619
152 0.00390622
153 0.00390623
154 0.00390621
155 0.00390621
156 0.00390623
157 0.00390621
158 0.00390623
159 0.00390625
160 0.00390625
161 0.00390623
162 0.00390625
163 0.00390626
164 0.00390625
165 0.00390624
166 0.00390624
167 0.00390626
168 0.00390626
169 0.00390627
170 0.00390627
171 0.00390607
172 0.00390793
173 0.00390625
174 0.00390632
175 0.00390632
176 0.00390633
177 0.00390634
178 0.00390638
179 0.0039064
180 0.00390643
181 0.00390645
182 0.00390647
183 0.00390648
184 0.00390649
185 0.00390654
186 0.00390658
187 0.00390659
188 0.00390661
189 0.00390664
190 0.00390666
191 0.00390667
192 0.00390669
193 0.00390673
194 0.00390676
195 0.00390675
196 0.00390681
197 0.00390683
198 0.00390686
199 0.0039069
200 0.0039069
201 0.00390694
202 0.00390695
203 0.00390699
204 0.00390701
205 0.00390703
206 0.00390705
207 0.00390709
208 0.00390713
209 0.00390715
210 0.00390716
211 0.00390719
212 0.00390722
213 0.00390726
214 0.00390725
215 0.00390729
216 0.00390733
217 0.00390738
218 0.00390742
219 0.00390743
220 0.00390746
221 0.0039075
222 0.00390753
223 0.00390756
224 0.00390757
225 0.00390761
226 0.00390765
227 0.0039077
228 0.00390771
229 0.00390773
230 0.00390778
231 0.0039078
232 0.00390784
233 0.00390786
234 0.0039079
235 0.00390793
236 0.00390796
237 0.00390802
238 0.00390805
239 0.00390807
240 0.00390811
241 0.00390815
242 0.00390817
243 0.00390822
244 0.00390825
245 0.00390828
246 0.00390831
247 0.00390835
248 0.0039084
249 0.00390841
250 0.00390846
251 0.0039085
252 0.00390854
253 0.00390856
254 0.00390861
255 0.00390863
