0 0.00392458
1 0.00390432
2 0.0039043
3 0.00390445
4 0.00390465
5 0.0039045
6 0.00390451
7 0.00390453
8 0.00390457
9 0.00390437
10 0.0039046
11 0.00390463
12 0.00390467
13 0.00390468
14 0.00390469
15 0.0039048
16 0.00390489
17 0.00390399
18 0.00392648
19 0.00390237
20 0.00390244
21 0.00390244
22 0.00390245
23 0.00390248
24 0.00390247
25 0.00390253
26 0.00390253
27 0.00390257
28 0.00390259
29 0.00390263
30 0.0039026
31 0.00390246
32 0.00390263
33 0.00390274
34 0.0039027
35 0.00390279
36 0.00390272
37 0.00390282
38 0.00390276
39 0.00390288
40 0.00390283
41 0.0039029
42 0.00390289
43 0.00390296
44 0.00390296
45 0.00390302
46 0.003903
47 0.00390316
48 0.00390307
49 0.00390318
50 0.00390309
51 0.00390315
52 0.00390314
53 0.00390326
54 0.00390319
55 0.00390324
56 0.00390324
57 0.00390329
58 0.00390331
59 0.00390336
60 0.00390335
61 0.00390343
62 0.0039034
63 0.00390342
64 0.0039035
65 0.00390359
66 0.00390351
67 0.00390358
68 0.00390356
69 0.00390358
70 0.0039036
71 0.00390364
72 0.00390366
73 0.00390368
74 0.00390371
75 0.00390374
76 0.00390374
77 0.0039038
78 0.0039038
79 0.00390391
80 0.00390385
81 0.00390393
82 0.0039039
83 0.00390395
84 0.00390394
85 0.003904
86 0.00390401
87 0.00390405
88 0.00390405
89 0.00390411
90 0.00390411
91 0.00390414
92 0.00390415
93 0.00390421
94 0.00390423
95 0.00390427
96 0.00390428
97 0.00390435
98 0.00390435
99 0.00390439
100 0.00390439
101 0.00390445
102 0.00390445
103 0.00390451
104 0.00390451
105 0.00390458
106 0.00390456
107 0.00390462
108 0.00390463
109 0.00390469
110 0.00390469
111 0.00390475
112 0.00390478
113 0.00390486
114 0.00390485
115 0.00390487
116 0.00390487
117 0.00390496
118 0.00390497
119 0.00390501
120 0.00390502
121 0.00390508
122 0.00390508
123 0.00390516
124 0.00390513
125 0.00390521
126 0.00390523
127 0.00390531
128 0.00390564
129 0.00390535
130 0.00390536
131 0.00390542
132 0.00390543
133 0.00390549
134 0.00390549
135 0.00390554
136 0.00390552
137 0.00390554
138 0.00390563
139 0.00390569
140 0.00390572
141 0.00390578
142 0.00390578
143 0.00390586
144 0.00390588
145 0.003906
146 0.00390587
147 0.00390608
148 0.00390603
149 0.0039061
150 0.00390611
151 0.00390619
152 0.0039062
153 0.00390626
154 0.00390627
155 0.00390633
156 0.00390634
157 0.00390643
158 0.00390644
159 0.00390652
160 0.00390655
161 0.00390662
162 0.00390659
163 0.00390667
164 0.00390671
165 0.00390676
166 0.00390678
167 0.00390685
168 0.00390688
169 0.00390694
170 0.00390697
171 0.00390704
172 0.00390705
173 0.00390712
174 0.00390716
175 0.00390722
176 0.00390726
177 0.00390731
178 0.00390732
179 0.00390743
180 0.00390745
181 0.00390752
182 0.00390755
183 0.00390761
184 0.00390762
185 0.00390773
186 0.00390774
187 0.00390782
188 0.00390786
189 0.00390792
190 0.00390798
191 0.00390809
192 0.00390817
193 0.00390816
194 0.00390813
195 0.00390822
196 0.00390822
197 0.00390837
198 0.00390837
199 0.00390846
200 0.00390848
201 0.0039086
202 0.0039086
203 0.00390869
204 0.00390873
205 0.00390883
206 0.00390881
207 0.00390891
208 0.00390897
209 0.00390926
210 0.00390912
211 0.00390918
212 0.00390918
213 0.00390933
214 0.00390935
215 0.00390945
216 0.00390947
217 0.00390948
218 0.00390956
219 0.00390967
220 0.00390969
221 0.00390984
222 0.00390982
223 0.00390992
224 0.00391012
225 0.00391014
226 0.00391015
227 0.00391041
228 0.00391016
229 0.00391035
230 0.00391043
231 0.00391047
232 0.00391054
233 0.00391056
234 0.00391069
235 0.00391069
236 0.00391076
237 0.00391087
238 0.00391101
239 0.00391097
240 0.00391121
241 0.00391116
242 0.00391139
243 0.00391248
244 0.00391139
245 0.00391165
246 0.00391166
247 0.00391175
248 0.0039118
249 0.0039119
250 0.00391195
251 0.00391204
252 0.00391212
253 0.00391222
254 0.0039123
255 0.00391244
