0 0.00391138
1 0.00390507
2 0.00390508
3 0.00390508
4 0.00390514
5 0.0039051
6 0.0039051
7 0.00390509
8 0.00390515
9 0.00390513
10 0.00390514
11 0.00390517
12 0.00390514
13 0.00390517
14 0.0039052
15 0.00390519
16 0.00390521
17 0.00390522
18 0.00390521
19 0.0039052
20 0.00390523
21 0.00390525
22 0.00390525
23 0.00390524
24 0.00390528
25 0.00390529
26 0.0039053
27 0.0039053
28 0.0039053
29 0.00390533
30 0.00390533
31 0.00390534
32 0.00390536
33 0.00390534
34 0.00390537
35 0.00390536
36 0.00390538
37 0.00390539
38 0.0039054
39 0.00390542
40 0.00390542
41 0.00390541
42 0.00390544
43 0.00390544
44 0.00390546
45 0.00390545
46 0.00390549
47 0.00390548
48 0.00390549
49 0.00390552
50 0.00390552
51 0.00390551
52 0.00390551
53 0.00390554
54 0.00390554
55 0.00390554
56 0.00390557
57 0.00390559
58 0.00390558
59 0.00390559
60 0.00390558
61 0.00390558
62 0.00390563
63 0.00390565
64 0.00390566
65 0.00390564
66 0.00390566
67 0.00390568
68 0.00390569
69 0.00390568
70 0.0039057
71 0.0039057
72 0.00390571
73 0.00390572
74 0.00390573
75 0.00390575
76 0.00390574
77 0.00390578
78 0.00390577
79 0.00390578
80 0.00390579
81 0.00390581
82 0.00390581
83 0.00390581
84 0.0039058
85 0.00390582
86 0.00390584
87 0.00390585
88 0.00390585
89 0.00390586
90 0.00390588
91 0.00390589
92 0.00390589
93 0.0039059
94 0.00390589
95 0.00390592
96 0.00390593
97 0.00390593
98 0.00390588
99 0.00390594
100 0.00390594
101 0.00390595
102 0.00390597
103 0.00390597
104 0.00390598
105 0.00390599
106 0.00390597
107 0.003906
108 0.00390601
109 0.00390602
110 0.00390604
111 0.00390603
112 0.00390605
113 0.00390605
114 0.00390606
115 0.00390607
116 0.00390607
117 0.00390608
118 0.00390606
119 0.00390609
120 0.00390611
121 0.00390611
122 0.00390609
123 0.00390612
124 0.00390613
125 0.00390612
126 0.00390614
127 0.00390613
128 0.00390617
129 0.00390616
130 0.00390616
131 0.00390616
132 0.00390616
133 0.0039062
134 0.00390619
135 0.00390618
136 0.00390618
137 0.0039062
138 0.00390618
139 0.00390621
140 0.0039062
141 0.00390619
142 0.0039062
143 0.00390624
144 0.00390622
145 0.00390623
146 0.00390623
147 0.00390623
148 0.00390624
149 0.00390624
150 0.00390626
151 0.00390624
152 0.00390623
153 0.00390626
154 0.00390627
155 0.00390625
156 0.00390626
157 0.00390628
158 0.00390627
159 0.00390629
160 0.00390628
161 0.00390625
162 0.00390629
163 0.00390628
164 0.0039063
165 0.0039063
166 0.00390628
167 0.0039063
168 0.0039063
169 0.0039063
170 0.0039063
171 0.00390629
172 0.00390629
173 0.0039063
174 0.00390629
175 0.00390629
176 0.0039063
177 0.00390629
178 0.00390629
179 0.0039063
180 0.00390632
181 0.00390631
182 0.00390631
183 0.00390631
184 0.00390632
185 0.0039063
186 0.0039063
187 0.00390628
188 0.00390629
189 0.00390628
190 0.0039063
191 0.0039063
192 0.00390629
193 0.00390628
194 0.00390633
195 0.00390613
196 0.00390725
197 0.00390674
198 0.00390681
199 0.00390678
200 0.00390682
201 0.00390683
202 0.00390686
203 0.00390687
204 0.0039069
205 0.00390692
206 0.00390696
207 0.00390697
208 0.00390698
209 0.00390701
210 0.00390704
211 0.0039071
212 0.00390709
213 0.0039071
214 0.00390716
215 0.00390717
216 0.00390717
217 0.00390721
218 0.00390724
219 0.00390726
220 0.00390729
221 0.00390734
222 0.00390736
223 0.00390738
224 0.00390741
225 0.00390744
226 0.00390742
227 0.00390749
228 0.00390747
229 0.00390753
230 0.00390758
231 0.00390758
232 0.00390761
233 0.00390764
234 0.00390766
235 0.00390768
236 0.00390772
237 0.00390775
238 0.00390777
239 0.0039078
240 0.00390785
241 0.00390787
242 0.00390791
243 0.00390794
244 0.00390798
245 0.00390799
246 0.00390802
247 0.00390806
248 0.00390808
249 0.00390811
250 0.00390815
251 0.00390818
252 0.00390824
253 0.00390826
254 0.00390827
255 0.0039083
