0 0.0039192
1 0.00390424
2 0.00390439
3 0.00390222
4 0.00390452
5 0.00390437
6 0.00390442
7 0.0039044
8 0.00390445
9 0.00390445
10 0.0039045
11 0.00390452
12 0.00390451
13 0.00390454
14 0.00390456
15 0.00390459
16 0.00390481
17 0.00390467
18 0.00390459
19 0.00390474
20 0.00390467
21 0.00390471
22 0.0039047
23 0.00390474
24 0.00390473
25 0.00390477
26 0.00390479
27 0.00390478
28 0.00390484
29 0.00390485
30 0.00390484
31 0.00390487
32 0.00390526
33 0.00390483
34 0.0039049
35 0.00390498
36 0.00390498
37 0.00390496
38 0.00390499
39 0.00390502
40 0.00390503
41 0.00390504
42 0.00390507
43 0.00390509
44 0.0039051
45 0.00390512
46 0.00390513
47 0.00390519
48 0.00390528
49 0.00390521
50 0.0039052
51 0.00390529
52 0.00390524
53 0.00390526
54 0.00390528
55 0.00390528
56 0.00390533
57 0.00390534
58 0.00390533
59 0.00390537
60 0.00390538
61 0.0039054
62 0.00390539
63 0.00390557
64 0.00390394
65 0.00390501
66 0.00391639
67 0.00390377
68 0.00390382
69 0.00390379
70 0.00390382
71 0.00390384
72 0.00390385
73 0.00390388
74 0.0039039
75 0.00390393
76 0.00390391
77 0.00390397
78 0.00390398
79 0.00390404
80 0.00390405
81 0.00390405
82 0.00390405
83 0.00390408
84 0.0039041
85 0.00390411
86 0.00390415
87 0.00390417
88 0.0039042
89 0.00390424
90 0.00390425
91 0.00390426
92 0.00390429
93 0.00390431
94 0.00390433
95 0.00390434
96 0.0039044
97 0.00390441
98 0.00390441
99 0.00390444
100 0.00390445
101 0.00390448
102 0.0039045
103 0.00390452
104 0.00390454
105 0.00390459
106 0.00390461
107 0.00390461
108 0.00390465
109 0.00390468
110 0.0039047
111 0.00390474
112 0.00390476
113 0.00390483
114 0.00390479
115 0.00390483
116 0.00390485
117 0.00390489
118 0.00390489
119 0.00390494
120 0.00390495
121 0.00390498
122 0.003905
123 0.00390503
124 0.00390506
125 0.00390508
126 0.00390509
127 0.00390515
128 0.00390537
129 0.0039052
130 0.00390522
131 0.00390525
132 0.00390526
133 0.00390531
134 0.00390531
135 0.00390535
136 0.00390539
137 0.00390541
138 0.00390546
139 0.00390548
140 0.00390553
141 0.00390554
142 0.00390557
143 0.00390562
144 0.00390566
145 0.00390569
146 0.00390571
147 0.00390574
148 0.00390576
149 0.0039058
150 0.00390581
151 0.00390585
152 0.00390591
153 0.00390592
154 0.00390598
155 0.003906
156 0.00390604
157 0.00390606
158 0.0039061
159 0.00390616
160 0.00390622
161 0.00390617
162 0.00390622
163 0.0039063
164 0.00390631
165 0.00390633
166 0.00390637
167 0.0039064
168 0.00390647
169 0.00390649
170 0.00390652
171 0.00390657
172 0.00390661
173 0.00390663
174 0.00390669
175 0.00390672
176 0.00390674
177 0.00390683
178 0.00390683
179 0.00390687
180 0.00390693
181 0.00390697
182 0.00390701
183 0.00390704
184 0.00390708
185 0.00390715
186 0.00390719
187 0.00390721
188 0.00390725
189 0.0039073
190 0.00390736
191 0.00390738
192 0.00390746
193 0.00390752
194 0.00390747
195 0.00390763
196 0.00390766
197 0.00390771
198 0.00390771
199 0.00390777
200 0.00390785
201 0.00390788
202 0.00390795
203 0.00390798
204 0.00390805
205 0.00390808
206 0.00390813
207 0.00390816
208 0.00390824
209 0.00390834
210 0.00390834
211 0.00390839
212 0.00390845
213 0.00390847
214 0.00390854
215 0.00390857
216 0.00390865
217 0.0039087
218 0.00390875
219 0.00390879
220 0.00390886
221 0.0039089
222 0.00390897
223 0.00390901
224 0.0039091
225 0.00390913
226 0.0039092
227 0.00390924
228 0.00390932
229 0.00390936
230 0.0039094
231 0.00390946
232 0.00390953
233 0.0039096
234 0.00390963
235 0.00390971
236 0.00390976
237 0.00390984
238 0.0039099
239 0.00390995
240 0.00390999
241 0.00391007
242 0.00391012
243 0.00391021
244 0.00391025
245 0.00391031
246 0.00391035
247 0.00391044
248 0.00391051
249 0.00391056
250 0.00391061
251 0.0039107
252 0.00391081
253 0.00391084
254 0.00391091
255 0.00391108
