0 0.003917
1 0.00390431
2 0.00390434
3 0.00390433
4 0.00390451
5 0.00390442
6 0.00390444
7 0.00390446
8 0.00390448
9 0.0039045
10 0.00390452
11 0.00390458
12 0.00390454
13 0.00390456
14 0.00390458
15 0.00390459
16 0.0039047
17 0.00390462
18 0.00390464
19 0.00390465
20 0.00390464
21 0.00390469
22 0.00390469
23 0.00390473
24 0.00390473
25 0.00390476
26 0.00390475
27 0.00390479
28 0.00390481
29 0.00390479
30 0.00390481
31 0.00390485
32 0.00390487
33 0.00390489
34 0.0039049
35 0.00390491
36 0.00390491
37 0.00390495
38 0.00390495
39 0.00390498
40 0.00390501
41 0.00390501
42 0.00390504
43 0.003905
44 0.00390509
45 0.00390495
46 0.0039051
47 0.0039051
48 0.00390513
49 0.00390513
50 0.00390515
51 0.00390516
52 0.00390521
53 0.00390519
54 0.00390521
55 0.00390524
56 0.00390523
57 0.00390526
58 0.00390529
59 0.00390526
60 0.00390529
61 0.00390531
62 0.00390533
63 0.00390536
64 0.00390555
65 0.0039054
66 0.00390541
67 0.00390542
68 0.00390543
69 0.00390542
70 0.00390544
71 0.00390549
72 0.00390548
73 0.00390554
74 0.0039055
75 0.00390554
76 0.00390554
77 0.00390555
78 0.00390557
79 0.00390557
80 0.00390563
81 0.00390561
82 0.00390561
83 0.00390564
84 0.00390563
85 0.00390566
86 0.00390566
87 0.00390571
88 0.00390577
89 0.00390533
90 0.00391313
91 0.00390431
92 0.00390438
93 0.00390437
94 0.00390439
95 0.0039044
96 0.00390443
97 0.00390445
98 0.00390444
99 0.00390449
100 0.00390451
101 0.00390453
102 0.00390455
103 0.00390459
104 0.0039046
105 0.00390464
106 0.00390464
107 0.00390468
108 0.00390469
109 0.00390471
110 0.00390473
111 0.00390479
112 0.0039048
113 0.00390482
114 0.00390483
115 0.00390486
116 0.00390488
117 0.00390491
118 0.00390491
119 0.00390496
120 0.00390499
121 0.00390502
122 0.00390502
123 0.00390505
124 0.00390507
125 0.00390511
126 0.00390512
127 0.00390516
128 0.00390533
129 0.0039052
130 0.00390524
131 0.00390524
132 0.00390527
133 0.00390531
134 0.00390532
135 0.00390534
136 0.00390538
137 0.00390541
138 0.00390544
139 0.00390545
140 0.00390547
141 0.00390552
142 0.00390553
143 0.00390556
144 0.00390561
145 0.00390565
146 0.00390568
147 0.00390567
148 0.00390571
149 0.00390574
150 0.00390576
151 0.00390581
152 0.00390583
153 0.00390586
154 0.00390589
155 0.00390594
156 0.00390594
157 0.00390598
158 0.003906
159 0.00390605
160 0.00390609
161 0.00390612
162 0.00390614
163 0.00390619
164 0.00390621
165 0.00390623
166 0.00390626
167 0.00390628
168 0.00390632
169 0.0039064
170 0.00390644
171 0.00390646
172 0.00390651
173 0.0039065
174 0.00390658
175 0.00390658
176 0.00390663
177 0.00390667
178 0.00390672
179 0.00390674
180 0.00390679
181 0.00390681
182 0.00390684
183 0.0039069
184 0.00390692
185 0.00390697
186 0.00390701
187 0.00390705
188 0.00390708
189 0.00390713
190 0.00390717
191 0.00390718
192 0.00390723
193 0.00390726
194 0.0039073
195 0.00390735
196 0.00390738
197 0.00390744
198 0.00390747
199 0.00390751
200 0.00390755
201 0.00390761
202 0.00390765
203 0.00390767
204 0.00390772
205 0.00390776
206 0.0039078
207 0.00390783
208 0.00390791
209 0.00390793
210 0.00390798
211 0.00390802
212 0.00390806
213 0.00390811
214 0.00390813
215 0.0039082
216 0.00390824
217 0.0039083
218 0.0039083
219 0.00390842
220 0.00390844
221 0.00390849
222 0.00390855
223 0.0039086
224 0.00390863
225 0.00390868
226 0.00390871
227 0.00390878
228 0.0039088
229 0.00390889
230 0.0039089
231 0.00390896
232 0.00390902
233 0.00390909
234 0.00390912
235 0.00390917
236 0.00390922
237 0.00390928
238 0.00390934
239 0.00390939
240 0.00390945
241 0.00390949
242 0.00390953
243 0.00390959
244 0.00390965
245 0.00390971
246 0.00390976
247 0.00390981
248 0.00390986
249 0.00390993
250 0.00390997
251 0.00391005
252 0.00391008
253 0.00391015
254 0.00391022
255 0.0039103
