0 0.00392578
1 0.00390435
2 0.00390435
3 0.00390439
4 0.00390472
5 0.00390429
6 0.00390454
7 0.00390462
8 0.00390482
9 0.00390377
10 0.00392899
11 0.00390214
12 0.00390221
13 0.0039022
14 0.00390222
15 0.00390226
16 0.00390233
17 0.00390229
18 0.00390232
19 0.00390237
20 0.00390237
21 0.00390242
22 0.00390243
23 0.00390246
24 0.00390246
25 0.00390253
26 0.00390251
27 0.00390255
28 0.00390257
29 0.00390259
30 0.00390259
31 0.00390241
32 0.00390266
33 0.00390275
34 0.00390264
35 0.00390274
36 0.00390271
37 0.00390282
38 0.00390276
39 0.00390287
40 0.00390283
41 0.00390293
42 0.00390285
43 0.00390297
44 0.00390294
45 0.003903
46 0.00390297
47 0.00390307
48 0.00390308
49 0.00390311
50 0.0039031
51 0.00390316
52 0.00390316
53 0.00390319
54 0.00390319
55 0.00390326
56 0.00390321
57 0.00390323
58 0.00390333
59 0.00390333
60 0.00390336
61 0.00390341
62 0.00390338
63 0.00390342
64 0.00390349
65 0.0039035
66 0.0039035
67 0.00390356
68 0.00390354
69 0.00390359
70 0.00390358
71 0.00390362
72 0.00390364
73 0.00390376
74 0.00390371
75 0.00390374
76 0.00390373
77 0.00390381
78 0.00390379
79 0.00390385
80 0.00390384
81 0.00390389
82 0.00390389
83 0.00390395
84 0.00390395
85 0.003904
86 0.00390401
87 0.00390404
88 0.00390407
89 0.00390413
90 0.00390412
91 0.00390415
92 0.00390407
93 0.0039042
94 0.00390422
95 0.00390428
96 0.00390425
97 0.00390433
98 0.00390433
99 0.00390437
100 0.00390438
101 0.00390445
102 0.00390444
103 0.00390451
104 0.00390453
105 0.00390458
106 0.00390458
107 0.00390461
108 0.00390464
109 0.0039047
110 0.0039047
111 0.00390476
112 0.00390476
113 0.00390483
114 0.00390483
115 0.00390488
116 0.0039049
117 0.00390495
118 0.00390494
119 0.00390501
120 0.00390505
121 0.00390508
122 0.0039051
123 0.00390516
124 0.00390518
125 0.00390525
126 0.00390526
127 0.00390531
128 0.00390569
129 0.00390536
130 0.00390537
131 0.00390544
132 0.00390545
133 0.00390545
134 0.00390554
135 0.00390559
136 0.00390563
137 0.00390575
138 0.0039056
139 0.00390579
140 0.00390577
141 0.00390583
142 0.00390582
143 0.00390588
144 0.00390592
145 0.003906
146 0.00390599
147 0.00390606
148 0.00390611
149 0.00390613
150 0.00390616
151 0.00390623
152 0.00390627
153 0.00390633
154 0.00390632
155 0.0039064
156 0.00390643
157 0.00390646
158 0.00390653
159 0.0039066
160 0.00390661
161 0.00390666
162 0.00390667
163 0.00390674
164 0.00390676
165 0.00390684
166 0.00390686
167 0.00390693
168 0.00390695
169 0.00390703
170 0.00390706
171 0.00390711
172 0.00390715
173 0.00390721
174 0.00390726
175 0.00390731
176 0.00390733
177 0.00390743
178 0.00390746
179 0.00390754
180 0.00390754
181 0.00390763
182 0.00390765
183 0.00390772
184 0.0039078
185 0.00390783
186 0.00390784
187 0.00390795
188 0.00390797
189 0.00390806
190 0.00390807
191 0.00390815
192 0.00390822
193 0.00390831
194 0.00390832
195 0.00390838
196 0.00390841
197 0.00390855
198 0.00390854
199 0.00390861
200 0.00390868
201 0.00390879
202 0.00390879
203 0.00390889
204 0.00390887
205 0.00390898
206 0.00390904
207 0.0039091
208 0.00390915
209 0.0039092
210 0.00390925
211 0.00390932
212 0.00390934
213 0.00390946
214 0.0039095
215 0.00390956
216 0.00390964
217 0.00390971
218 0.00390977
219 0.00391013
220 0.00390985
221 0.00390996
222 0.00391004
223 0.00391015
224 0.00391023
225 0.00391026
226 0.00391036
227 0.00391034
228 0.00391038
229 0.00391048
230 0.00391062
231 0.00391058
232 0.00391077
233 0.00391071
234 0.00391093
235 0.00391201
236 0.00391102
237 0.00391104
238 0.00391121
239 0.0039113
240 0.00391136
241 0.00391146
242 0.00391153
243 0.00391161
244 0.0039117
245 0.00391178
246 0.00391187
247 0.00391192
248 0.00391203
249 0.00391216
250 0.0039122
251 0.00391223
252 0.00391239
253 0.00391252
254 0.0039126
255 0.00391272
