0 0.00391164
1 0.00390499
2 0.00390501
3 0.003905
4 0.00390506
5 0.00390503
6 0.00390504
7 0.00390505
8 0.00390507
9 0.00390507
10 0.00390508
11 0.00390507
12 0.00390509
13 0.0039051
14 0.00390512
15 0.00390513
16 0.00390512
17 0.00390515
18 0.00390514
19 0.00390516
20 0.00390517
21 0.00390518
22 0.00390521
23 0.00390521
24 0.0039052
25 0.00390521
26 0.00390523
27 0.00390524
28 0.00390525
29 0.00390525
30 0.00390528
31 0.00390528
32 0.00390529
33 0.00390529
34 0.00390529
35 0.00390533
36 0.00390532
37 0.00390533
38 0.00390533
39 0.00390536
40 0.00390536
41 0.00390538
42 0.00390536
43 0.00390538
44 0.00390539
45 0.0039054
46 0.00390541
47 0.00390542
48 0.00390544
49 0.00390545
50 0.00390544
51 0.00390545
52 0.00390547
53 0.00390549
54 0.0039055
55 0.00390549
56 0.00390551
57 0.00390554
58 0.00390553
59 0.00390555
60 0.00390556
61 0.00390556
62 0.00390555
63 0.00390557
64 0.0039056
65 0.00390557
66 0.00390561
67 0.00390562
68 0.00390562
69 0.00390563
70 0.00390565
71 0.00390566
72 0.0039057
73 0.00390569
74 0.00390568
75 0.00390568
76 0.00390572
77 0.00390574
78 0.00390573
79 0.00390576
80 0.00390575
81 0.00390576
82 0.00390576
83 0.00390576
84 0.00390576
85 0.00390579
86 0.00390578
87 0.00390582
88 0.00390582
89 0.00390585
90 0.00390583
91 0.00390584
92 0.00390585
93 0.00390587
94 0.00390582
95 0.00390585
96 0.00390587
97 0.00390589
98 0.00390592
99 0.00390592
100 0.00390591
101 0.00390593
102 0.00390594
103 0.00390595
104 0.00390596
105 0.00390595
106 0.00390596
107 0.00390599
108 0.00390597
109 0.00390598
110 0.00390602
111 0.00390602
112 0.00390603
113 0.00390602
114 0.00390601
115 0.00390605
116 0.00390604
117 0.00390611
118 0.00390604
119 0.00390606
120 0.00390607
121 0.00390607
122 0.00390609
123 0.00390608
124 0.0039061
125 0.00390612
126 0.00390609
127 0.0039061
128 0.00390615
129 0.00390614
130 0.00390612
131 0.00390612
132 0.00390615
133 0.00390616
134 0.00390614
135 0.00390616
136 0.00390616
137 0.00390617
138 0.00390618
139 0.00390619
140 0.00390617
141 0.00390619
142 0.00390619
143 0.00390621
144 0.00390619
145 0.00390621
146 0.00390622
147 0.00390623
148 0.00390623
149 0.00390623
150 0.00390623
151 0.00390624
152 0.00390624
153 0.00390622
154 0.00390623
155 0.00390624
156 0.00390624
157 0.00390625
158 0.00390623
159 0.00390625
160 0.00390626
161 0.00390626
162 0.00390625
163 0.00390625
164 0.00390627
165 0.00390626
166 0.00390627
167 0.00390626
168 0.00390628
169 0.00390627
170 0.00390629
171 0.00390628
172 0.00390627
173 0.00390629
174 0.00390628
175 0.00390627
176 0.0039063
177 0.0039063
178 0.00390628
179 0.00390626
180 0.00390629
181 0.00390627
182 0.00390627
183 0.00390628
184 0.00390628
185 0.00390629
186 0.00390631
187 0.00390612
188 0.00390746
189 0.00390659
190 0.00390662
191 0.00390662
192 0.00390666
193 0.00390666
194 0.00390669
195 0.00390672
196 0.00390675
197 0.00390676
198 0.00390681
199 0.00390683
200 0.00390685
201 0.00390685
202 0.00390688
203 0.00390692
204 0.00390694
205 0.00390695
206 0.00390699
207 0.003907
208 0.00390704
209 0.00390705
210 0.00390709
211 0.0039071
212 0.00390714
213 0.00390715
214 0.0039072
215 0.00390721
216 0.00390724
217 0.00390726
218 0.00390728
219 0.00390733
220 0.00390738
221 0.00390736
222 0.00390739
223 0.00390742
224 0.00390745
225 0.00390747
226 0.0039075
227 0.00390754
228 0.00390757
229 0.0039076
230 0.00390763
231 0.00390766
232 0.00390768
233 0.00390772
234 0.00390774
235 0.00390778
236 0.00390778
237 0.00390784
238 0.00390787
239 0.00390791
240 0.00390793
241 0.00390796
242 0.003908
243 0.00390802
244 0.00390805
245 0.00390809
246 0.00390812
247 0.00390816
248 0.00390819
249 0.00390823
250 0.00390826
251 0.00390828
252 0.00390832
253 0.00390836
254 0.00390839
255 0.00390844
