0 0.0039105
1 0.0039054
2 0.0039054
3 0.00390539
4 0.00390544
5 0.00390543
6 0.00390542
7 0.00390542
8 0.00390544
9 0.00390544
10 0.00390547
11 0.00390545
12 0.00390547
13 0.00390547
14 0.00390547
15 0.00390548
16 0.00390547
17 0.0039055
18 0.00390549
19 0.00390553
20 0.00390551
21 0.00390553
22 0.00390552
23 0.00390555
24 0.00390556
25 0.00390557
26 0.00390555
27 0.00390558
28 0.00390556
29 0.00390559
30 0.00390559
31 0.00390561
32 0.00390565
33 0.00390564
34 0.00390565
35 0.00390563
36 0.00390565
37 0.00390564
38 0.00390568
39 0.00390568
40 0.00390568
41 0.00390568
42 0.00390571
43 0.00390569
44 0.00390571
45 0.00390571
46 0.00390573
47 0.00390572
48 0.00390574
49 0.00390575
50 0.00390575
51 0.00390573
52 0.00390577
53 0.00390578
54 0.00390578
55 0.00390578
56 0.0039058
57 0.00390579
58 0.0039058
59 0.00390582
60 0.00390581
61 0.00390586
62 0.00390583
63 0.00390585
64 0.00390588
65 0.00390588
66 0.00390586
67 0.00390589
68 0.0039059
69 0.00390589
70 0.00390588
71 0.0039059
72 0.00390591
73 0.00390593
74 0.00390592
75 0.00390594
76 0.00390593
77 0.00390595
78 0.00390594
79 0.00390596
80 0.00390596
81 0.00390598
82 0.00390597
83 0.00390598
84 0.003906
85 0.003906
86 0.00390602
87 0.00390603
88 0.003906
89 0.00390603
90 0.00390602
91 0.00390607
92 0.00390605
93 0.00390606
94 0.00390608
95 0.00390608
96 0.00390608
97 0.00390608
98 0.00390608
99 0.0039061
100 0.00390609
101 0.0039061
102 0.00390612
103 0.00390612
104 0.00390612
105 0.00390615
106 0.00390612
107 0.00390616
108 0.00390614
109 0.00390615
110 0.00390615
111 0.00390616
112 0.00390619
113 0.00390618
114 0.00390617
115 0.00390621
116 0.00390619
117 0.0039062
118 0.00390622
119 0.00390622
120 0.0039062
121 0.00390623
122 0.00390622
123 0.00390622
124 0.00390625
125 0.00390624
126 0.00390625
127 0.00390627
128 0.00390627
129 0.00390626
130 0.00390628
131 0.00390628
132 0.00390629
133 0.0039063
134 0.00390628
135 0.00390631
136 0.0039063
137 0.00390631
138 0.00390629
139 0.00390632
140 0.00390632
141 0.00390632
142 0.00390633
143 0.00390631
144 0.00390634
145 0.00390632
146 0.00390633
147 0.00390636
148 0.00390635
149 0.00390635
150 0.00390634
151 0.00390637
152 0.00390636
153 0.00390636
154 0.00390639
155 0.00390637
156 0.00390636
157 0.00390638
158 0.00390638
159 0.00390638
160 0.00390639
161 0.00390638
162 0.00390638
163 0.00390639
164 0.00390637
165 0.0039064
166 0.00390641
167 0.0039064
168 0.0039064
169 0.0039064
170 0.00390639
171 0.0039064
172 0.00390641
173 0.00390641
174 0.0039064
175 0.00390639
176 0.00390642
177 0.0039064
178 0.00390641
179 0.0039064
180 0.00390641
181 0.00390642
182 0.00390641
183 0.00390643
184 0.00390642
185 0.00390641
186 0.00390641
187 0.00390642
188 0.00390641
189 0.00390643
190 0.00390641
191 0.00390641
192 0.00390642
193 0.0039064
194 0.00390641
195 0.00390641
196 0.00390639
197 0.00390641
198 0.00390639
199 0.0039064
200 0.00390639
201 0.00390639
202 0.00390638
203 0.0039064
204 0.00390637
205 0.00390638
206 0.00390637
207 0.00390636
208 0.00390636
209 0.00390636
210 0.00390637
211 0.00390637
212 0.00390635
213 0.00390633
214 0.00390633
215 0.00390632
216 0.00390634
217 0.00390632
218 0.00390632
219 0.00390631
220 0.00390631
221 0.0039063
222 0.00390631
223 0.00390628
224 0.00390629
225 0.00390628
226 0.00390628
227 0.00390627
228 0.00390612
229 0.00390668
230 0.00390734
231 0.00390738
232 0.00390739
233 0.00390743
234 0.00390743
235 0.00390746
236 0.00390748
237 0.0039075
238 0.00390752
239 0.00390753
240 0.00390756
241 0.00390761
242 0.00390759
243 0.00390764
244 0.00390766
245 0.00390768
246 0.00390772
247 0.00390774
248 0.00390776
249 0.0039078
250 0.00390783
251 0.00390784
252 0.00390787
253 0.00390791
254 0.00390792
255 0.00390793
