0 0.00391271
1 0.00390477
2 0.0039048
3 0.00390477
4 0.00390486
5 0.0039048
6 0.00390484
7 0.00390481
8 0.00390483
9 0.00390485
10 0.00390486
11 0.00390489
12 0.0039049
13 0.0039049
14 0.00390491
15 0.00390491
16 0.00390494
17 0.00390495
18 0.00390496
19 0.00390498
20 0.00390496
21 0.00390498
22 0.00390497
23 0.00390499
24 0.00390503
25 0.00390503
26 0.00390503
27 0.00390505
28 0.00390507
29 0.00390507
30 0.00390507
31 0.00390508
32 0.00390512
33 0.00390512
34 0.00390514
35 0.00390515
36 0.00390515
37 0.00390517
38 0.00390516
39 0.00390519
40 0.0039052
41 0.00390522
42 0.0039052
43 0.00390523
44 0.00390522
45 0.00390524
46 0.00390527
47 0.00390527
48 0.00390528
49 0.00390531
50 0.00390531
51 0.00390533
52 0.00390533
53 0.00390536
54 0.00390535
55 0.00390535
56 0.00390538
57 0.00390538
58 0.0039054
59 0.00390542
60 0.0039054
61 0.00390543
62 0.00390542
63 0.00390545
64 0.00390549
65 0.00390546
66 0.0039055
67 0.0039055
68 0.00390551
69 0.00390551
70 0.00390552
71 0.00390554
72 0.00390555
73 0.00390554
74 0.00390558
75 0.00390557
76 0.00390557
77 0.00390558
78 0.00390561
79 0.00390563
80 0.00390565
81 0.00390566
82 0.00390565
83 0.00390565
84 0.00390566
85 0.00390569
86 0.0039057
87 0.00390569
88 0.00390571
89 0.00390572
90 0.00390573
91 0.00390574
92 0.00390572
93 0.00390576
94 0.00390575
95 0.00390576
96 0.00390579
97 0.00390578
98 0.00390585
99 0.00390583
100 0.00390584
101 0.00390585
102 0.00390586
103 0.00390588
104 0.00390588
105 0.0039059
106 0.00390591
107 0.00390591
108 0.00390592
109 0.00390594
110 0.00390594
111 0.00390593
112 0.00390596
113 0.00390595
114 0.00390599
115 0.00390598
116 0.00390595
117 0.00390599
118 0.003906
119 0.00390598
120 0.00390603
121 0.00390602
122 0.00390603
123 0.00390604
124 0.00390602
125 0.00390606
126 0.00390605
127 0.00390608
128 0.00390612
129 0.0039061
130 0.00390608
131 0.00390609
132 0.0039061
133 0.00390611
134 0.00390612
135 0.00390613
136 0.00390611
137 0.00390613
138 0.00390613
139 0.00390615
140 0.00390615
141 0.00390615
142 0.00390615
143 0.00390617
144 0.00390617
145 0.00390618
146 0.00390619
147 0.0039062
148 0.00390619
149 0.00390622
150 0.0039062
151 0.00390619
152 0.00390619
153 0.00390622
154 0.00390622
155 0.00390624
156 0.00390622
157 0.00390624
158 0.00390623
159 0.00390627
160 0.003906
161 0.0039083
162 0.00390603
163 0.00390608
164 0.00390607
165 0.0039061
166 0.00390613
167 0.00390613
168 0.00390617
169 0.00390619
170 0.00390621
171 0.00390624
172 0.00390624
173 0.00390628
174 0.00390629
175 0.00390632
176 0.00390634
177 0.00390635
178 0.00390639
179 0.00390643
180 0.00390644
181 0.00390648
182 0.00390649
183 0.00390652
184 0.00390655
185 0.00390657
186 0.0039066
187 0.00390662
188 0.00390663
189 0.00390667
190 0.00390668
191 0.0039067
192 0.00390674
193 0.00390678
194 0.00390678
195 0.00390682
196 0.00390684
197 0.00390689
198 0.00390689
199 0.00390693
200 0.00390696
201 0.00390698
202 0.00390701
203 0.00390704
204 0.00390706
205 0.00390711
206 0.00390715
207 0.00390718
208 0.00390716
209 0.00390722
210 0.00390725
211 0.00390726
212 0.0039073
213 0.00390733
214 0.00390737
215 0.00390739
216 0.0039074
217 0.00390746
218 0.00390747
219 0.00390753
220 0.00390755
221 0.00390758
222 0.00390761
223 0.00390764
224 0.00390768
225 0.00390772
226 0.00390774
227 0.00390777
228 0.00390779
229 0.00390783
230 0.00390789
231 0.00390792
232 0.00390793
233 0.00390799
234 0.00390802
235 0.00390804
236 0.00390808
237 0.00390812
238 0.00390815
239 0.00390819
240 0.00390823
241 0.00390826
242 0.0039083
243 0.00390834
244 0.00390839
245 0.00390842
246 0.00390846
247 0.00390847
248 0.00390854
249 0.00390856
250 0.00390861
251 0.00390866
252 0.0039087
253 0.00390875
254 0.00390874
255 0.00390883
