0 0.00392084
1 0.00390424
2 0.00390432
3 0.00390417
4 0.00390452
5 0.00390439
6 0.00390439
7 0.00390444
8 0.00390448
9 0.00390444
10 0.00390448
11 0.00390451
12 0.00390454
13 0.00390453
14 0.00390457
15 0.00390459
16 0.00390532
17 0.00390478
18 0.00390459
19 0.00390473
20 0.00390468
21 0.0039047
22 0.00390475
23 0.00390473
24 0.00390476
25 0.00390465
26 0.00390479
27 0.00390481
28 0.00390486
29 0.00390486
30 0.00390488
31 0.00390492
32 0.00390548
33 0.00390508
34 0.00390491
35 0.00390508
36 0.00390501
37 0.00390503
38 0.00390504
39 0.0039051
40 0.00390505
41 0.0039051
42 0.00390512
43 0.00390514
44 0.00390517
45 0.00390517
46 0.00390518
47 0.00390525
48 0.00390513
49 0.00390475
50 0.00391905
51 0.0039033
52 0.00390336
53 0.00390333
54 0.00390335
55 0.00390336
56 0.0039034
57 0.00390341
58 0.00390343
59 0.00390345
60 0.00390349
61 0.0039035
62 0.00390353
63 0.00390352
64 0.00390367
65 0.00390358
66 0.00390357
67 0.00390358
68 0.00390363
69 0.00390363
70 0.00390365
71 0.0039037
72 0.00390372
73 0.00390372
74 0.00390376
75 0.00390377
76 0.00390379
77 0.0039038
78 0.00390387
79 0.00390387
80 0.003904
81 0.00390394
82 0.00390393
83 0.00390398
84 0.003904
85 0.003904
86 0.00390404
87 0.00390404
88 0.00390408
89 0.00390411
90 0.00390413
91 0.00390414
92 0.00390417
93 0.00390421
94 0.0039042
95 0.00390426
96 0.0039043
97 0.00390428
98 0.00390432
99 0.00390434
100 0.00390437
101 0.00390441
102 0.00390443
103 0.00390445
104 0.0039045
105 0.00390452
106 0.00390456
107 0.00390459
108 0.0039046
109 0.00390464
110 0.00390464
111 0.00390468
112 0.00390479
113 0.00390487
114 0.00390485
115 0.00390484
116 0.00390487
117 0.00390489
118 0.00390493
119 0.00390494
120 0.00390501
121 0.00390502
122 0.00390501
123 0.00390506
124 0.0039051
125 0.00390511
126 0.00390516
127 0.00390522
128 0.0039055
129 0.00390525
130 0.00390524
131 0.00390527
132 0.00390531
133 0.00390536
134 0.00390537
135 0.0039054
136 0.00390542
137 0.00390549
138 0.00390549
139 0.00390552
140 0.00390557
141 0.0039056
142 0.00390561
143 0.00390569
144 0.00390571
145 0.00390575
146 0.00390576
147 0.00390577
148 0.00390583
149 0.00390592
150 0.0039059
151 0.00390594
152 0.003906
153 0.00390595
154 0.00390605
155 0.00390609
156 0.00390611
157 0.00390615
158 0.0039062
159 0.00390624
160 0.00390632
161 0.00390648
162 0.00390637
163 0.00390637
164 0.00390644
165 0.00390647
166 0.0039065
167 0.00390654
168 0.00390661
169 0.00390663
170 0.00390668
171 0.00390671
172 0.00390678
173 0.00390678
174 0.00390682
175 0.00390685
176 0.00390695
177 0.00390698
178 0.00390693
179 0.00390708
180 0.0039071
181 0.00390712
182 0.00390717
183 0.00390723
184 0.00390727
185 0.0039073
186 0.00390737
187 0.00390738
188 0.00390743
189 0.00390749
190 0.00390752
191 0.00390762
192 0.00390771
193 0.00390769
194 0.00390771
195 0.00390774
196 0.00390778
197 0.00390783
198 0.00390788
199 0.00390791
200 0.003908
201 0.00390803
202 0.0039081
203 0.00390812
204 0.00390814
205 0.00390823
206 0.00390831
207 0.00390833
208 0.00390847
209 0.00390874
210 0.00390858
211 0.0039086
212 0.00390867
213 0.0039087
214 0.00390875
215 0.00390879
216 0.00390888
217 0.00390892
218 0.003909
219 0.00390903
220 0.00390909
221 0.00390916
222 0.00390921
223 0.00390928
224 0.0039094
225 0.00390938
226 0.00390945
227 0.00390954
228 0.00390958
229 0.00390965
230 0.00390969
231 0.00390975
232 0.00390983
233 0.00390989
234 0.00390995
235 0.00391002
236 0.00391011
237 0.00391018
238 0.00391026
239 0.00391035
240 0.00391045
241 0.00391047
242 0.0039105
243 0.00391043
244 0.00391071
245 0.00391076
246 0.00391084
247 0.00391087
248 0.00391091
249 0.00391099
250 0.00391109
251 0.00391112
252 0.00391125
253 0.0039113
254 0.00391137
255 0.0039115
