0 0.00392312
1 0.00390428
2 0.00390428
3 0.0039043
4 0.00390457
5 0.00390442
6 0.00390448
7 0.00390445
8 0.0039045
9 0.00390452
10 0.00390453
11 0.00390458
12 0.00390458
13 0.0039046
14 0.00390445
15 0.00390477
16 0.00390438
17 0.0039047
18 0.00390471
19 0.00390475
20 0.00390477
21 0.00390477
22 0.00390485
23 0.00390485
24 0.00390487
25 0.00390485
26 0.00390495
27 0.00390504
28 0.00390438
29 0.00392352
30 0.00390254
31 0.00390297
32 0.00390277
33 0.00390356
34 0.00390277
35 0.00390276
36 0.00390283
37 0.00390281
38 0.00390284
39 0.00390286
40 0.0039029
41 0.00390291
42 0.00390297
43 0.00390298
44 0.00390302
45 0.00390304
46 0.00390304
47 0.00390313
48 0.00390319
49 0.00390316
50 0.00390319
51 0.00390321
52 0.00390322
53 0.00390324
54 0.00390328
55 0.00390327
56 0.00390335
57 0.00390334
58 0.00390338
59 0.00390339
60 0.00390346
61 0.00390344
62 0.00390346
63 0.00390347
64 0.0039036
65 0.00390354
66 0.00390355
67 0.00390359
68 0.00390362
69 0.00390362
70 0.00390365
71 0.00390365
72 0.0039037
73 0.0039037
74 0.00390375
75 0.00390378
76 0.00390382
77 0.00390382
78 0.00390386
79 0.0039039
80 0.00390393
81 0.00390389
82 0.00390393
83 0.00390395
84 0.003904
85 0.00390399
86 0.00390404
87 0.00390406
88 0.00390408
89 0.00390409
90 0.00390416
91 0.00390416
92 0.00390421
93 0.0039042
94 0.00390427
95 0.00390426
96 0.00390434
97 0.00390433
98 0.00390436
99 0.00390437
100 0.00390442
101 0.00390443
102 0.00390448
103 0.00390447
104 0.00390451
105 0.00390455
106 0.00390459
107 0.00390459
108 0.00390467
109 0.00390467
110 0.00390472
111 0.00390472
112 0.00390478
113 0.0039048
114 0.00390481
115 0.00390484
116 0.00390489
117 0.0039049
118 0.00390494
119 0.00390498
120 0.00390501
121 0.00390503
122 0.00390506
123 0.00390511
124 0.00390515
125 0.00390516
126 0.00390519
127 0.00390526
128 0.0039056
129 0.0039053
130 0.00390532
131 0.00390534
132 0.00390538
133 0.00390543
134 0.00390546
135 0.00390548
136 0.0039055
137 0.00390555
138 0.00390561
139 0.00390562
140 0.00390569
141 0.0039057
142 0.00390573
143 0.00390583
144 0.00390587
145 0.00390588
146 0.00390593
147 0.00390592
148 0.00390598
149 0.00390599
150 0.00390605
151 0.00390609
152 0.00390614
153 0.00390617
154 0.00390621
155 0.00390627
156 0.00390635
157 0.00390623
158 0.00390644
159 0.00390641
160 0.00390647
161 0.00390649
162 0.00390655
163 0.00390657
164 0.00390661
165 0.00390666
166 0.00390671
167 0.00390675
168 0.00390681
169 0.00390683
170 0.0039069
171 0.00390688
172 0.00390698
173 0.00390701
174 0.00390706
175 0.00390708
176 0.00390718
177 0.00390717
178 0.00390725
179 0.00390728
180 0.00390732
181 0.00390738
182 0.00390742
183 0.00390747
184 0.00390751
185 0.00390757
186 0.0039076
187 0.00390765
188 0.00390774
189 0.00390776
190 0.00390774
191 0.00390785
192 0.00390793
193 0.00390797
194 0.003908
195 0.00390805
196 0.00390811
197 0.00390816
198 0.00390824
199 0.00390825
200 0.00390832
201 0.00390837
202 0.00390843
203 0.00390847
204 0.00390852
205 0.00390858
206 0.00390866
207 0.00390874
208 0.00390881
209 0.00390882
210 0.00390887
211 0.00390895
212 0.003909
213 0.00390903
214 0.00390911
215 0.00390917
216 0.00390927
217 0.0039093
218 0.00390937
219 0.00390944
220 0.00390954
221 0.00390956
222 0.00390954
223 0.00390966
224 0.00390983
225 0.00390984
226 0.00390988
227 0.00390993
228 0.00390995
229 0.00391006
230 0.00391016
231 0.00391023
232 0.00391032
233 0.00391034
234 0.00391046
235 0.00391081
236 0.0039106
237 0.00391067
238 0.00391075
239 0.00391092
240 0.00391086
241 0.00391092
242 0.00391098
243 0.003911
244 0.00391113
245 0.00391115
246 0.00391128
247 0.00391129
248 0.00391154
249 0.00391145
250 0.00391169
251 0.0039117
252 0.00391204
253 0.00391179
254 0.00391126
255 0.00391209
