0 0.00391407
1 0.00390458
2 0.00390459
3 0.00390457
4 0.00390469
5 0.00390459
6 0.00390461
7 0.00390463
8 0.00390466
9 0.00390466
10 0.00390467
11 0.00390471
12 0.00390473
13 0.00390473
14 0.00390474
15 0.00390474
16 0.00390478
17 0.00390479
18 0.00390478
19 0.0039048
20 0.00390482
21 0.00390483
22 0.00390485
23 0.00390485
24 0.00390485
25 0.00390489
26 0.0039049
27 0.00390491
28 0.00390492
29 0.00390493
30 0.00390494
31 0.00390495
32 0.003905
33 0.003905
34 0.003905
35 0.00390502
36 0.00390505
37 0.00390502
38 0.00390505
39 0.00390506
40 0.00390507
41 0.0039051
42 0.00390509
43 0.00390514
44 0.00390513
45 0.00390515
46 0.00390515
47 0.00390515
48 0.00390519
49 0.0039052
50 0.0039052
51 0.00390521
52 0.00390522
53 0.00390524
54 0.00390526
55 0.00390526
56 0.00390527
57 0.00390527
58 0.00390529
59 0.00390533
60 0.00390535
61 0.00390535
62 0.00390534
63 0.00390536
64 0.00390541
65 0.00390538
66 0.0039054
67 0.00390545
68 0.0039054
69 0.00390542
70 0.00390549
71 0.00390549
72 0.00390546
73 0.00390547
74 0.00390547
75 0.00390551
76 0.00390554
77 0.00390552
78 0.00390556
79 0.00390556
80 0.00390559
81 0.00390559
82 0.00390558
83 0.00390562
84 0.00390561
85 0.00390563
86 0.00390563
87 0.00390565
88 0.00390567
89 0.00390567
90 0.00390568
91 0.00390568
92 0.0039057
93 0.00390573
94 0.00390573
95 0.00390574
96 0.00390577
97 0.00390576
98 0.00390577
99 0.00390579
100 0.00390578
101 0.00390582
102 0.00390582
103 0.00390582
104 0.00390583
105 0.00390585
106 0.00390585
107 0.00390588
108 0.00390587
109 0.00390588
110 0.00390589
111 0.00390591
112 0.00390593
113 0.0039059
114 0.00390593
115 0.00390592
116 0.00390594
117 0.00390595
118 0.00390597
119 0.00390598
120 0.00390599
121 0.003906
122 0.00390602
123 0.00390601
124 0.00390603
125 0.00390603
126 0.00390607
127 0.00390606
128 0.00390614
129 0.00390608
130 0.00390609
131 0.00390613
132 0.00390581
133 0.00390969
134 0.00390541
135 0.00390547
136 0.00390544
137 0.00390548
138 0.0039055
139 0.00390549
140 0.00390556
141 0.00390557
142 0.00390559
143 0.0039056
144 0.00390562
145 0.00390564
146 0.00390566
147 0.00390569
148 0.00390572
149 0.00390574
150 0.00390575
151 0.00390577
152 0.00390579
153 0.00390583
154 0.00390587
155 0.0039059
156 0.00390589
157 0.00390593
158 0.00390597
159 0.00390597
160 0.00390601
161 0.00390602
162 0.00390605
163 0.00390607
164 0.0039061
165 0.00390612
166 0.00390616
167 0.0039062
168 0.0039062
169 0.00390623
170 0.00390628
171 0.00390628
172 0.00390633
173 0.00390635
174 0.00390632
175 0.0039064
176 0.00390642
177 0.00390647
178 0.00390647
179 0.0039065
180 0.00390652
181 0.00390655
182 0.0039066
183 0.0039066
184 0.00390663
185 0.00390667
186 0.00390668
187 0.00390673
188 0.00390676
189 0.00390678
190 0.0039068
191 0.00390687
192 0.00390688
193 0.0039069
194 0.00390694
195 0.003907
196 0.00390699
197 0.00390702
198 0.00390707
199 0.00390711
200 0.00390714
201 0.00390717
202 0.00390717
203 0.00390723
204 0.00390728
205 0.00390729
206 0.00390734
207 0.00390736
208 0.00390738
209 0.00390745
210 0.00390748
211 0.00390752
212 0.00390754
213 0.00390758
214 0.00390761
215 0.00390764
216 0.00390772
217 0.00390772
218 0.00390776
219 0.00390778
220 0.00390782
221 0.0039079
222 0.00390789
223 0.00390795
224 0.00390798
225 0.00390803
226 0.00390806
227 0.00390811
228 0.00390816
229 0.00390818
230 0.00390821
231 0.00390827
232 0.00390829
233 0.00390833
234 0.00390839
235 0.00390842
236 0.00390847
237 0.00390853
238 0.00390853
239 0.00390861
240 0.00390865
241 0.00390868
242 0.00390872
243 0.00390874
244 0.00390881
245 0.00390885
246 0.00390891
247 0.00390894
248 0.003909
249 0.00390903
250 0.00390908
251 0.00390912
252 0.00390916
253 0.00390923
254 0.00390927
255 0.00390934
