0 0.00391032
1 0.00390549
2 0.00390546
3 0.00390547
4 0.0039055
5 0.00390547
6 0.0039055
7 0.00390551
8 0.00390549
9 0.00390552
10 0.00390552
11 0.00390553
12 0.00390551
13 0.00390554
14 0.00390554
15 0.00390554
16 0.00390557
17 0.00390555
18 0.00390555
19 0.00390559
20 0.0039056
21 0.0039056
22 0.00390562
23 0.00390563
24 0.00390562
25 0.00390564
26 0.00390564
27 0.00390564
28 0.00390565
29 0.00390566
30 0.00390567
31 0.00390567
32 0.00390569
33 0.0039057
34 0.0039057
35 0.0039057
36 0.00390571
37 0.00390572
38 0.00390572
39 0.00390573
40 0.00390575
41 0.00390575
42 0.00390575
43 0.00390576
44 0.00390575
45 0.00390577
46 0.0039058
47 0.00390577
48 0.0039058
49 0.0039058
50 0.00390581
51 0.00390583
52 0.00390582
53 0.00390582
54 0.00390584
55 0.00390587
56 0.00390585
57 0.00390585
58 0.00390588
59 0.00390586
60 0.0039059
61 0.00390588
62 0.00390589
63 0.00390591
64 0.00390591
65 0.00390589
66 0.00390592
67 0.00390592
68 0.0039059
69 0.00390593
70 0.00390595
71 0.00390595
72 0.00390598
73 0.00390597
74 0.00390596
75 0.00390597
76 0.00390598
77 0.00390601
78 0.003906
79 0.003906
80 0.00390601
81 0.00390603
82 0.00390603
83 0.00390603
84 0.00390603
85 0.00390605
86 0.00390606
87 0.00390604
88 0.00390606
89 0.00390608
90 0.00390606
91 0.00390607
92 0.0039061
93 0.0039061
94 0.00390611
95 0.0039061
96 0.00390612
97 0.00390611
98 0.00390612
99 0.00390614
100 0.00390614
101 0.00390616
102 0.00390615
103 0.00390617
104 0.00390615
105 0.00390618
106 0.00390619
107 0.00390618
108 0.00390619
109 0.00390618
110 0.0039062
111 0.0039062
112 0.00390621
113 0.00390622
114 0.00390622
115 0.00390623
116 0.00390624
117 0.00390624
118 0.0039062
119 0.00390624
120 0.00390627
121 0.00390627
122 0.00390626
123 0.00390627
124 0.00390627
125 0.00390629
126 0.00390628
127 0.00390629
128 0.0039063
129 0.00390629
130 0.00390629
131 0.00390634
132 0.00390632
133 0.00390632
134 0.00390632
135 0.00390632
136 0.00390631
137 0.00390634
138 0.00390633
139 0.00390633
140 0.00390634
141 0.00390634
142 0.00390633
143 0.00390637
144 0.00390636
145 0.00390634
146 0.00390638
147 0.00390638
148 0.00390638
149 0.00390637
150 0.00390639
151 0.00390639
152 0.00390639
153 0.00390639
154 0.0039064
155 0.00390639
156 0.00390641
157 0.00390641
158 0.00390641
159 0.00390641
160 0.00390642
161 0.00390639
162 0.00390642
163 0.00390642
164 0.00390641
165 0.00390642
166 0.00390641
167 0.00390642
168 0.00390641
169 0.00390643
170 0.00390641
171 0.00390642
172 0.00390641
173 0.00390642
174 0.00390642
175 0.00390643
176 0.00390642
177 0.00390642
178 0.00390642
179 0.00390644
180 0.00390644
181 0.00390645
182 0.00390645
183 0.00390644
184 0.00390642
185 0.00390643
186 0.00390645
187 0.00390644
188 0.00390643
189 0.00390646
190 0.00390643
191 0.00390644
192 0.00390643
193 0.00390643
194 0.00390642
195 0.00390642
196 0.00390642
197 0.0039064
198 0.00390641
199 0.0039064
200 0.0039064
201 0.00390642
202 0.0039064
203 0.00390639
204 0.00390641
205 0.00390642
206 0.0039064
207 0.0039064
208 0.00390641
209 0.00390638
210 0.00390639
211 0.00390638
212 0.00390638
213 0.00390637
214 0.00390638
215 0.00390637
216 0.00390636
217 0.00390633
218 0.00390635
219 0.00390635
220 0.00390633
221 0.00390634
222 0.00390631
223 0.00390631
224 0.00390631
225 0.00390631
226 0.00390631
227 0.00390628
228 0.00390628
229 0.00390626
230 0.00390627
231 0.00390627
232 0.00390624
233 0.00390623
234 0.00390626
235 0.00390612
236 0.00390661
237 0.00390746
238 0.00390752
239 0.00390752
240 0.00390753
241 0.00390755
242 0.00390758
243 0.00390762
244 0.00390763
245 0.00390767
246 0.00390768
247 0.0039077
248 0.00390771
249 0.00390775
250 0.00390776
251 0.00390779
252 0.00390781
253 0.00390784
254 0.00390787
255 0.00390791
