0 0.00391571
1 0.00390439
2 0.00390442
3 0.00390442
4 0.00390456
5 0.00390446
6 0.00390451
7 0.00390451
8 0.00390454
9 0.00390452
10 0.00390457
11 0.00390456
12 0.00390462
13 0.00390459
14 0.00390462
15 0.00390464
16 0.00390468
17 0.00390466
18 0.00390469
19 0.00390468
20 0.00390472
21 0.00390474
22 0.00390472
23 0.00390476
24 0.00390477
25 0.00390479
26 0.00390479
27 0.00390482
28 0.00390481
29 0.00390485
30 0.00390486
31 0.00390486
32 0.00390492
33 0.0039049
34 0.00390491
35 0.00390493
36 0.00390494
37 0.00390497
38 0.00390496
39 0.00390499
40 0.00390501
41 0.00390501
42 0.00390502
43 0.00390506
44 0.00390506
45 0.00390509
46 0.00390511
47 0.00390511
48 0.00390513
49 0.00390514
50 0.00390514
51 0.00390516
52 0.00390518
53 0.00390521
54 0.00390527
55 0.00390522
56 0.00390526
57 0.00390524
58 0.00390526
59 0.00390528
60 0.00390525
61 0.0039053
62 0.00390534
63 0.00390535
64 0.00390542
65 0.00390537
66 0.0039054
67 0.00390542
68 0.00390541
69 0.00390543
70 0.00390545
71 0.00390544
72 0.00390546
73 0.00390548
74 0.00390549
75 0.0039055
76 0.00390551
77 0.00390555
78 0.00390555
79 0.00390553
80 0.00390558
81 0.00390558
82 0.0039056
83 0.0039056
84 0.00390564
85 0.00390565
86 0.00390565
87 0.00390569
88 0.00390568
89 0.0039057
90 0.0039057
91 0.00390571
92 0.00390573
93 0.00390574
94 0.00390574
95 0.00390573
96 0.00390582
97 0.00390578
98 0.0039058
99 0.00390581
100 0.00390581
101 0.00390586
102 0.00390585
103 0.00390584
104 0.00390589
105 0.00390592
106 0.00390556
107 0.00391152
108 0.00390476
109 0.00390481
110 0.00390482
111 0.0039048
112 0.00390484
113 0.00390484
114 0.0039049
115 0.0039049
116 0.00390493
117 0.00390494
118 0.00390498
119 0.00390498
120 0.00390501
121 0.00390504
122 0.00390507
123 0.00390506
124 0.00390511
125 0.0039051
126 0.00390515
127 0.00390517
128 0.00390531
129 0.00390523
130 0.00390525
131 0.00390528
132 0.00390526
133 0.00390531
134 0.00390532
135 0.00390537
136 0.00390539
137 0.00390543
138 0.00390543
139 0.00390545
140 0.0039055
141 0.00390551
142 0.00390553
143 0.00390557
144 0.00390559
145 0.00390559
146 0.00390563
147 0.00390566
148 0.00390569
149 0.0039057
150 0.00390576
151 0.00390576
152 0.00390581
153 0.00390585
154 0.00390587
155 0.00390591
156 0.00390593
157 0.00390595
158 0.003906
159 0.00390604
160 0.00390605
161 0.00390609
162 0.00390612
163 0.00390614
164 0.00390619
165 0.00390618
166 0.00390622
167 0.00390625
168 0.00390629
169 0.00390633
170 0.00390636
171 0.00390636
172 0.0039064
173 0.00390644
174 0.00390646
175 0.00390652
176 0.00390654
177 0.00390657
178 0.0039066
179 0.00390663
180 0.00390665
181 0.00390669
182 0.00390677
183 0.00390675
184 0.00390677
185 0.00390684
186 0.00390687
187 0.0039069
188 0.00390693
189 0.00390695
190 0.003907
191 0.00390705
192 0.00390709
193 0.0039071
194 0.00390713
195 0.00390718
196 0.00390723
197 0.00390726
198 0.0039073
199 0.00390733
200 0.00390737
201 0.00390742
202 0.00390745
203 0.00390746
204 0.00390753
205 0.00390756
206 0.00390759
207 0.00390764
208 0.00390768
209 0.00390772
210 0.00390777
211 0.0039078
212 0.00390783
213 0.00390788
214 0.00390791
215 0.00390797
216 0.00390801
217 0.00390805
218 0.00390808
219 0.00390811
220 0.00390817
221 0.00390822
222 0.00390824
223 0.00390831
224 0.00390838
225 0.00390841
226 0.00390843
227 0.00390847
228 0.00390852
229 0.00390859
230 0.00390863
231 0.00390867
232 0.00390872
233 0.00390874
234 0.0039088
235 0.00390877
236 0.00390892
237 0.00390896
238 0.00390899
239 0.00390905
240 0.0039091
241 0.00390912
242 0.00390915
243 0.00390924
244 0.00390928
245 0.00390933
246 0.00390938
247 0.00390943
248 0.00390948
249 0.00390955
250 0.00390959
251 0.00390963
252 0.0039097
253 0.00390974
254 0.0039098
255 0.00390989
