0 0.00392356
1 0.00390426
2 0.00390431
3 0.0039043
4 0.00390461
5 0.00390444
6 0.00390448
7 0.00390446
8 0.00390451
9 0.0039045
10 0.00390453
11 0.00390473
12 0.00390461
13 0.00390441
14 0.00390465
15 0.00390472
16 0.00390478
17 0.0039047
18 0.00390473
19 0.00390476
20 0.00390479
21 0.00390481
22 0.00390481
23 0.00390488
24 0.00390502
25 0.00390418
26 0.00392431
27 0.0039026
28 0.00390266
29 0.00390268
30 0.00390264
31 0.00390249
32 0.00390273
33 0.00390281
34 0.00390273
35 0.00390284
36 0.00390279
37 0.00390288
38 0.00390284
39 0.00390291
40 0.00390288
41 0.00390298
42 0.00390292
43 0.00390299
44 0.00390297
45 0.00390305
46 0.00390304
47 0.00390309
48 0.0039031
49 0.00390317
50 0.00390315
51 0.0039032
52 0.0039032
53 0.00390326
54 0.00390326
55 0.0039033
56 0.00390332
57 0.00390339
58 0.00390341
59 0.00390343
60 0.00390346
61 0.00390348
62 0.00390349
63 0.00390352
64 0.0039036
65 0.00390356
66 0.00390355
67 0.00390357
68 0.00390356
69 0.00390358
70 0.00390352
71 0.00390355
72 0.00390354
73 0.0039036
74 0.00390358
75 0.00390363
76 0.0039036
77 0.00390373
78 0.00390375
79 0.00390378
80 0.00390379
81 0.00390472
82 0.00390389
83 0.00390393
84 0.00390394
85 0.00390398
86 0.00390399
87 0.00390402
88 0.00390401
89 0.00390413
90 0.00390413
91 0.00390415
92 0.00390417
93 0.00390422
94 0.00390422
95 0.0039043
96 0.00390436
97 0.00390434
98 0.00390434
99 0.0039044
100 0.00390441
101 0.00390445
102 0.0039045
103 0.00390449
104 0.00390451
105 0.00390458
106 0.00390462
107 0.00390462
108 0.00390465
109 0.0039047
110 0.0039047
111 0.00390475
112 0.00390477
113 0.00390481
114 0.00390482
115 0.00390486
116 0.00390486
117 0.00390492
118 0.00390494
119 0.00390502
120 0.00390499
121 0.00390506
122 0.00390507
123 0.00390512
124 0.00390518
125 0.0039052
126 0.00390522
127 0.0039053
128 0.00390563
129 0.00390532
130 0.00390534
131 0.00390536
132 0.0039054
133 0.00390544
134 0.00390549
135 0.00390553
136 0.00390554
137 0.00390561
138 0.0039056
139 0.00390564
140 0.00390569
141 0.00390567
142 0.00390577
143 0.0039058
144 0.00390588
145 0.00390587
146 0.0039059
147 0.00390596
148 0.00390598
149 0.00390602
150 0.00390605
151 0.0039061
152 0.00390616
153 0.00390625
154 0.00390613
155 0.00390632
156 0.00390631
157 0.00390637
158 0.00390637
159 0.00390643
160 0.00390647
161 0.00390651
162 0.00390655
163 0.00390659
164 0.00390663
165 0.00390668
166 0.00390672
167 0.00390677
168 0.00390682
169 0.00390689
170 0.0039069
171 0.00390695
172 0.00390697
173 0.00390702
174 0.00390709
175 0.00390714
176 0.00390718
177 0.00390724
178 0.00390726
179 0.00390732
180 0.00390735
181 0.00390739
182 0.00390744
183 0.00390749
184 0.00390779
185 0.00390761
186 0.00390761
187 0.00390769
188 0.00390763
189 0.00390776
190 0.00390777
191 0.00390792
192 0.00390791
193 0.00390795
194 0.00390799
195 0.00390809
196 0.00390814
197 0.00390828
198 0.00390823
199 0.00390834
200 0.00390838
201 0.00390851
202 0.00390847
203 0.00390856
204 0.00390858
205 0.00390866
206 0.00390869
207 0.00390883
208 0.00390882
209 0.00390888
210 0.00390891
211 0.00390897
212 0.00390904
213 0.00390911
214 0.00390917
215 0.00390927
216 0.00390932
217 0.00390939
218 0.00390942
219 0.00390947
220 0.00390952
221 0.00390964
222 0.00390969
223 0.00390976
224 0.00390987
225 0.00390984
226 0.00390996
227 0.00390998
228 0.00391004
229 0.00391014
230 0.00391021
231 0.00391027
232 0.0039104
233 0.00391047
234 0.00391055
235 0.00391072
236 0.00391058
237 0.0039107
238 0.00391084
239 0.00391085
240 0.00391099
241 0.00391099
242 0.00391111
243 0.00391109
244 0.0039112
245 0.00391131
246 0.00391142
247 0.00391141
248 0.00391161
249 0.00391155
250 0.00391182
251 0.00391273
252 0.00391177
253 0.00391199
254 0.00391201
255 0.00391216
