0 0.00392069
1 0.00390426
2 0.00390422
3 0.00390427
4 0.0039044
5 0.00390439
6 0.00390441
7 0.00390441
8 0.00390447
9 0.00390441
10 0.00390448
11 0.00390447
12 0.00390452
13 0.00390455
14 0.00390458
15 0.00390459
16 0.00390525
17 0.00390459
18 0.00390475
19 0.00390461
20 0.00390471
21 0.0039047
22 0.00390471
23 0.00390472
24 0.00390475
25 0.00390481
26 0.00390488
27 0.00390482
28 0.00390488
29 0.00390486
30 0.00390488
31 0.00390494
32 0.00390533
33 0.0039049
34 0.00390512
35 0.0039049
36 0.00390511
37 0.00390502
38 0.00390506
39 0.0039051
40 0.00390509
41 0.00390509
42 0.00390515
43 0.00390514
44 0.00390519
45 0.0039052
46 0.00390521
47 0.0039052
48 0.003905
49 0.00390536
50 0.00390485
51 0.00391888
52 0.00390329
53 0.00390335
54 0.00390335
55 0.00390335
56 0.00390337
57 0.00390338
58 0.00390341
59 0.00390343
60 0.00390346
61 0.00390345
62 0.00390349
63 0.00390347
64 0.00390361
65 0.00390368
66 0.00390367
67 0.00390362
68 0.00390365
69 0.00390365
70 0.0039037
71 0.00390369
72 0.00390374
73 0.00390374
74 0.00390377
75 0.00390378
76 0.00390381
77 0.00390383
78 0.00390386
79 0.00390389
80 0.00390396
81 0.00390391
82 0.00390397
83 0.00390397
84 0.003904
85 0.003904
86 0.00390406
87 0.00390407
88 0.00390412
89 0.0039041
90 0.00390416
91 0.00390415
92 0.00390422
93 0.00390419
94 0.00390426
95 0.00390428
96 0.00390438
97 0.00390437
98 0.00390436
99 0.00390433
100 0.00390441
101 0.00390442
102 0.00390446
103 0.00390445
104 0.00390458
105 0.00390452
106 0.00390455
107 0.00390459
108 0.0039046
109 0.00390462
110 0.00390466
111 0.00390468
112 0.00390475
113 0.00390476
114 0.00390481
115 0.00390482
116 0.00390482
117 0.00390485
118 0.00390492
119 0.00390491
120 0.00390498
121 0.00390499
122 0.00390502
123 0.00390502
124 0.0039051
125 0.00390508
126 0.00390515
127 0.00390517
128 0.00390545
129 0.00390533
130 0.00390527
131 0.00390526
132 0.00390531
133 0.00390531
134 0.00390537
135 0.00390537
136 0.00390546
137 0.00390543
138 0.00390551
139 0.00390553
140 0.00390557
141 0.00390557
142 0.00390564
143 0.00390565
144 0.00390574
145 0.00390576
146 0.00390581
147 0.00390579
148 0.00390585
149 0.00390589
150 0.00390594
151 0.00390593
152 0.00390602
153 0.00390599
154 0.00390614
155 0.00390608
156 0.00390617
157 0.00390616
158 0.00390621
159 0.00390622
160 0.00390633
161 0.00390628
162 0.00390636
163 0.00390634
164 0.00390642
165 0.00390645
166 0.00390651
167 0.00390653
168 0.00390658
169 0.00390659
170 0.00390666
171 0.00390667
172 0.00390674
173 0.00390676
174 0.00390682
175 0.00390684
176 0.0039069
177 0.00390692
178 0.003907
179 0.0039069
180 0.00390709
181 0.00390708
182 0.00390718
183 0.00390716
184 0.00390724
185 0.00390726
186 0.00390735
187 0.00390735
188 0.00390744
189 0.00390745
190 0.00390752
191 0.00390756
192 0.00390773
193 0.00390789
194 0.00390773
195 0.00390773
196 0.00390782
197 0.00390783
198 0.0039079
199 0.00390797
200 0.003908
201 0.00390802
202 0.00390811
203 0.00390812
204 0.00390821
205 0.00390822
206 0.00390832
207 0.00390834
208 0.0039085
209 0.00390847
210 0.0039086
211 0.00390858
212 0.00390866
213 0.00390871
214 0.00390878
215 0.00390879
216 0.00390888
217 0.00390892
218 0.00390901
219 0.00390902
220 0.00390912
221 0.00390915
222 0.00390925
223 0.00390929
224 0.0039094
225 0.00390938
226 0.00390946
227 0.0039095
228 0.00390963
229 0.00390964
230 0.0039097
231 0.00390973
232 0.00390988
233 0.00390989
234 0.00390997
235 0.00391
236 0.00391009
237 0.00391012
238 0.00391022
239 0.00391029
240 0.00391041
241 0.00391043
242 0.00391054
243 0.00391051
244 0.00391041
245 0.00391069
246 0.00391079
247 0.00391082
248 0.00391087
249 0.00391089
250 0.00391101
251 0.00391106
252 0.00391119
253 0.00391123
254 0.00391133
255 0.00391136
