0 0.00391189
1 0.00390494
2 0.00390494
3 0.00390494
4 0.003905
5 0.00390495
6 0.00390499
7 0.00390499
8 0.00390498
9 0.003905
10 0.00390502
11 0.00390503
12 0.00390503
13 0.00390505
14 0.00390506
15 0.00390507
16 0.00390509
17 0.00390508
18 0.0039051
19 0.00390511
20 0.0039051
21 0.00390514
22 0.00390513
23 0.00390515
24 0.00390514
25 0.00390517
26 0.00390518
27 0.00390517
28 0.00390523
29 0.0039052
30 0.00390521
31 0.00390522
32 0.00390524
33 0.00390526
34 0.00390527
35 0.00390526
36 0.00390526
37 0.00390528
38 0.00390528
39 0.0039053
40 0.00390532
41 0.00390533
42 0.00390535
43 0.00390532
44 0.00390535
45 0.00390536
46 0.00390536
47 0.0039054
48 0.00390541
49 0.00390541
50 0.00390541
51 0.00390544
52 0.00390542
53 0.00390545
54 0.00390546
55 0.00390549
56 0.00390548
57 0.00390548
58 0.00390553
59 0.0039055
60 0.00390551
61 0.00390552
62 0.00390552
63 0.00390557
64 0.00390556
65 0.00390556
66 0.00390556
67 0.00390557
68 0.00390557
69 0.0039056
70 0.00390561
71 0.00390563
72 0.00390565
73 0.00390565
74 0.00390564
75 0.00390566
76 0.00390567
77 0.00390568
78 0.00390569
79 0.00390573
80 0.00390573
81 0.00390572
82 0.00390573
83 0.00390573
84 0.00390576
85 0.00390577
86 0.00390578
87 0.00390576
88 0.00390579
89 0.0039058
90 0.00390581
91 0.00390585
92 0.00390584
93 0.00390582
94 0.00390585
95 0.00390585
96 0.00390587
97 0.00390588
98 0.00390588
99 0.00390589
100 0.0039059
101 0.00390591
102 0.0039059
103 0.00390593
104 0.00390593
105 0.00390594
106 0.00390595
107 0.00390597
108 0.00390596
109 0.00390598
110 0.00390596
111 0.00390599
112 0.00390598
113 0.00390599
114 0.00390599
115 0.00390599
116 0.00390602
117 0.00390604
118 0.00390605
119 0.00390604
120 0.00390605
121 0.00390605
122 0.00390607
123 0.00390609
124 0.00390609
125 0.00390608
126 0.0039061
127 0.0039061
128 0.00390613
129 0.00390613
130 0.00390612
131 0.00390614
132 0.00390613
133 0.00390615
134 0.00390614
135 0.00390617
136 0.00390615
137 0.00390617
138 0.00390615
139 0.00390617
140 0.00390617
141 0.00390616
142 0.00390618
143 0.00390619
144 0.00390617
145 0.0039062
146 0.00390619
147 0.00390621
148 0.00390619
149 0.0039062
150 0.00390622
151 0.00390622
152 0.00390623
153 0.00390623
154 0.00390623
155 0.00390625
156 0.00390623
157 0.00390624
158 0.00390627
159 0.00390625
160 0.00390628
161 0.00390625
162 0.00390624
163 0.00390626
164 0.00390626
165 0.00390625
166 0.00390627
167 0.00390627
168 0.00390627
169 0.00390628
170 0.00390626
171 0.00390628
172 0.00390629
173 0.00390628
174 0.00390627
175 0.00390629
176 0.00390628
177 0.0039063
178 0.00390628
179 0.00390631
180 0.00390611
181 0.00390766
182 0.00390644
183 0.00390651
184 0.00390648
185 0.00390652
186 0.00390654
187 0.00390657
188 0.00390659
189 0.00390661
190 0.00390663
191 0.00390665
192 0.00390667
193 0.00390669
194 0.00390671
195 0.00390675
196 0.00390678
197 0.00390679
198 0.00390681
199 0.00390684
200 0.00390686
201 0.00390688
202 0.00390689
203 0.00390695
204 0.00390695
205 0.00390699
206 0.00390699
207 0.00390706
208 0.00390707
209 0.00390707
210 0.0039071
211 0.00390715
212 0.00390717
213 0.00390719
214 0.00390722
215 0.00390726
216 0.00390727
217 0.00390729
218 0.00390733
219 0.00390735
220 0.00390739
221 0.0039074
222 0.00390743
223 0.00390746
224 0.00390749
225 0.00390753
226 0.00390754
227 0.00390758
228 0.00390763
229 0.00390764
230 0.00390768
231 0.00390771
232 0.00390773
233 0.00390776
234 0.00390782
235 0.00390782
236 0.00390785
237 0.00390791
238 0.00390794
239 0.00390795
240 0.00390798
241 0.00390803
242 0.00390806
243 0.00390809
244 0.00390812
245 0.00390815
246 0.00390818
247 0.00390823
248 0.00390827
249 0.0039083
250 0.00390833
251 0.00390836
252 0.00390839
253 0.00390844
254 0.00390846
255 0.00390852
