0 0.00391836
1 0.00390429
2 0.00390433
3 0.0039043
4 0.0039045
5 0.00390435
6 0.00390441
7 0.00390443
8 0.00390447
9 0.00390448
10 0.00390446
11 0.00390423
12 0.00390453
13 0.00390453
14 0.00390454
15 0.00390455
16 0.00390475
17 0.00390463
18 0.00390463
19 0.00390465
20 0.00390465
21 0.00390467
22 0.00390472
23 0.0039047
24 0.00390471
25 0.00390471
26 0.00390475
27 0.00390465
28 0.00390481
29 0.00390484
30 0.00390483
31 0.00390486
32 0.00390501
33 0.00390486
34 0.0039049
35 0.00390492
36 0.00390493
37 0.00390482
38 0.00390495
39 0.00390501
40 0.003905
41 0.00390501
42 0.00390503
43 0.00390504
44 0.00390509
45 0.0039051
46 0.00390511
47 0.00390513
48 0.0039051
49 0.00390515
50 0.00390517
51 0.0039052
52 0.0039052
53 0.00390523
54 0.00390523
55 0.00390526
56 0.00390526
57 0.00390532
58 0.0039053
59 0.00390536
60 0.00390535
61 0.00390535
62 0.00390538
63 0.00390543
64 0.00390546
65 0.00390542
66 0.00390542
67 0.00390547
68 0.00390547
69 0.00390549
70 0.00390549
71 0.00390555
72 0.0039056
73 0.0039051
74 0.00391512
75 0.00390392
76 0.00390397
77 0.00390397
78 0.00390398
79 0.00390399
80 0.00390403
81 0.00390409
82 0.00390405
83 0.00390407
84 0.00390409
85 0.00390413
86 0.00390416
87 0.00390418
88 0.00390419
89 0.00390421
90 0.00390424
91 0.00390424
92 0.00390427
93 0.00390429
94 0.00390433
95 0.00390435
96 0.00390439
97 0.00390439
98 0.00390442
99 0.00390443
100 0.00390446
101 0.00390448
102 0.0039045
103 0.00390456
104 0.00390456
105 0.0039046
106 0.00390459
107 0.00390463
108 0.00390466
109 0.0039047
110 0.00390468
111 0.00390474
112 0.00390476
113 0.00390478
114 0.0039048
115 0.00390484
116 0.00390486
117 0.00390489
118 0.00390492
119 0.00390493
120 0.00390494
121 0.00390498
122 0.00390499
123 0.00390504
124 0.00390506
125 0.00390508
126 0.00390512
127 0.00390516
128 0.00390536
129 0.00390518
130 0.00390522
131 0.00390525
132 0.00390529
133 0.0039053
134 0.00390532
135 0.00390537
136 0.00390538
137 0.00390545
138 0.00390545
139 0.00390549
140 0.00390552
141 0.00390556
142 0.00390556
143 0.00390559
144 0.00390566
145 0.00390566
146 0.00390571
147 0.00390573
148 0.00390573
149 0.00390577
150 0.00390583
151 0.00390586
152 0.00390585
153 0.0039059
154 0.00390595
155 0.00390598
156 0.00390602
157 0.00390606
158 0.00390608
159 0.00390612
160 0.00390617
161 0.00390618
162 0.00390622
163 0.00390626
164 0.00390627
165 0.00390628
166 0.00390634
167 0.0039064
168 0.00390641
169 0.00390647
170 0.00390648
171 0.00390655
172 0.00390659
173 0.00390661
174 0.00390667
175 0.00390667
176 0.00390672
177 0.00390675
178 0.00390678
179 0.00390684
180 0.00390688
181 0.00390692
182 0.00390694
183 0.003907
184 0.00390704
185 0.00390713
186 0.00390714
187 0.00390718
188 0.00390725
189 0.00390726
190 0.00390729
191 0.00390736
192 0.00390742
193 0.00390743
194 0.00390747
195 0.00390753
196 0.00390759
197 0.0039076
198 0.00390763
199 0.00390769
200 0.00390775
201 0.00390779
202 0.00390778
203 0.00390792
204 0.00390793
205 0.00390799
206 0.003908
207 0.00390807
208 0.0039081
209 0.00390817
210 0.00390821
211 0.00390826
212 0.00390832
213 0.00390836
214 0.00390841
215 0.00390846
216 0.0039085
217 0.00390855
218 0.00390861
219 0.00390864
220 0.00390867
221 0.00390875
222 0.0039088
223 0.00390885
224 0.00390893
225 0.00390896
226 0.003909
227 0.00390906
228 0.00390912
229 0.00390915
230 0.00390923
231 0.00390926
232 0.00390932
233 0.00390937
234 0.00390945
235 0.00390949
236 0.00390955
237 0.00390959
238 0.00390966
239 0.00390971
240 0.00390978
241 0.00390984
242 0.00390991
243 0.00390995
244 0.00391002
245 0.00391008
246 0.00391014
247 0.00391018
248 0.00391024
249 0.00391032
250 0.00391039
251 0.00391046
252 0.0039105
253 0.00391055
254 0.00391062
255 0.00391078
