0 0.00391329
1 0.00390466
2 0.00390469
3 0.00390468
4 0.00390476
5 0.0039047
6 0.00390475
7 0.00390474
8 0.00390475
9 0.00390476
10 0.00390477
11 0.00390478
12 0.0039048
13 0.0039048
14 0.00390481
15 0.00390484
16 0.00390484
17 0.00390486
18 0.00390486
19 0.00390489
20 0.00390487
21 0.00390492
22 0.00390492
23 0.00390492
24 0.00390495
25 0.00390496
26 0.00390497
27 0.00390498
28 0.003905
29 0.00390501
30 0.00390501
31 0.00390502
32 0.00390507
33 0.00390507
34 0.00390505
35 0.00390507
36 0.00390509
37 0.0039051
38 0.00390511
39 0.00390512
40 0.00390513
41 0.00390515
42 0.00390517
43 0.00390518
44 0.00390517
45 0.00390521
46 0.00390521
47 0.00390521
48 0.00390522
49 0.00390525
50 0.00390527
51 0.00390527
52 0.00390529
53 0.0039053
54 0.00390529
55 0.00390532
56 0.00390534
57 0.00390533
58 0.00390535
59 0.00390536
60 0.00390536
61 0.00390538
62 0.0039054
63 0.0039054
64 0.00390544
65 0.00390543
66 0.00390543
67 0.00390545
68 0.00390544
69 0.00390546
70 0.00390547
71 0.00390549
72 0.00390549
73 0.00390552
74 0.00390543
75 0.00390552
76 0.00390554
77 0.00390556
78 0.00390556
79 0.00390559
80 0.00390559
81 0.00390561
82 0.00390562
83 0.00390562
84 0.00390562
85 0.00390566
86 0.00390565
87 0.00390565
88 0.00390565
89 0.00390568
90 0.00390568
91 0.00390571
92 0.00390571
93 0.00390576
94 0.00390572
95 0.00390577
96 0.00390577
97 0.00390575
98 0.00390578
99 0.00390578
100 0.0039058
101 0.00390581
102 0.00390583
103 0.00390583
104 0.00390584
105 0.00390584
106 0.00390586
107 0.00390585
108 0.00390587
109 0.00390589
110 0.0039059
111 0.00390594
112 0.00390594
113 0.00390595
114 0.00390595
115 0.00390594
116 0.00390597
117 0.00390597
118 0.00390596
119 0.00390603
120 0.00390599
121 0.003906
122 0.00390601
123 0.00390604
124 0.00390604
125 0.00390603
126 0.00390604
127 0.00390606
128 0.0039061
129 0.00390607
130 0.00390607
131 0.00390607
132 0.00390609
133 0.00390609
134 0.0039061
135 0.00390612
136 0.00390611
137 0.00390611
138 0.00390612
139 0.00390615
140 0.00390614
141 0.00390616
142 0.00390616
143 0.00390614
144 0.00390617
145 0.00390616
146 0.00390622
147 0.00390593
148 0.00390889
149 0.00390576
150 0.00390579
151 0.00390579
152 0.00390581
153 0.00390585
154 0.00390586
155 0.00390587
156 0.00390591
157 0.00390592
158 0.00390596
159 0.00390597
160 0.00390599
161 0.00390603
162 0.00390603
163 0.00390606
164 0.00390607
165 0.00390611
166 0.00390613
167 0.00390616
168 0.00390619
169 0.00390623
170 0.00390623
171 0.00390625
172 0.00390627
173 0.0039063
174 0.00390633
175 0.00390635
176 0.00390637
177 0.00390641
178 0.00390641
179 0.00390648
180 0.00390648
181 0.0039065
182 0.00390654
183 0.00390653
184 0.00390654
185 0.00390661
186 0.00390663
187 0.00390667
188 0.00390669
189 0.00390672
190 0.00390674
191 0.00390677
192 0.00390682
193 0.00390684
194 0.00390687
195 0.00390688
196 0.00390691
197 0.00390694
198 0.00390696
199 0.00390701
200 0.00390704
201 0.00390707
202 0.00390708
203 0.00390713
204 0.00390715
205 0.00390717
206 0.0039072
207 0.00390725
208 0.00390727
209 0.00390731
210 0.00390734
211 0.00390737
212 0.00390739
213 0.00390747
214 0.00390748
215 0.0039075
216 0.00390754
217 0.00390758
218 0.0039076
219 0.00390765
220 0.00390768
221 0.00390772
222 0.00390776
223 0.00390779
224 0.00390781
225 0.00390786
226 0.00390789
227 0.00390794
228 0.00390795
229 0.00390802
230 0.00390804
231 0.00390808
232 0.00390811
233 0.00390813
234 0.00390819
235 0.0039082
236 0.00390826
237 0.0039083
238 0.00390834
239 0.00390838
240 0.00390841
241 0.00390846
242 0.00390851
243 0.00390854
244 0.00390858
245 0.00390864
246 0.00390867
247 0.00390869
248 0.00390874
249 0.00390879
250 0.00390883
251 0.00390887
252 0.00390893
253 0.00390896
254 0.00390898
255 0.00390906
