0 0.00392
1 0.00390426
2 0.00390427
3 0.00390425
4 0.00390449
5 0.00390436
6 0.00390442
7 0.00390438
8 0.00390443
9 0.00390443
10 0.00390405
11 0.00390447
12 0.00390452
13 0.00390451
14 0.00390455
15 0.00390457
16 0.0039048
17 0.00390461
18 0.00390463
19 0.00390463
20 0.00390468
21 0.00390468
22 0.00390472
23 0.00390471
24 0.00390488
25 0.00390472
26 0.00390484
27 0.00390479
28 0.00390487
29 0.00390493
30 0.00390487
31 0.00390485
32 0.00390556
33 0.00390492
34 0.00390493
35 0.00390494
36 0.00390498
37 0.00390497
38 0.00390503
39 0.00390507
40 0.00390508
41 0.00390506
42 0.00390516
43 0.00390514
44 0.00390513
45 0.00390516
46 0.00390518
47 0.00390519
48 0.00390517
49 0.00390522
50 0.00390526
51 0.00390528
52 0.0039053
53 0.00390532
54 0.00390535
55 0.00390543
56 0.00390492
57 0.00391772
58 0.00390346
59 0.00390351
60 0.0039035
61 0.00390351
62 0.00390355
63 0.00390353
64 0.00390365
65 0.0039036
66 0.00390361
67 0.00390365
68 0.00390368
69 0.00390367
70 0.00390371
71 0.00390371
72 0.00390376
73 0.00390377
74 0.00390381
75 0.00390381
76 0.00390385
77 0.00390385
78 0.00390388
79 0.00390392
80 0.00390393
81 0.00390392
82 0.00390398
83 0.00390398
84 0.00390401
85 0.00390402
86 0.00390407
87 0.00390408
88 0.00390415
89 0.00390411
90 0.0039042
91 0.00390418
92 0.0039042
93 0.00390422
94 0.00390426
95 0.00390427
96 0.0039044
97 0.0039045
98 0.0039044
99 0.0039044
100 0.00390444
101 0.00390442
102 0.0039045
103 0.0039045
104 0.00390455
105 0.00390455
106 0.0039046
107 0.0039046
108 0.00390466
109 0.00390466
110 0.00390469
111 0.00390471
112 0.00390479
113 0.00390478
114 0.00390483
115 0.00390483
116 0.00390485
117 0.00390488
118 0.00390492
119 0.00390494
120 0.003905
121 0.003905
122 0.00390504
123 0.00390506
124 0.00390512
125 0.00390512
126 0.00390517
127 0.00390518
128 0.00390546
129 0.0039052
130 0.00390525
131 0.00390528
132 0.00390535
133 0.00390536
134 0.00390538
135 0.00390539
136 0.00390546
137 0.00390549
138 0.00390552
139 0.00390553
140 0.00390561
141 0.00390562
142 0.00390565
143 0.00390567
144 0.00390573
145 0.00390573
146 0.00390578
147 0.00390579
148 0.00390585
149 0.00390589
150 0.00390592
151 0.00390596
152 0.003906
153 0.00390601
154 0.00390604
155 0.00390609
156 0.00390612
157 0.00390622
158 0.0039062
159 0.00390623
160 0.0039063
161 0.00390631
162 0.00390633
163 0.00390638
164 0.00390642
165 0.00390644
166 0.00390649
167 0.00390649
168 0.00390657
169 0.0039066
170 0.00390664
171 0.00390666
172 0.00390674
173 0.00390676
174 0.00390682
175 0.00390684
176 0.00390691
177 0.00390689
178 0.00390694
179 0.00390699
180 0.00390702
181 0.00390709
182 0.00390712
183 0.00390717
184 0.00390724
185 0.00390719
186 0.0039073
187 0.00390734
188 0.00390739
189 0.0039074
190 0.00390746
191 0.00390753
192 0.00390759
193 0.00390762
194 0.00390764
195 0.00390766
196 0.00390774
197 0.00390778
198 0.00390784
199 0.00390791
200 0.00390795
201 0.00390796
202 0.00390805
203 0.00390811
204 0.00390813
205 0.00390819
206 0.00390823
207 0.00390828
208 0.00390837
209 0.0039084
210 0.00390844
211 0.00390847
212 0.00390851
213 0.00390857
214 0.00390865
215 0.00390867
216 0.00390874
217 0.00390879
218 0.00390886
219 0.00390889
220 0.00390897
221 0.00390899
222 0.00390907
223 0.00390913
224 0.00390923
225 0.00390922
226 0.0039093
227 0.00390936
228 0.00390939
229 0.00390946
230 0.00390954
231 0.00390962
232 0.00390963
233 0.00390971
234 0.00390979
235 0.00390983
236 0.00390989
237 0.00390994
238 0.00391002
239 0.0039101
240 0.00391016
241 0.00391019
242 0.00391026
243 0.00391036
244 0.00391043
245 0.00391047
246 0.00391055
247 0.00391059
248 0.00391066
249 0.00391066
250 0.00391058
251 0.00391085
252 0.00391096
253 0.003911
254 0.00391105
255 0.00391114
