0 0.00391239
1 0.00390485
2 0.00390484
3 0.00390483
4 0.00390491
5 0.00390487
6 0.0039049
7 0.00390488
8 0.00390487
9 0.00390489
10 0.00390492
11 0.00390494
12 0.00390493
13 0.00390495
14 0.00390495
15 0.00390497
16 0.00390497
17 0.00390498
18 0.003905
19 0.003905
20 0.00390505
21 0.00390503
22 0.00390503
23 0.00390508
24 0.00390506
25 0.00390507
26 0.00390509
27 0.00390509
28 0.0039051
29 0.00390512
30 0.00390512
31 0.00390514
32 0.00390517
33 0.00390516
34 0.00390518
35 0.00390518
36 0.0039052
37 0.00390521
38 0.00390521
39 0.00390523
40 0.00390523
41 0.00390526
42 0.00390526
43 0.00390527
44 0.00390528
45 0.0039053
46 0.00390531
47 0.00390533
48 0.00390533
49 0.00390534
50 0.00390534
51 0.00390536
52 0.00390535
53 0.00390535
54 0.00390538
55 0.00390541
56 0.00390542
57 0.00390542
58 0.00390544
59 0.00390545
60 0.00390545
61 0.00390548
62 0.00390547
63 0.00390548
64 0.00390551
65 0.0039055
66 0.00390549
67 0.0039055
68 0.00390553
69 0.00390553
70 0.00390556
71 0.00390556
72 0.00390558
73 0.00390558
74 0.00390559
75 0.0039056
76 0.0039056
77 0.0039056
78 0.00390561
79 0.00390565
80 0.00390566
81 0.00390566
82 0.00390568
83 0.0039057
84 0.00390563
85 0.00390571
86 0.0039057
87 0.00390573
88 0.00390572
89 0.00390574
90 0.00390574
91 0.00390576
92 0.00390578
93 0.0039058
94 0.00390577
95 0.00390582
96 0.00390583
97 0.00390585
98 0.00390585
99 0.00390584
100 0.00390586
101 0.00390587
102 0.00390586
103 0.00390589
104 0.00390588
105 0.00390592
106 0.0039059
107 0.00390591
108 0.00390592
109 0.00390596
110 0.00390595
111 0.00390595
112 0.00390596
113 0.00390596
114 0.00390597
115 0.00390598
116 0.00390599
117 0.003906
118 0.003906
119 0.00390602
120 0.00390601
121 0.00390604
122 0.00390603
123 0.00390607
124 0.00390607
125 0.00390605
126 0.00390607
127 0.00390608
128 0.00390611
129 0.00390609
130 0.00390608
131 0.00390609
132 0.00390611
133 0.00390611
134 0.00390612
135 0.00390611
136 0.00390611
137 0.00390613
138 0.00390613
139 0.00390615
140 0.00390615
141 0.00390616
142 0.00390615
143 0.00390614
144 0.00390616
145 0.00390616
146 0.00390617
147 0.00390618
148 0.00390618
149 0.0039062
150 0.00390622
151 0.00390621
152 0.00390619
153 0.0039062
154 0.00390622
155 0.00390621
156 0.00390621
157 0.00390623
158 0.00390623
159 0.00390622
160 0.00390624
161 0.00390624
162 0.00390622
163 0.00390625
164 0.00390624
165 0.00390626
166 0.00390628
167 0.00390604
168 0.00390804
169 0.00390618
170 0.00390621
171 0.00390623
172 0.00390626
173 0.00390627
174 0.00390629
175 0.00390631
176 0.00390633
177 0.00390633
178 0.00390638
179 0.00390639
180 0.00390643
181 0.00390645
182 0.00390646
183 0.00390648
184 0.00390652
185 0.00390654
186 0.00390657
187 0.00390659
188 0.00390662
189 0.00390664
190 0.00390668
191 0.0039067
192 0.00390671
193 0.00390673
194 0.00390677
195 0.0039068
196 0.00390682
197 0.00390685
198 0.00390687
199 0.0039069
200 0.00390692
201 0.00390695
202 0.00390697
203 0.00390701
204 0.00390703
205 0.00390707
206 0.0039071
207 0.00390712
208 0.00390715
209 0.00390716
210 0.00390721
211 0.00390721
212 0.00390723
213 0.00390728
214 0.00390731
215 0.00390735
216 0.00390737
217 0.00390741
218 0.00390743
219 0.00390747
220 0.00390748
221 0.00390753
222 0.00390756
223 0.00390759
224 0.0039076
225 0.00390764
226 0.00390768
227 0.00390771
228 0.00390775
229 0.00390777
230 0.00390782
231 0.00390784
232 0.00390787
233 0.00390793
234 0.00390796
235 0.00390797
236 0.00390801
237 0.00390805
238 0.00390809
239 0.00390811
240 0.00390814
241 0.00390819
242 0.00390822
243 0.00390826
244 0.00390831
245 0.00390834
246 0.00390838
247 0.0039084
248 0.00390844
249 0.00390848
250 0.00390853
251 0.00390857
252 0.00390858
253 0.00390862
254 0.00390867
255 0.00390871
