0 0.00391259
1 0.00390479
2 0.00390479
3 0.00390479
4 0.00390488
5 0.00390483
6 0.00390484
7 0.00390485
8 0.00390484
9 0.00390487
10 0.00390488
11 0.00390489
12 0.00390489
13 0.0039049
14 0.00390492
15 0.00390492
16 0.00390495
17 0.00390497
18 0.00390497
19 0.00390498
20 0.00390498
21 0.003905
22 0.003905
23 0.00390502
24 0.00390501
25 0.00390506
26 0.00390506
27 0.00390506
28 0.00390507
29 0.00390509
30 0.00390509
31 0.00390512
32 0.00390512
33 0.00390514
34 0.00390515
35 0.00390514
36 0.00390517
37 0.00390518
38 0.00390518
39 0.00390519
40 0.00390522
41 0.00390519
42 0.00390522
43 0.00390524
44 0.00390525
45 0.00390526
46 0.00390529
47 0.00390526
48 0.00390531
49 0.00390531
50 0.00390533
51 0.00390531
52 0.00390533
53 0.00390536
54 0.00390535
55 0.00390535
56 0.00390537
57 0.00390539
58 0.00390541
59 0.00390542
60 0.00390542
61 0.00390542
62 0.00390546
63 0.00390547
64 0.00390549
65 0.00390547
66 0.00390549
67 0.0039055
68 0.00390554
69 0.00390552
70 0.00390554
71 0.00390554
72 0.00390556
73 0.00390556
74 0.00390557
75 0.00390559
76 0.00390558
77 0.00390562
78 0.00390561
79 0.00390562
80 0.00390564
81 0.00390563
82 0.0039057
83 0.00390569
84 0.00390568
85 0.00390568
86 0.00390568
87 0.00390571
88 0.00390572
89 0.00390572
90 0.00390573
91 0.00390574
92 0.00390576
93 0.00390574
94 0.00390577
95 0.00390579
96 0.00390582
97 0.00390582
98 0.00390583
99 0.00390583
100 0.00390588
101 0.00390586
102 0.00390589
103 0.00390587
104 0.00390588
105 0.00390589
106 0.00390591
107 0.00390591
108 0.00390592
109 0.00390591
110 0.00390595
111 0.00390594
112 0.00390597
113 0.00390598
114 0.00390597
115 0.00390597
116 0.00390602
117 0.00390599
118 0.00390602
119 0.00390601
120 0.00390602
121 0.00390605
122 0.00390605
123 0.00390604
124 0.00390606
125 0.00390605
126 0.00390607
127 0.00390607
128 0.00390611
129 0.00390607
130 0.00390609
131 0.00390611
132 0.0039061
133 0.00390612
134 0.00390612
135 0.00390611
136 0.00390613
137 0.00390613
138 0.00390613
139 0.00390613
140 0.00390613
141 0.00390617
142 0.00390616
143 0.00390618
144 0.00390616
145 0.00390616
146 0.00390618
147 0.0039062
148 0.00390619
149 0.00390621
150 0.00390621
151 0.00390622
152 0.0039062
153 0.0039062
154 0.00390622
155 0.00390622
156 0.00390623
157 0.00390624
158 0.00390624
159 0.00390624
160 0.00390625
161 0.00390627
162 0.00390604
163 0.00390825
164 0.00390608
165 0.00390613
166 0.00390611
167 0.00390614
168 0.00390618
169 0.00390618
170 0.00390619
171 0.00390625
172 0.00390626
173 0.00390628
174 0.0039063
175 0.00390633
176 0.00390634
177 0.00390636
178 0.00390639
179 0.0039064
180 0.00390643
181 0.00390645
182 0.00390648
183 0.00390651
184 0.00390655
185 0.00390655
186 0.00390658
187 0.0039066
188 0.00390664
189 0.00390666
190 0.00390668
191 0.00390672
192 0.00390673
193 0.00390676
194 0.00390676
195 0.0039068
196 0.00390683
197 0.00390687
198 0.00390687
199 0.00390691
200 0.00390694
201 0.00390699
202 0.003907
203 0.00390703
204 0.00390706
205 0.00390707
206 0.0039071
207 0.00390714
208 0.00390717
209 0.00390717
210 0.00390723
211 0.00390723
212 0.00390728
213 0.0039073
214 0.00390734
215 0.00390738
216 0.00390739
217 0.00390744
218 0.00390746
219 0.00390751
220 0.00390753
221 0.00390757
222 0.00390759
223 0.00390762
224 0.00390765
225 0.00390768
226 0.00390773
227 0.00390776
228 0.00390779
229 0.00390781
230 0.00390783
231 0.00390788
232 0.00390793
233 0.00390794
234 0.00390799
235 0.00390801
236 0.00390805
237 0.00390809
238 0.00390814
239 0.00390817
240 0.00390819
241 0.00390824
242 0.00390828
243 0.00390832
244 0.00390835
245 0.0039084
246 0.00390843
247 0.00390847
248 0.00390851
249 0.00390854
250 0.00390858
251 0.00390863
252 0.00390866
253 0.00390872
254 0.00390875
255 0.00390879
