0 0.00781752
1 0.00387535
2 0.00385539
3 0.00388074
4 0.00387975
5 0.00388089
6 0.00388076
7 0.00388125
8 0.0038811
9 0.00388146
10 0.00388138
11 0.00388173
12 0.00388166
13 0.00388197
14 0.00388193
15 0.00388222
16 0.00388222
17 0.00388285
18 0.00388244
19 0.00388277
20 0.00388269
21 0.00388301
22 0.00388292
23 0.00388332
24 0.00388322
25 0.0038836
26 0.00388346
27 0.00388381
28 0.00388365
29 0.00388415
30 0.00388401
31 0.00388287
32 0.00388415
33 0.00388503
34 0.00388417
35 0.00388479
36 0.00388453
37 0.00388501
38 0.00388549
39 0.0038852
40 0.00388495
41 0.00388533
42 0.00388519
43 0.00388558
44 0.00388542
45 0.00388581
46 0.00388568
47 0.00388539
48 0.00388581
49 0.00388626
50 0.00388579
51 0.00388638
52 0.00388617
53 0.00388651
54 0.0038864
55 0.00388668
56 0.00388659
57 0.00388688
58 0.00388673
59 0.00388705
60 0.00388687
61 0.00388724
62 0.00388714
63 0.00388718
64 0.00388729
65 0.00388792
66 0.00388715
67 0.00388765
68 0.00388727
69 0.00388771
70 0.00388811
71 0.00388797
72 0.00388777
73 0.00388812
74 0.00388795
75 0.00388827
76 0.00388808
77 0.00388837
78 0.00388823
79 0.00388837
80 0.00388839
81 0.003889
82 0.00388827
83 0.00388876
84 0.00388863
85 0.00388887
86 0.0038888
87 0.00388907
88 0.00388881
89 0.0038891
90 0.00388897
91 0.00388926
92 0.00388904
93 0.00388935
94 0.00388959
95 0.00388919
96 0.00388942
97 0.00389005
98 0.00388914
99 0.00388966
100 0.00388945
101 0.00388974
102 0.00389006
103 0.00388981
104 0.00388962
105 0.0038899
106 0.00388972
107 0.00389
108 0.0038898
109 0.0038901
110 0.00388992
111 0.00389005
112 0.00388998
113 0.00389078
114 0.00388976
115 0.00389034
116 0.00389014
117 0.00389038
118 0.00389021
119 0.00389046
120 0.00389026
121 0.00389053
122 0.00389033
123 0.00389059
124 0.00389038
125 0.00389064
126 0.00389092
127 0.00388966
128 0.00389086
129 0.00387849
130 0.00389039
131 0.00389076
132 0.00389035
133 0.00389112
134 0.00389149
135 0.00389141
136 0.00389128
137 0.00389169
138 0.00389155
139 0.00389192
140 0.00389177
141 0.00389214
142 0.00389203
143 0.00389193
144 0.00389223
145 0.00389328
146 0.00389205
147 0.00389273
148 0.00389261
149 0.0038929
150 0.0038928
151 0.00389313
152 0.00389298
153 0.0038933
154 0.00389319
155 0.00389351
156 0.00389334
157 0.00389367
158 0.00389402
159 0.00389335
160 0.00389381
161 0.00389477
162 0.00389339
163 0.00389414
164 0.00389396
165 0.00389429
166 0.00389453
167 0.00389443
168 0.00389423
169 0.00389455
170 0.00389436
171 0.00389471
172 0.00390925
173 0.00389479
174 0.00389461
175 0.00389439
176 0.00389474
177 0.00389591
178 0.00389435
179 0.00389517
180 0.00389497
181 0.00389531
182 0.00389511
183 0.00389539
184 0.00389522
185 0.00389553
186 0.00389534
187 0.00389566
188 0.00389542
189 0.00389576
190 0.00389647
191 0.00389536
192 0.00389581
193 0.00389626
194 0.00389524
195 0.00389627
196 0.00389555
197 0.00389603
198 0.00389633
199 0.00389625
200 0.00389605
201 0.00389634
202 0.00389613
203 0.00389641
204 0.00389622
205 0.00389649
206 0.00389634
207 0.00389605
208 0.00389642
209 0.00389777
210 0.00389591
211 0.00389703
212 0.00389651
213 0.00389677
214 0.00389663
215 0.003897
216 0.00389674
217 0.00389697
218 0.00389683
219 0.00389703
220 0.00389701
221 0.00389708
222 0.00389797
223 0.00389659
224 0.00389717
225 0.00389841
226 0.00389648
227 0.00389826
228 0.0038971
229 0.00389733
230 0.00389761
231 0.00389749
232 0.00389726
233 0.00389753
234 0.00389733
235 0.00389762
236 0.00389741
237 0.00389767
238 0.00389749
239 0.00389729
240 0.0038975
241 0.00389919
242 0.00389692
243 0.00389776
244 0.00389768
245 0.00389793
246 0.00389775
247 0.00389802
248 0.00389781
249 0.0038981
250 0.00389789
251 0.00389818
252 0.00389799
253 0.00389823
254 0.00390038
255 0.00389828
