0 0.00391338
1 0.00390463
2 0.00390466
3 0.00390463
4 0.00390476
5 0.00390468
6 0.00390473
7 0.00390471
8 0.00390474
9 0.00390475
10 0.00390474
11 0.00390478
12 0.00390478
13 0.00390479
14 0.00390482
15 0.00390481
16 0.00390484
17 0.00390485
18 0.00390486
19 0.00390487
20 0.00390486
21 0.0039049
22 0.0039049
23 0.00390493
24 0.00390493
25 0.00390496
26 0.00390497
27 0.00390497
28 0.00390497
29 0.003905
30 0.00390499
31 0.003905
32 0.00390506
33 0.00390503
34 0.00390504
35 0.00390506
36 0.00390507
37 0.0039051
38 0.0039051
39 0.00390512
40 0.00390511
41 0.00390513
42 0.00390517
43 0.00390516
44 0.00390518
45 0.00390518
46 0.00390521
47 0.00390521
48 0.00390521
49 0.00390523
50 0.00390525
51 0.00390526
52 0.00390527
53 0.00390528
54 0.00390528
55 0.00390531
56 0.0039053
57 0.00390532
58 0.00390534
59 0.00390535
60 0.00390536
61 0.00390537
62 0.00390538
63 0.00390541
64 0.00390543
65 0.00390541
66 0.00390543
67 0.00390545
68 0.00390545
69 0.00390549
70 0.00390548
71 0.00390547
72 0.00390551
73 0.00390542
74 0.00390552
75 0.00390554
76 0.00390554
77 0.00390555
78 0.00390556
79 0.00390558
80 0.00390558
81 0.0039056
82 0.00390563
83 0.00390565
84 0.00390563
85 0.00390566
86 0.00390567
87 0.00390565
88 0.00390568
89 0.00390569
90 0.00390569
91 0.00390569
92 0.00390571
93 0.00390573
94 0.00390574
95 0.00390574
96 0.00390575
97 0.00390576
98 0.00390581
99 0.00390579
100 0.0039058
101 0.0039058
102 0.00390582
103 0.0039058
104 0.00390584
105 0.00390586
106 0.00390586
107 0.00390584
108 0.00390587
109 0.00390586
110 0.00390589
111 0.00390592
112 0.00390592
113 0.00390595
114 0.00390595
115 0.00390593
116 0.00390597
117 0.00390596
118 0.00390597
119 0.00390599
120 0.00390599
121 0.00390601
122 0.003906
123 0.00390602
124 0.00390604
125 0.00390603
126 0.00390604
127 0.00390607
128 0.00390613
129 0.00390606
130 0.00390605
131 0.00390608
132 0.00390609
133 0.00390609
134 0.0039061
135 0.00390611
136 0.00390608
137 0.00390613
138 0.00390611
139 0.00390611
140 0.00390614
141 0.00390613
142 0.00390615
143 0.00390617
144 0.0039062
145 0.00390589
146 0.00390895
147 0.0039057
148 0.00390574
149 0.00390573
150 0.00390577
151 0.0039058
152 0.00390581
153 0.00390582
154 0.00390585
155 0.00390586
156 0.00390589
157 0.00390593
158 0.00390593
159 0.00390595
160 0.00390598
161 0.00390602
162 0.00390602
163 0.00390606
164 0.00390608
165 0.00390609
166 0.00390614
167 0.00390615
168 0.0039062
169 0.00390621
170 0.00390623
171 0.00390626
172 0.00390627
173 0.00390629
174 0.00390633
175 0.00390637
176 0.00390638
177 0.0039064
178 0.00390645
179 0.00390646
180 0.00390648
181 0.00390651
182 0.00390653
183 0.00390655
184 0.00390659
185 0.00390659
186 0.00390664
187 0.00390671
188 0.0039067
189 0.00390675
190 0.00390678
191 0.00390679
192 0.00390684
193 0.00390685
194 0.00390687
195 0.0039069
196 0.00390693
197 0.00390697
198 0.00390699
199 0.00390704
200 0.00390705
201 0.00390704
202 0.00390712
203 0.00390713
204 0.00390717
205 0.0039072
206 0.00390725
207 0.00390727
208 0.00390731
209 0.00390733
210 0.00390736
211 0.0039074
212 0.00390744
213 0.00390746
214 0.00390751
215 0.00390752
216 0.00390757
217 0.00390761
218 0.00390762
219 0.00390766
220 0.00390769
221 0.00390772
222 0.00390778
223 0.0039078
224 0.00390785
225 0.00390788
226 0.0039079
227 0.00390795
228 0.00390799
229 0.00390802
230 0.00390806
231 0.00390812
232 0.00390815
233 0.00390816
234 0.00390823
235 0.00390826
236 0.0039083
237 0.00390833
238 0.00390837
239 0.00390842
240 0.00390845
241 0.00390849
242 0.00390854
243 0.00390858
244 0.00390862
245 0.00390866
246 0.0039087
247 0.00390876
248 0.0039088
249 0.00390884
250 0.00390887
251 0.00390892
252 0.00390894
253 0.00390899
254 0.00390905
255 0.00390913
