0 0.00392423
1 0.0039043
2 0.0039043
3 0.00390431
4 0.00390461
5 0.00390444
6 0.00390463
7 0.00390449
8 0.00390458
9 0.00390457
10 0.00390468
11 0.00390471
12 0.00390464
13 0.00390467
14 0.00390471
15 0.00390476
16 0.00390479
17 0.00390474
18 0.00390477
19 0.00390494
20 0.00390418
21 0.00392567
22 0.0039025
23 0.00390254
24 0.00390252
25 0.00390252
26 0.00390256
27 0.00390259
28 0.00390261
29 0.00390267
30 0.00390263
31 0.00390305
32 0.00390279
33 0.0039027
34 0.00390279
35 0.00390273
36 0.00390283
37 0.00390279
38 0.00390284
39 0.00390284
40 0.00390291
41 0.00390292
42 0.00390295
43 0.00390298
44 0.00390303
45 0.00390302
46 0.00390302
47 0.00390313
48 0.00390314
49 0.00390311
50 0.00390314
51 0.00390316
52 0.00390326
53 0.00390318
54 0.00390322
55 0.00390326
56 0.00390328
57 0.00390327
58 0.00390333
59 0.00390335
60 0.0039034
61 0.00390341
62 0.00390343
63 0.00390344
64 0.00390352
65 0.00390353
66 0.00390354
67 0.00390355
68 0.0039036
69 0.0039036
70 0.00390363
71 0.00390364
72 0.00390368
73 0.00390371
74 0.00390371
75 0.00390374
76 0.00390378
77 0.0039038
78 0.00390384
79 0.00390387
80 0.00390388
81 0.00390391
82 0.00390393
83 0.00390395
84 0.00390401
85 0.00390397
86 0.00390402
87 0.00390402
88 0.00390407
89 0.0039041
90 0.00390413
91 0.00390415
92 0.00390418
93 0.00390419
94 0.00390424
95 0.00390426
96 0.00390429
97 0.00390432
98 0.00390432
99 0.00390445
100 0.00390439
101 0.00390441
102 0.00390443
103 0.00390446
104 0.00390449
105 0.00390455
106 0.00390458
107 0.00390468
108 0.00390464
109 0.00390466
110 0.00390466
111 0.0039047
112 0.00390476
113 0.0039048
114 0.00390483
115 0.00390485
116 0.0039049
117 0.00390493
118 0.00390496
119 0.003905
120 0.003905
121 0.00390504
122 0.0039051
123 0.00390511
124 0.00390516
125 0.00390519
126 0.00390523
127 0.00390534
128 0.00390559
129 0.00390532
130 0.00390533
131 0.00390536
132 0.0039054
133 0.00390543
134 0.00390549
135 0.00390553
136 0.00390556
137 0.00390561
138 0.00390565
139 0.00390581
140 0.00390577
141 0.00390582
142 0.00390587
143 0.00390592
144 0.00390596
145 0.00390593
146 0.00390596
147 0.00390595
148 0.00390605
149 0.00390591
150 0.00390607
151 0.00390607
152 0.00390618
153 0.00390622
154 0.00390627
155 0.00390619
156 0.00390626
157 0.0039063
158 0.00390635
159 0.0039064
160 0.00390642
161 0.00390703
162 0.00390657
163 0.00390663
164 0.00390667
165 0.00390674
166 0.00390679
167 0.00390683
168 0.00390685
169 0.0039069
170 0.00390695
171 0.003907
172 0.00390703
173 0.00390708
174 0.00390712
175 0.00390719
176 0.00390726
177 0.00390726
178 0.00390731
179 0.00390735
180 0.00390742
181 0.00390746
182 0.00390751
183 0.00390757
184 0.00390762
185 0.00390765
186 0.00390772
187 0.00390779
188 0.00390783
189 0.00390787
190 0.00390792
191 0.00390799
192 0.00390806
193 0.00390809
194 0.00390813
195 0.00390817
196 0.00390822
197 0.00390825
198 0.00390836
199 0.0039084
200 0.00390849
201 0.00390851
202 0.00390856
203 0.00390861
204 0.00390869
205 0.00390875
206 0.0039088
207 0.00390888
208 0.00390897
209 0.00390901
210 0.00390905
211 0.00390912
212 0.00390923
213 0.00390921
214 0.00390927
215 0.00390932
216 0.00390946
217 0.00390949
218 0.00390958
219 0.00390962
220 0.00390963
221 0.00390971
222 0.0039098
223 0.00390988
224 0.00390997
225 0.00391
226 0.00391004
227 0.00391014
228 0.00391021
229 0.00391026
230 0.00391048
231 0.0039103
232 0.00391048
233 0.00391053
234 0.0039106
235 0.00391063
236 0.00391075
237 0.00391076
238 0.00391094
239 0.00391095
240 0.0039112
241 0.0039111
242 0.00391128
243 0.00391123
244 0.00391147
245 0.00391135
246 0.00391106
247 0.00391154
248 0.00391176
249 0.00391178
250 0.00391186
251 0.00391195
252 0.00391201
253 0.00391209
254 0.00391219
255 0.00391233
