0 0.00391065
1 0.00390532
2 0.00390532
3 0.00390533
4 0.00390537
5 0.00390535
6 0.00390534
7 0.00390536
8 0.00390537
9 0.0039054
10 0.00390536
11 0.00390539
12 0.00390538
13 0.00390539
14 0.00390541
15 0.00390544
16 0.00390544
17 0.00390542
18 0.00390544
19 0.00390546
20 0.00390545
21 0.00390548
22 0.00390546
23 0.00390549
24 0.00390549
25 0.00390548
26 0.00390548
27 0.00390553
28 0.00390551
29 0.00390551
30 0.00390553
31 0.00390556
32 0.00390555
33 0.00390555
34 0.00390559
35 0.00390558
36 0.00390557
37 0.00390561
38 0.00390561
39 0.00390564
40 0.00390561
41 0.00390563
42 0.00390564
43 0.00390566
44 0.00390565
45 0.00390568
46 0.00390568
47 0.00390569
48 0.00390567
49 0.00390571
50 0.00390571
51 0.00390571
52 0.00390574
53 0.00390572
54 0.00390572
55 0.00390573
56 0.00390574
57 0.00390576
58 0.00390576
59 0.00390578
60 0.00390578
61 0.00390578
62 0.0039058
63 0.00390579
64 0.00390584
65 0.00390582
66 0.00390582
67 0.00390586
68 0.00390583
69 0.00390585
70 0.00390585
71 0.00390587
72 0.00390589
73 0.00390588
74 0.00390589
75 0.0039059
76 0.00390589
77 0.00390589
78 0.0039059
79 0.00390591
80 0.00390596
81 0.00390591
82 0.00390592
83 0.00390596
84 0.00390597
85 0.00390597
86 0.00390598
87 0.00390597
88 0.00390598
89 0.003906
90 0.00390601
91 0.003906
92 0.00390603
93 0.00390602
94 0.00390603
95 0.00390603
96 0.00390604
97 0.00390605
98 0.00390606
99 0.00390608
100 0.00390608
101 0.00390607
102 0.00390609
103 0.00390608
104 0.00390609
105 0.0039061
106 0.00390609
107 0.0039061
108 0.00390612
109 0.00390613
110 0.00390613
111 0.0039061
112 0.00390615
113 0.00390615
114 0.00390615
115 0.00390615
116 0.00390619
117 0.00390618
118 0.00390619
119 0.00390618
120 0.0039062
121 0.0039062
122 0.00390622
123 0.00390621
124 0.00390621
125 0.00390621
126 0.00390623
127 0.00390623
128 0.00390623
129 0.00390624
130 0.00390626
131 0.00390625
132 0.00390625
133 0.00390626
134 0.00390625
135 0.00390626
136 0.00390626
137 0.00390628
138 0.00390628
139 0.00390629
140 0.00390629
141 0.00390632
142 0.0039063
143 0.00390629
144 0.00390633
145 0.00390631
146 0.00390633
147 0.00390632
148 0.00390633
149 0.00390633
150 0.00390631
151 0.00390632
152 0.00390633
153 0.00390634
154 0.00390634
155 0.00390633
156 0.00390634
157 0.00390635
158 0.00390634
159 0.00390634
160 0.00390636
161 0.00390635
162 0.00390636
163 0.00390637
164 0.00390637
165 0.00390636
166 0.00390637
167 0.00390638
168 0.00390636
169 0.00390639
170 0.00390637
171 0.00390639
172 0.00390638
173 0.00390638
174 0.00390638
175 0.0039064
176 0.00390638
177 0.00390637
178 0.00390639
179 0.00390638
180 0.00390638
181 0.0039064
182 0.00390637
183 0.00390638
184 0.00390639
185 0.00390637
186 0.00390638
187 0.00390638
188 0.00390638
189 0.00390636
190 0.00390639
191 0.00390636
192 0.00390636
193 0.00390639
194 0.00390637
195 0.00390635
196 0.00390638
197 0.00390637
198 0.00390635
199 0.00390635
200 0.00390636
201 0.00390638
202 0.00390634
203 0.00390635
204 0.00390634
205 0.00390634
206 0.00390633
207 0.00390633
208 0.00390631
209 0.00390631
210 0.00390632
211 0.00390632
212 0.00390629
213 0.00390633
214 0.00390631
215 0.0039063
216 0.00390629
217 0.00390629
218 0.00390628
219 0.00390629
220 0.00390629
221 0.00390614
222 0.00390677
223 0.00390722
224 0.00390726
225 0.00390726
226 0.0039073
227 0.00390732
228 0.00390734
229 0.00390738
230 0.00390738
231 0.00390739
232 0.00390743
233 0.00390746
234 0.00390748
235 0.0039075
236 0.00390754
237 0.00390755
238 0.00390758
239 0.00390759
240 0.00390762
241 0.00390765
242 0.00390767
243 0.0039077
244 0.00390771
245 0.00390775
246 0.00390776
247 0.00390782
248 0.00390783
249 0.00390787
250 0.00390789
251 0.00390792
252 0.00390793
253 0.00390797
254 0.00390798
255 0.00390804
