0 0.00391006
1 0.00390564
2 0.00390561
3 0.00390563
4 0.00390564
5 0.00390564
6 0.00390565
7 0.00390565
8 0.00390569
9 0.00390568
10 0.00390567
11 0.00390568
12 0.00390568
13 0.00390569
14 0.0039057
15 0.00390572
16 0.00390571
17 0.00390574
18 0.00390572
19 0.00390574
20 0.00390573
21 0.00390577
22 0.00390573
23 0.00390578
24 0.00390575
25 0.00390579
26 0.00390578
27 0.00390577
28 0.00390578
29 0.00390581
30 0.00390582
31 0.00390582
32 0.00390581
33 0.00390582
34 0.00390582
35 0.00390583
36 0.00390584
37 0.00390584
38 0.00390587
39 0.00390586
40 0.00390586
41 0.00390586
42 0.00390586
43 0.00390588
44 0.0039059
45 0.0039059
46 0.0039059
47 0.00390588
48 0.0039059
49 0.00390591
50 0.00390591
51 0.00390593
52 0.00390594
53 0.00390594
54 0.00390593
55 0.00390596
56 0.00390597
57 0.00390597
58 0.00390597
59 0.003906
60 0.003906
61 0.003906
62 0.00390599
63 0.003906
64 0.00390601
65 0.00390601
66 0.00390601
67 0.00390603
68 0.00390603
69 0.00390603
70 0.00390604
71 0.00390606
72 0.00390607
73 0.00390607
74 0.00390606
75 0.00390608
76 0.00390609
77 0.00390608
78 0.00390609
79 0.00390612
80 0.0039061
81 0.00390612
82 0.00390613
83 0.00390614
84 0.00390612
85 0.00390614
86 0.00390615
87 0.00390614
88 0.00390616
89 0.00390618
90 0.00390617
91 0.00390618
92 0.00390618
93 0.00390619
94 0.0039062
95 0.00390621
96 0.00390622
97 0.00390621
98 0.00390622
99 0.00390623
100 0.00390623
101 0.00390624
102 0.00390622
103 0.00390625
104 0.00390626
105 0.00390624
106 0.00390625
107 0.00390626
108 0.00390627
109 0.00390629
110 0.00390627
111 0.00390629
112 0.00390629
113 0.00390629
114 0.00390631
115 0.00390632
116 0.0039063
117 0.00390632
118 0.00390632
119 0.00390632
120 0.00390631
121 0.00390634
122 0.00390633
123 0.00390634
124 0.00390634
125 0.00390634
126 0.00390636
127 0.00390637
128 0.00390636
129 0.00390637
130 0.00390637
131 0.00390637
132 0.00390637
133 0.0039064
134 0.00390637
135 0.00390638
136 0.00390638
137 0.00390639
138 0.00390641
139 0.00390642
140 0.00390641
141 0.00390642
142 0.00390641
143 0.00390644
144 0.00390644
145 0.00390643
146 0.00390643
147 0.00390642
148 0.00390644
149 0.00390646
150 0.00390646
151 0.00390647
152 0.00390644
153 0.00390645
154 0.00390646
155 0.00390648
156 0.00390647
157 0.00390646
158 0.00390648
159 0.00390647
160 0.00390647
161 0.00390647
162 0.00390648
163 0.00390648
164 0.00390646
165 0.00390648
166 0.00390648
167 0.00390648
168 0.00390649
169 0.00390649
170 0.00390649
171 0.0039065
172 0.00390649
173 0.0039065
174 0.0039065
175 0.0039065
176 0.00390648
177 0.0039065
178 0.00390651
179 0.00390651
180 0.00390648
181 0.00390651
182 0.00390651
183 0.0039065
184 0.0039065
185 0.00390651
186 0.0039065
187 0.00390649
188 0.0039065
189 0.00390651
190 0.00390649
191 0.00390649
192 0.00390651
193 0.00390649
194 0.0039065
195 0.00390648
196 0.0039065
197 0.00390648
198 0.00390648
199 0.00390651
200 0.00390647
201 0.00390649
202 0.00390646
203 0.00390648
204 0.00390647
205 0.00390648
206 0.00390648
207 0.00390645
208 0.00390646
209 0.00390646
210 0.00390647
211 0.00390644
212 0.00390646
213 0.00390645
214 0.00390645
215 0.00390644
216 0.00390643
217 0.00390644
218 0.00390642
219 0.00390641
220 0.00390642
221 0.00390642
222 0.0039064
223 0.00390639
224 0.00390638
225 0.0039064
226 0.00390637
227 0.00390637
228 0.00390637
229 0.00390636
230 0.00390634
231 0.00390633
232 0.00390635
233 0.00390631
234 0.00390632
235 0.00390631
236 0.00390629
237 0.00390632
238 0.00390628
239 0.00390628
240 0.00390628
241 0.00390626
242 0.00390626
243 0.00390622
244 0.00390622
245 0.00390623
246 0.00390622
247 0.00390621
248 0.00390619
249 0.0039062
250 0.00390606
251 0.00390648
252 0.00390769
253 0.00390773
254 0.00390774
255 0.00390776
