0 0.00392492
1 0.00390433
2 0.00390435
3 0.00390437
4 0.0039047
5 0.0039045
6 0.00390456
7 0.00390461
8 0.00390469
9 0.00390464
10 0.00390467
11 0.00390469
12 0.00390477
13 0.00390492
14 0.00390407
15 0.00392733
16 0.00390294
17 0.0039024
18 0.0039024
19 0.00390242
20 0.00390242
21 0.00390246
22 0.0039025
23 0.00390249
24 0.00390254
25 0.00390255
26 0.00390259
27 0.00390261
28 0.00390267
29 0.00390268
30 0.00390269
31 0.00390254
32 0.00390281
33 0.00390264
34 0.00390277
35 0.00390274
36 0.00390283
37 0.00390281
38 0.00390287
39 0.00390287
40 0.00390298
41 0.00390291
42 0.00390297
43 0.00390291
44 0.00390299
45 0.00390303
46 0.00390295
47 0.00390327
48 0.00390302
49 0.0039032
50 0.00390305
51 0.00390314
52 0.00390315
53 0.00390322
54 0.00390324
55 0.00390326
56 0.00390331
57 0.00390327
58 0.00390335
59 0.00390338
60 0.00390341
61 0.00390339
62 0.00390338
63 0.00390335
64 0.00390342
65 0.00390351
66 0.00390357
67 0.0039035
68 0.00390355
69 0.0039036
70 0.00390359
71 0.00390361
72 0.0039037
73 0.00390365
74 0.0039037
75 0.00390371
76 0.00390375
77 0.00390374
78 0.00390387
79 0.0039038
80 0.00390387
81 0.00390387
82 0.0039039
83 0.00390394
84 0.00390389
85 0.00390401
86 0.00390403
87 0.00390406
88 0.00390412
89 0.00390409
90 0.00390411
91 0.00390416
92 0.00390421
93 0.00390423
94 0.00390428
95 0.0039043
96 0.00390438
97 0.00390436
98 0.00390439
99 0.00390441
100 0.00390446
101 0.00390437
102 0.0039045
103 0.00390454
104 0.0039046
105 0.00390456
106 0.00390435
107 0.00390463
108 0.00390467
109 0.00390469
110 0.00390474
111 0.00390475
112 0.00390484
113 0.00390482
114 0.00390486
115 0.00390485
116 0.00390491
117 0.00390493
118 0.00390486
119 0.00390499
120 0.00390504
121 0.00390502
122 0.00390503
123 0.0039051
124 0.0039051
125 0.00390514
126 0.00390516
127 0.00390524
128 0.00390566
129 0.00390526
130 0.00390533
131 0.00390536
132 0.00390541
133 0.00390541
134 0.00390547
135 0.00390544
136 0.00390564
137 0.00390559
138 0.00390563
139 0.00390568
140 0.00390574
141 0.00390582
142 0.00390589
143 0.00390581
144 0.00390599
145 0.00390598
146 0.00390605
147 0.00390606
148 0.00390609
149 0.00390612
150 0.00390616
151 0.0039062
152 0.00390618
153 0.00390624
154 0.00390628
155 0.00390632
156 0.00390639
157 0.00390644
158 0.00390646
159 0.00390653
160 0.00390662
161 0.00390662
162 0.00390662
163 0.00390669
164 0.00390671
165 0.00390678
166 0.00390679
167 0.00390685
168 0.00390686
169 0.00390683
170 0.00390698
171 0.00390701
172 0.00390709
173 0.00390713
174 0.00390722
175 0.00390725
176 0.00390735
177 0.00390736
178 0.00390744
179 0.00390748
180 0.00390749
181 0.0039078
182 0.00390763
183 0.00390769
184 0.00390777
185 0.00390777
186 0.00390774
187 0.00390788
188 0.00390797
189 0.00390794
190 0.00390802
191 0.00390808
192 0.00390827
193 0.00390824
194 0.0039083
195 0.00390835
196 0.00390838
197 0.00390848
198 0.00390849
199 0.00390856
200 0.00390865
201 0.00390862
202 0.00390873
203 0.00390872
204 0.00390884
205 0.00390893
206 0.00390905
207 0.00390899
208 0.0039092
209 0.00390909
210 0.00390923
211 0.00390929
212 0.00390934
213 0.0039094
214 0.00390941
215 0.00390946
216 0.00390959
217 0.00390962
218 0.00390969
219 0.0039097
220 0.00390972
221 0.00390989
222 0.00390999
223 0.00391001
224 0.00391043
225 0.00391001
226 0.00391022
227 0.00391027
228 0.00391035
229 0.00391036
230 0.00391049
231 0.00391051
232 0.00391065
233 0.0039106
234 0.00391071
235 0.00391072
236 0.00391089
237 0.00391076
238 0.00391103
239 0.00391092
240 0.00391075
241 0.00391115
242 0.00391137
243 0.00391135
244 0.00391147
245 0.00391153
246 0.00391161
247 0.00391174
248 0.0039118
249 0.00391189
250 0.00391193
251 0.00391204
252 0.00391206
253 0.00391215
254 0.00391227
255 0.00391253
