0 0.00392011
1 0.00390426
2 0.00390431
3 0.00390427
4 0.0039045
5 0.00390435
6 0.00390441
7 0.00390437
8 0.00390445
9 0.00390435
10 0.00390449
11 0.00390448
12 0.00390452
13 0.00390454
14 0.00390455
15 0.00390459
16 0.00390477
17 0.0039046
18 0.0039046
19 0.00390462
20 0.00390466
21 0.00390469
22 0.00390469
23 0.00390479
24 0.00390473
25 0.00390476
26 0.00390478
27 0.0039048
28 0.00390469
29 0.00390484
30 0.00390486
31 0.00390483
32 0.00390545
33 0.00390491
34 0.00390492
35 0.00390494
36 0.00390495
37 0.00390498
38 0.00390501
39 0.00390509
40 0.00390505
41 0.00390515
42 0.00390507
43 0.00390512
44 0.00390514
45 0.00390514
46 0.00390517
47 0.00390516
48 0.00390499
49 0.00390522
50 0.00390526
51 0.00390527
52 0.00390527
53 0.00390531
54 0.00390541
55 0.00390484
56 0.0039179
57 0.00390341
58 0.00390348
59 0.00390347
60 0.0039035
61 0.00390351
62 0.00390353
63 0.00390351
64 0.00390364
65 0.00390361
66 0.00390361
67 0.00390364
68 0.00390365
69 0.00390368
70 0.0039037
71 0.00390374
72 0.0039037
73 0.00390374
74 0.00390376
75 0.00390379
76 0.0039038
77 0.00390383
78 0.00390387
79 0.0039039
80 0.00390394
81 0.00390413
82 0.00390397
83 0.003904
84 0.00390402
85 0.00390404
86 0.00390404
87 0.00390409
88 0.00390412
89 0.00390413
90 0.00390419
91 0.00390418
92 0.00390418
93 0.00390424
94 0.00390426
95 0.00390428
96 0.00390437
97 0.00390428
98 0.00390434
99 0.00390436
100 0.00390441
101 0.00390441
102 0.00390444
103 0.00390448
104 0.00390447
105 0.00390453
106 0.00390457
107 0.00390457
108 0.0039046
109 0.00390464
110 0.00390467
111 0.00390471
112 0.00390475
113 0.00390493
114 0.00390479
115 0.00390482
116 0.00390483
117 0.00390489
118 0.0039049
119 0.00390494
120 0.00390496
121 0.00390497
122 0.00390502
123 0.00390505
124 0.00390507
125 0.00390511
126 0.00390514
127 0.00390518
128 0.00390546
129 0.00390523
130 0.00390525
131 0.00390529
132 0.00390532
133 0.00390532
134 0.00390536
135 0.00390541
136 0.00390545
137 0.00390547
138 0.0039055
139 0.00390553
140 0.00390556
141 0.0039056
142 0.00390564
143 0.00390566
144 0.00390575
145 0.00390573
146 0.00390576
147 0.00390578
148 0.00390584
149 0.00390587
150 0.00390591
151 0.00390596
152 0.003906
153 0.00390602
154 0.00390605
155 0.00390609
156 0.00390608
157 0.00390617
158 0.00390622
159 0.00390624
160 0.00390632
161 0.0039063
162 0.00390635
163 0.00390637
164 0.00390643
165 0.00390647
166 0.0039065
167 0.00390653
168 0.00390659
169 0.00390659
170 0.00390664
171 0.0039067
172 0.00390673
173 0.00390676
174 0.00390681
175 0.00390687
176 0.00390693
177 0.00390694
178 0.00390696
179 0.003907
180 0.00390705
181 0.00390709
182 0.00390721
183 0.00390719
184 0.00390715
185 0.00390728
186 0.00390732
187 0.00390735
188 0.00390739
189 0.00390743
190 0.00390748
191 0.00390755
192 0.00390763
193 0.00390766
194 0.00390768
195 0.00390771
196 0.00390777
197 0.00390781
198 0.00390786
199 0.00390792
200 0.00390796
201 0.00390801
202 0.00390805
203 0.00390814
204 0.00390818
205 0.00390822
206 0.0039083
207 0.00390836
208 0.00390834
209 0.00390843
210 0.00390847
211 0.00390851
212 0.00390858
213 0.00390863
214 0.00390868
215 0.00390874
216 0.0039088
217 0.00390884
218 0.00390892
219 0.00390895
220 0.003909
221 0.00390906
222 0.00390911
223 0.00390918
224 0.00390927
225 0.00390931
226 0.00390934
227 0.00390938
228 0.00390947
229 0.00390949
230 0.00390957
231 0.00390965
232 0.00390969
233 0.00390976
234 0.00390983
235 0.00390985
236 0.00390991
237 0.00390998
238 0.00391008
239 0.00391012
240 0.0039102
241 0.00391024
242 0.00391033
243 0.00391039
244 0.00391046
245 0.00391052
246 0.00391061
247 0.00391068
248 0.00391069
249 0.0039106
250 0.00391088
251 0.00391094
252 0.00391103
253 0.00391103
254 0.00391109
255 0.00391118
