0 0.00391234
1 0.00390483
2 0.00390485
3 0.00390484
4 0.0039049
5 0.00390488
6 0.00390487
7 0.00390487
8 0.00390492
9 0.00390492
10 0.00390493
11 0.00390494
12 0.00390494
13 0.00390495
14 0.00390496
15 0.00390497
16 0.00390499
17 0.003905
18 0.003905
19 0.00390503
20 0.00390504
21 0.00390504
22 0.00390503
23 0.00390505
24 0.00390505
25 0.00390508
26 0.00390511
27 0.0039051
28 0.00390511
29 0.00390514
30 0.00390515
31 0.00390515
32 0.00390516
33 0.00390519
34 0.00390518
35 0.00390519
36 0.0039052
37 0.00390519
38 0.0039052
39 0.00390524
40 0.00390525
41 0.00390526
42 0.00390527
43 0.00390529
44 0.00390529
45 0.00390529
46 0.00390529
47 0.00390533
48 0.00390532
49 0.00390532
50 0.00390534
51 0.00390536
52 0.00390537
53 0.00390538
54 0.00390539
55 0.00390539
56 0.0039054
57 0.00390543
58 0.00390542
59 0.00390545
60 0.00390546
61 0.00390546
62 0.00390549
63 0.00390548
64 0.00390551
65 0.00390551
66 0.00390551
67 0.00390553
68 0.00390553
69 0.00390555
70 0.00390556
71 0.00390555
72 0.00390557
73 0.00390557
74 0.00390559
75 0.00390561
76 0.00390562
77 0.00390563
78 0.00390566
79 0.00390563
80 0.00390567
81 0.00390567
82 0.00390569
83 0.00390569
84 0.0039057
85 0.00390574
86 0.00390572
87 0.00390573
88 0.00390575
89 0.00390576
90 0.00390576
91 0.00390578
92 0.00390578
93 0.0039058
94 0.0039058
95 0.00390581
96 0.00390583
97 0.00390584
98 0.00390585
99 0.00390586
100 0.00390587
101 0.00390588
102 0.00390592
103 0.00390589
104 0.00390589
105 0.00390588
106 0.00390594
107 0.00390593
108 0.00390591
109 0.00390595
110 0.00390596
111 0.00390595
112 0.00390597
113 0.00390597
114 0.00390596
115 0.00390598
116 0.003906
117 0.003906
118 0.00390602
119 0.00390601
120 0.00390603
121 0.00390605
122 0.00390604
123 0.00390607
124 0.00390606
125 0.00390606
126 0.00390609
127 0.00390606
128 0.00390613
129 0.00390608
130 0.0039061
131 0.00390611
132 0.00390611
133 0.00390611
134 0.00390613
135 0.00390613
136 0.00390615
137 0.00390614
138 0.00390615
139 0.00390616
140 0.00390619
141 0.00390615
142 0.00390616
143 0.00390617
144 0.0039062
145 0.00390619
146 0.00390618
147 0.0039062
148 0.00390619
149 0.00390621
150 0.00390621
151 0.00390621
152 0.00390622
153 0.00390621
154 0.00390622
155 0.00390623
156 0.00390623
157 0.00390621
158 0.00390621
159 0.00390622
160 0.00390624
161 0.00390624
162 0.00390623
163 0.00390625
164 0.00390625
165 0.00390628
166 0.00390625
167 0.00390629
168 0.00390606
169 0.00390802
170 0.0039062
171 0.00390625
172 0.00390625
173 0.00390629
174 0.0039063
175 0.00390629
176 0.00390635
177 0.00390636
178 0.00390638
179 0.00390639
180 0.00390643
181 0.00390644
182 0.00390647
183 0.00390648
184 0.00390652
185 0.00390653
186 0.00390659
187 0.00390658
188 0.00390661
189 0.00390665
190 0.00390666
191 0.0039067
192 0.0039067
193 0.00390675
194 0.00390676
195 0.00390679
196 0.00390681
197 0.00390684
198 0.00390683
199 0.00390689
200 0.00390691
201 0.00390695
202 0.00390696
203 0.00390698
204 0.003907
205 0.00390705
206 0.00390708
207 0.00390711
208 0.00390712
209 0.00390715
210 0.00390717
211 0.00390721
212 0.00390722
213 0.00390728
214 0.00390728
215 0.00390733
216 0.00390735
217 0.00390737
218 0.00390743
219 0.00390746
220 0.00390744
221 0.00390751
222 0.00390753
223 0.00390755
224 0.00390759
225 0.00390763
226 0.00390764
227 0.00390768
228 0.00390772
229 0.00390775
230 0.00390778
231 0.00390782
232 0.00390786
233 0.0039079
234 0.00390793
235 0.00390795
236 0.00390799
237 0.00390804
238 0.00390807
239 0.00390808
240 0.00390812
241 0.00390817
242 0.00390819
243 0.00390823
244 0.00390827
245 0.0039083
246 0.00390833
247 0.00390837
248 0.00390841
249 0.00390845
250 0.00390849
251 0.00390852
252 0.00390858
253 0.0039086
254 0.00390863
255 0.00390868
