0 0.00391808
1 0.00390429
2 0.00390429
3 0.00390428
4 0.00390449
5 0.00390436
6 0.00390439
7 0.00390443
8 0.00390444
9 0.00390443
10 0.0039045
11 0.00390448
12 0.00390456
13 0.00390447
14 0.00390464
15 0.00390456
16 0.00390449
17 0.0039046
18 0.00390461
19 0.00390464
20 0.00390465
21 0.00390467
22 0.00390471
23 0.00390472
24 0.00390475
25 0.00390475
26 0.00390476
27 0.0039048
28 0.00390483
29 0.00390484
30 0.00390481
31 0.00390486
32 0.00390507
33 0.00390489
34 0.00390492
35 0.00390491
36 0.00390495
37 0.00390493
38 0.00390502
39 0.00390506
40 0.00390501
41 0.00390503
42 0.00390505
43 0.00390507
44 0.00390513
45 0.00390511
46 0.00390512
47 0.00390512
48 0.00390528
49 0.00390517
50 0.00390517
51 0.0039052
52 0.0039052
53 0.00390523
54 0.00390526
55 0.00390525
56 0.00390528
57 0.00390529
58 0.00390531
59 0.00390534
60 0.00390535
61 0.00390538
62 0.00390535
63 0.0039054
64 0.00390572
65 0.00390542
66 0.00390544
67 0.00390548
68 0.00390548
69 0.0039055
70 0.0039055
71 0.00390553
72 0.00390555
73 0.00390553
74 0.00390559
75 0.00390565
76 0.00390521
77 0.00391468
78 0.00390399
79 0.00390406
80 0.00390405
81 0.00390407
82 0.0039041
83 0.00390413
84 0.00390415
85 0.00390417
86 0.00390417
87 0.0039042
88 0.00390422
89 0.00390425
90 0.0039043
91 0.00390429
92 0.00390431
93 0.00390433
94 0.00390439
95 0.0039044
96 0.00390444
97 0.00390445
98 0.00390446
99 0.00390446
100 0.0039045
101 0.00390452
102 0.00390453
103 0.00390457
104 0.00390459
105 0.00390463
106 0.00390464
107 0.00390464
108 0.00390469
109 0.0039047
110 0.00390474
111 0.00390474
112 0.0039048
113 0.00390481
114 0.00390485
115 0.00390484
116 0.00390489
117 0.00390488
118 0.00390494
119 0.00390495
120 0.00390498
121 0.003905
122 0.00390503
123 0.00390506
124 0.00390508
125 0.00390511
126 0.00390512
127 0.00390516
128 0.00390539
129 0.00390527
130 0.00390524
131 0.00390526
132 0.0039053
133 0.00390531
134 0.00390535
135 0.00390535
136 0.0039054
137 0.00390541
138 0.00390545
139 0.00390548
140 0.00390554
141 0.00390553
142 0.00390557
143 0.00390562
144 0.00390565
145 0.00390565
146 0.00390568
147 0.0039057
148 0.00390576
149 0.00390578
150 0.00390581
151 0.00390585
152 0.00390588
153 0.0039059
154 0.00390593
155 0.00390596
156 0.00390601
157 0.00390602
158 0.00390608
159 0.00390608
160 0.00390614
161 0.00390616
162 0.00390618
163 0.00390623
164 0.00390626
165 0.00390631
166 0.00390632
167 0.0039064
168 0.00390641
169 0.00390643
170 0.00390647
171 0.00390649
172 0.00390654
173 0.00390655
174 0.00390659
175 0.00390665
176 0.00390669
177 0.00390672
178 0.00390677
179 0.00390678
180 0.00390685
181 0.00390688
182 0.00390697
183 0.00390697
184 0.003907
185 0.00390706
186 0.0039071
187 0.00390714
188 0.00390719
189 0.00390722
190 0.00390726
191 0.00390734
192 0.00390737
193 0.00390737
194 0.00390743
195 0.00390747
196 0.00390751
197 0.00390755
198 0.0039076
199 0.00390763
200 0.00390766
201 0.00390772
202 0.00390776
203 0.00390781
204 0.00390786
205 0.00390784
206 0.00390798
207 0.003908
208 0.00390803
209 0.0039081
210 0.00390814
211 0.00390818
212 0.00390822
213 0.00390827
214 0.00390835
215 0.00390836
216 0.00390842
217 0.00390845
218 0.00390849
219 0.00390857
220 0.00390862
221 0.00390866
222 0.00390864
223 0.00390875
224 0.00390882
225 0.00390886
226 0.00390893
227 0.00390895
228 0.00390901
229 0.00390907
230 0.00390912
231 0.00390916
232 0.00390924
233 0.00390927
234 0.00390933
235 0.00390938
236 0.00390946
237 0.00390951
238 0.00390957
239 0.00390964
240 0.00390969
241 0.00390972
242 0.00390979
243 0.00390984
244 0.00390989
245 0.00390996
246 0.00391002
247 0.00391008
248 0.00391013
249 0.00391019
250 0.00391026
251 0.00391031
252 0.00391039
253 0.00391044
254 0.00391053
255 0.0039106
