0 0.0039102
1 0.00390554
2 0.00390555
3 0.00390553
4 0.00390559
5 0.00390556
6 0.00390556
7 0.00390555
8 0.00390556
9 0.00390556
10 0.00390558
11 0.00390559
12 0.0039056
13 0.00390561
14 0.00390563
15 0.00390565
16 0.00390563
17 0.00390564
18 0.00390565
19 0.00390565
20 0.00390566
21 0.00390567
22 0.00390566
23 0.00390572
24 0.00390569
25 0.00390568
26 0.00390571
27 0.00390573
28 0.00390572
29 0.00390572
30 0.00390573
31 0.00390576
32 0.00390573
33 0.00390577
34 0.00390577
35 0.00390577
36 0.00390576
37 0.00390577
38 0.00390578
39 0.00390578
40 0.0039058
41 0.00390582
42 0.00390582
43 0.00390581
44 0.00390582
45 0.00390583
46 0.00390585
47 0.00390584
48 0.00390586
49 0.00390585
50 0.00390587
51 0.00390586
52 0.00390589
53 0.00390587
54 0.0039059
55 0.00390589
56 0.0039059
57 0.00390591
58 0.00390591
59 0.00390593
60 0.00390593
61 0.00390595
62 0.00390593
63 0.00390594
64 0.00390597
65 0.00390596
66 0.00390595
67 0.00390596
68 0.00390598
69 0.00390597
70 0.00390599
71 0.00390599
72 0.003906
73 0.003906
74 0.00390601
75 0.00390602
76 0.00390602
77 0.00390604
78 0.00390605
79 0.00390606
80 0.00390606
81 0.00390606
82 0.00390605
83 0.00390608
84 0.00390611
85 0.00390609
86 0.00390609
87 0.00390612
88 0.0039061
89 0.0039061
90 0.00390612
91 0.00390612
92 0.00390613
93 0.00390613
94 0.00390614
95 0.00390616
96 0.00390614
97 0.00390616
98 0.00390618
99 0.00390618
100 0.00390619
101 0.0039062
102 0.0039062
103 0.00390619
104 0.00390619
105 0.00390621
106 0.00390622
107 0.0039062
108 0.00390622
109 0.00390623
110 0.00390622
111 0.00390624
112 0.00390625
113 0.00390625
114 0.00390624
115 0.00390626
116 0.00390626
117 0.00390626
118 0.00390627
119 0.00390629
120 0.00390628
121 0.00390629
122 0.0039063
123 0.00390628
124 0.00390632
125 0.0039063
126 0.00390633
127 0.00390632
128 0.00390635
129 0.00390634
130 0.00390633
131 0.00390634
132 0.00390634
133 0.00390635
134 0.00390634
135 0.00390637
136 0.00390637
137 0.00390636
138 0.00390636
139 0.00390637
140 0.00390637
141 0.00390639
142 0.00390638
143 0.00390641
144 0.00390638
145 0.00390639
146 0.0039064
147 0.00390641
148 0.00390641
149 0.0039064
150 0.0039064
151 0.00390642
152 0.00390641
153 0.0039064
154 0.00390643
155 0.00390643
156 0.00390642
157 0.00390644
158 0.00390644
159 0.00390645
160 0.00390644
161 0.00390646
162 0.00390645
163 0.00390647
164 0.00390647
165 0.00390644
166 0.00390645
167 0.00390645
168 0.00390645
169 0.00390645
170 0.00390645
171 0.00390645
172 0.00390647
173 0.00390645
174 0.00390647
175 0.00390647
176 0.00390646
177 0.00390645
178 0.00390647
179 0.00390646
180 0.00390645
181 0.00390646
182 0.00390646
183 0.00390648
184 0.00390648
185 0.00390648
186 0.00390646
187 0.00390646
188 0.00390647
189 0.00390647
190 0.00390646
191 0.00390645
192 0.00390645
193 0.00390645
194 0.00390647
195 0.00390646
196 0.00390646
197 0.00390644
198 0.00390646
199 0.00390645
200 0.00390645
201 0.00390646
202 0.00390644
203 0.00390645
204 0.00390641
205 0.00390647
206 0.00390644
207 0.00390642
208 0.00390643
209 0.00390642
210 0.0039064
211 0.00390641
212 0.0039064
213 0.0039064
214 0.00390641
215 0.00390638
216 0.00390639
217 0.00390638
218 0.0039064
219 0.00390638
220 0.00390637
221 0.00390637
222 0.00390638
223 0.00390637
224 0.00390635
225 0.00390634
226 0.00390634
227 0.00390631
228 0.00390632
229 0.00390629
230 0.0039063
231 0.00390629
232 0.00390628
233 0.0039063
234 0.00390627
235 0.00390627
236 0.00390626
237 0.00390626
238 0.00390625
239 0.00390622
240 0.00390622
241 0.00390625
242 0.00390609
243 0.00390654
244 0.00390756
245 0.00390763
246 0.00390761
247 0.00390765
248 0.00390767
249 0.00390768
250 0.00390772
251 0.00390772
252 0.00390775
253 0.00390778
254 0.0039078
255 0.00390784
