0 0.00392254
1 0.00390424
2 0.00390431
3 0.00390424
4 0.00390458
5 0.0039044
6 0.00390442
7 0.00390443
8 0.00390448
9 0.00390446
10 0.00390451
11 0.00390455
12 0.00390456
13 0.00390459
14 0.00390461
15 0.00390471
16 0.00390537
17 0.00390463
18 0.00390461
19 0.0039048
20 0.00390474
21 0.00390476
22 0.0039048
23 0.00390481
24 0.00390484
25 0.00390484
26 0.00390487
27 0.00390488
28 0.00390495
29 0.00390496
30 0.00390496
31 0.00390504
32 0.00390513
33 0.0039044
34 0.0039222
35 0.00390283
36 0.0039029
37 0.00390286
38 0.0039029
39 0.00390289
40 0.00390298
41 0.00390294
42 0.00390303
43 0.00390299
44 0.00390307
45 0.00390302
46 0.00390314
47 0.00390309
48 0.00390324
49 0.00390318
50 0.00390324
51 0.00390317
52 0.00390325
53 0.0039032
54 0.0039033
55 0.00390325
56 0.00390337
57 0.00390328
58 0.00390342
59 0.00390334
60 0.00390344
61 0.0039034
62 0.00390351
63 0.00390338
64 0.00390381
65 0.00390351
66 0.0039036
67 0.00390354
68 0.00390366
69 0.00390358
70 0.00390369
71 0.00390363
72 0.00390374
73 0.00390365
74 0.00390379
75 0.0039037
76 0.00390382
77 0.00390376
78 0.0039039
79 0.00390385
80 0.00390395
81 0.00390385
82 0.003904
83 0.00390393
84 0.00390405
85 0.00390401
86 0.00390409
87 0.00390403
88 0.00390417
89 0.0039041
90 0.0039042
91 0.00390417
92 0.00390429
93 0.00390421
94 0.00390431
95 0.00390426
96 0.00390445
97 0.00390434
98 0.00390439
99 0.00390437
100 0.00390446
101 0.00390447
102 0.00390453
103 0.00390448
104 0.0039046
105 0.00390451
106 0.00390464
107 0.00390459
108 0.00390462
109 0.00390464
110 0.00390476
111 0.00390471
112 0.00390483
113 0.00390478
114 0.00390486
115 0.00390482
116 0.00390492
117 0.00390485
118 0.00390495
119 0.00390492
120 0.00390502
121 0.00390499
122 0.00390508
123 0.00390503
124 0.0039051
125 0.00390511
126 0.00390519
127 0.00390523
128 0.00390561
129 0.00390523
130 0.00390525
131 0.00390525
132 0.00390525
133 0.00390533
134 0.00390538
135 0.00390539
136 0.00390544
137 0.00390549
138 0.00390552
139 0.00390552
140 0.00390561
141 0.00390562
142 0.00390567
143 0.00390571
144 0.0039058
145 0.00390574
146 0.00390581
147 0.00390584
148 0.00390592
149 0.00390591
150 0.003906
151 0.00390602
152 0.00390613
153 0.00390609
154 0.00390617
155 0.00390616
156 0.00390626
157 0.00390626
158 0.00390628
159 0.00390634
160 0.0039064
161 0.00390658
162 0.00390645
163 0.00390651
164 0.00390661
165 0.00390654
166 0.00390668
167 0.00390663
168 0.0039068
169 0.00390674
170 0.00390688
171 0.00390681
172 0.00390698
173 0.00390692
174 0.00390707
175 0.00390703
176 0.00390716
177 0.00390712
178 0.00390724
179 0.00390722
180 0.00390736
181 0.0039073
182 0.00390747
183 0.00390742
184 0.00390754
185 0.0039075
186 0.00390766
187 0.00390758
188 0.00390776
189 0.00390769
190 0.0039078
191 0.00390774
192 0.00390793
193 0.00390779
194 0.00390795
195 0.00390789
196 0.00390802
197 0.00390798
198 0.00390812
199 0.00390804
200 0.00390822
201 0.00390817
202 0.00390833
203 0.00390828
204 0.00390843
205 0.00390836
206 0.00390852
207 0.0039085
208 0.00390869
209 0.00390928
210 0.00390886
211 0.00390879
212 0.00390898
213 0.00390887
214 0.00390902
215 0.00390896
216 0.00390917
217 0.00390909
218 0.00390929
219 0.00390923
220 0.00390941
221 0.00390936
222 0.00390957
223 0.00390951
224 0.00390974
225 0.00390973
226 0.00390983
227 0.00390971
228 0.00390997
229 0.00390996
230 0.00391009
231 0.00391008
232 0.00391022
233 0.00391015
234 0.00391041
235 0.00391035
236 0.00391052
237 0.00391052
238 0.0039107
239 0.00391068
240 0.00391098
241 0.00391085
242 0.00391105
243 0.003911
244 0.00391108
245 0.00391115
246 0.00391132
247 0.00391121
248 0.00391142
249 0.00391136
250 0.00391159
251 0.00391146
252 0.00391168
253 0.00391167
254 0.00391194
255 0.00391184
