0 0.0039116
1 0.00390502
2 0.00390501
3 0.00390501
4 0.00390507
5 0.00390504
6 0.00390503
7 0.00390505
8 0.00390507
9 0.00390507
10 0.00390508
11 0.0039051
12 0.00390512
13 0.00390512
14 0.00390512
15 0.00390511
16 0.00390515
17 0.00390513
18 0.00390515
19 0.00390519
20 0.00390518
21 0.00390518
22 0.00390521
23 0.0039052
24 0.00390521
25 0.00390522
26 0.00390523
27 0.00390524
28 0.00390526
29 0.00390527
30 0.00390527
31 0.00390528
32 0.00390529
33 0.0039053
34 0.00390531
35 0.00390531
36 0.00390532
37 0.00390532
38 0.00390536
39 0.00390536
40 0.00390535
41 0.00390536
42 0.00390538
43 0.00390538
44 0.0039054
45 0.00390542
46 0.00390544
47 0.00390542
48 0.00390545
49 0.00390545
50 0.00390546
51 0.00390548
52 0.00390548
53 0.00390548
54 0.00390549
55 0.00390554
56 0.0039055
57 0.00390553
58 0.00390554
59 0.00390555
60 0.00390555
61 0.00390554
62 0.00390559
63 0.00390559
64 0.0039056
65 0.00390561
66 0.0039056
67 0.00390562
68 0.00390563
69 0.00390567
70 0.00390565
71 0.00390566
72 0.00390568
73 0.0039057
74 0.00390567
75 0.00390572
76 0.00390573
77 0.00390571
78 0.00390571
79 0.00390574
80 0.00390576
81 0.00390578
82 0.00390577
83 0.00390577
84 0.00390581
85 0.0039058
86 0.00390582
87 0.00390582
88 0.00390583
89 0.00390583
90 0.00390585
91 0.00390586
92 0.00390587
93 0.00390587
94 0.00390585
95 0.00390591
96 0.00390592
97 0.0039059
98 0.00390589
99 0.00390594
100 0.00390594
101 0.00390593
102 0.00390594
103 0.00390595
104 0.00390594
105 0.00390595
106 0.00390597
107 0.00390597
108 0.00390598
109 0.00390598
110 0.00390601
111 0.00390602
112 0.00390601
113 0.00390604
114 0.00390603
115 0.00390603
116 0.00390604
117 0.00390605
118 0.00390606
119 0.00390608
120 0.00390606
121 0.00390608
122 0.00390609
123 0.00390609
124 0.00390609
125 0.0039061
126 0.00390613
127 0.00390612
128 0.00390615
129 0.00390613
130 0.00390615
131 0.00390614
132 0.00390615
133 0.00390614
134 0.00390615
135 0.00390615
136 0.00390615
137 0.00390619
138 0.00390617
139 0.00390619
140 0.0039062
141 0.0039062
142 0.00390622
143 0.00390618
144 0.00390621
145 0.00390622
146 0.00390623
147 0.00390622
148 0.00390623
149 0.00390623
150 0.00390624
151 0.00390623
152 0.00390627
153 0.00390626
154 0.00390624
155 0.00390624
156 0.00390626
157 0.00390624
158 0.00390626
159 0.00390627
160 0.00390627
161 0.00390628
162 0.00390627
163 0.00390626
164 0.00390627
165 0.00390628
166 0.00390629
167 0.00390629
168 0.00390629
169 0.00390629
170 0.00390629
171 0.00390628
172 0.0039063
173 0.00390628
174 0.00390629
175 0.00390628
176 0.00390631
177 0.00390631
178 0.0039063
179 0.00390629
180 0.00390629
181 0.0039063
182 0.00390629
183 0.0039063
184 0.0039063
185 0.0039063
186 0.0039063
187 0.00390632
188 0.00390612
189 0.00390742
190 0.00390659
191 0.00390664
192 0.00390664
193 0.00390668
194 0.00390672
195 0.00390671
196 0.00390674
197 0.00390676
198 0.00390677
199 0.00390683
200 0.00390683
201 0.00390685
202 0.0039069
203 0.00390692
204 0.00390693
205 0.00390694
206 0.00390697
207 0.003907
208 0.00390702
209 0.00390706
210 0.00390708
211 0.00390711
212 0.00390713
213 0.00390716
214 0.00390717
215 0.00390719
216 0.00390723
217 0.00390726
218 0.00390727
219 0.00390731
220 0.00390734
221 0.00390736
222 0.00390738
223 0.00390741
224 0.00390743
225 0.00390747
226 0.00390747
227 0.00390752
228 0.00390753
229 0.00390758
230 0.0039076
231 0.00390764
232 0.00390766
233 0.00390769
234 0.00390772
235 0.00390776
236 0.00390777
237 0.00390781
238 0.00390785
239 0.00390788
240 0.00390791
241 0.00390792
242 0.00390797
243 0.00390801
244 0.00390804
245 0.00390805
246 0.00390811
247 0.00390813
248 0.00390816
249 0.00390821
250 0.00390822
251 0.00390826
252 0.00390829
253 0.00390832
254 0.00390836
255 0.0039084
