0 0.00391565
1 0.0039044
2 0.00390444
3 0.00390444
4 0.00390458
5 0.00390448
6 0.0039045
7 0.00390451
8 0.00390453
9 0.00390453
10 0.00390454
11 0.00390458
12 0.00390458
13 0.00390461
14 0.00390464
15 0.00390463
16 0.00390467
17 0.00390467
18 0.00390467
19 0.00390471
20 0.00390469
21 0.00390472
22 0.00390475
23 0.00390475
24 0.00390475
25 0.00390477
26 0.00390479
27 0.0039048
28 0.00390484
29 0.00390485
30 0.00390486
31 0.00390487
32 0.00390492
33 0.00390492
34 0.0039049
35 0.00390493
36 0.00390495
37 0.00390498
38 0.00390497
39 0.00390501
40 0.003905
41 0.00390501
42 0.00390503
43 0.00390507
44 0.00390506
45 0.00390512
46 0.00390514
47 0.0039051
48 0.00390514
49 0.00390515
50 0.00390514
51 0.00390516
52 0.00390517
53 0.00390519
54 0.00390512
55 0.00390524
56 0.00390522
57 0.00390526
58 0.00390526
59 0.00390528
60 0.00390531
61 0.00390529
62 0.00390533
63 0.00390535
64 0.00390543
65 0.00390536
66 0.00390538
67 0.00390539
68 0.00390539
69 0.00390541
70 0.00390544
71 0.00390544
72 0.00390546
73 0.00390548
74 0.00390546
75 0.00390549
76 0.00390551
77 0.00390552
78 0.00390554
79 0.00390555
80 0.00390561
81 0.00390558
82 0.00390561
83 0.00390558
84 0.00390561
85 0.00390562
86 0.00390562
87 0.00390566
88 0.00390565
89 0.00390568
90 0.00390568
91 0.00390571
92 0.00390569
93 0.0039057
94 0.00390575
95 0.00390574
96 0.00390581
97 0.00390575
98 0.00390579
99 0.00390579
100 0.00390581
101 0.00390582
102 0.00390585
103 0.00390584
104 0.00390585
105 0.00390587
106 0.00390593
107 0.00390556
108 0.00391142
109 0.00390475
110 0.00390481
111 0.00390482
112 0.00390484
113 0.00390487
114 0.00390486
115 0.0039049
116 0.00390492
117 0.00390496
118 0.00390497
119 0.003905
120 0.00390502
121 0.00390504
122 0.00390505
123 0.00390509
124 0.00390509
125 0.00390512
126 0.00390513
127 0.00390518
128 0.00390532
129 0.00390521
130 0.00390524
131 0.00390527
132 0.00390526
133 0.00390531
134 0.00390533
135 0.00390537
136 0.00390537
137 0.00390541
138 0.00390542
139 0.00390545
140 0.00390546
141 0.00390554
142 0.00390554
143 0.00390556
144 0.0039056
145 0.00390561
146 0.00390563
147 0.00390566
148 0.00390567
149 0.00390572
150 0.00390574
151 0.0039058
152 0.00390582
153 0.00390587
154 0.00390586
155 0.00390593
156 0.00390593
157 0.00390595
158 0.00390597
159 0.00390603
160 0.00390604
161 0.00390607
162 0.00390611
163 0.00390613
164 0.00390617
165 0.0039062
166 0.00390622
167 0.00390625
168 0.00390629
169 0.00390632
170 0.00390631
171 0.00390639
172 0.0039064
173 0.00390645
174 0.00390647
175 0.00390651
176 0.00390656
177 0.00390657
178 0.00390658
179 0.00390663
180 0.00390664
181 0.00390668
182 0.0039067
183 0.00390674
184 0.00390678
185 0.00390682
186 0.00390685
187 0.0039069
188 0.00390694
189 0.00390697
190 0.003907
191 0.00390705
192 0.00390707
193 0.00390711
194 0.00390714
195 0.00390719
196 0.00390722
197 0.00390726
198 0.00390729
199 0.00390734
200 0.00390735
201 0.0039074
202 0.00390745
203 0.00390745
204 0.00390752
205 0.00390756
206 0.0039076
207 0.00390764
208 0.00390766
209 0.0039077
210 0.00390776
211 0.00390778
212 0.00390783
213 0.00390787
214 0.00390791
215 0.00390796
216 0.00390799
217 0.00390804
218 0.00390809
219 0.00390812
220 0.00390815
221 0.0039082
222 0.00390825
223 0.00390829
224 0.00390834
225 0.00390837
226 0.00390842
227 0.00390847
228 0.0039085
229 0.00390857
230 0.00390862
231 0.00390865
232 0.00390871
233 0.00390877
234 0.00390881
235 0.00390885
236 0.00390884
237 0.00390896
238 0.00390901
239 0.00390902
240 0.0039091
241 0.00390914
242 0.00390918
243 0.00390924
244 0.00390928
245 0.00390933
246 0.0039094
247 0.00390943
248 0.00390948
249 0.00390953
250 0.0039096
251 0.00390966
252 0.0039097
253 0.00390975
254 0.00390983
255 0.0039099
