0 0.00391877
1 0.00390425
2 0.0039043
3 0.00390428
4 0.0039045
5 0.00390436
6 0.00390443
7 0.00390367
8 0.00390447
9 0.00390446
10 0.00390447
11 0.0039045
12 0.00390451
13 0.00390454
14 0.00390454
15 0.00390456
16 0.00390484
17 0.00390463
18 0.00390464
19 0.00390462
20 0.00390465
21 0.00390468
22 0.00390468
23 0.00390466
24 0.00390475
25 0.00390476
26 0.00390476
27 0.00390477
28 0.0039048
29 0.00390482
30 0.00390483
31 0.00390487
32 0.0039048
33 0.00390489
34 0.00390492
35 0.0039048
36 0.00390492
37 0.00390495
38 0.00390497
39 0.00390497
40 0.00390501
41 0.00390504
42 0.00390504
43 0.00390506
44 0.0039051
45 0.0039051
46 0.00390512
47 0.00390511
48 0.0039053
49 0.00390517
50 0.00390519
51 0.0039052
52 0.00390523
53 0.00390527
54 0.00390524
55 0.00390529
56 0.0039053
57 0.00390531
58 0.00390535
59 0.00390532
60 0.00390537
61 0.00390537
62 0.00390541
63 0.00390549
64 0.00390501
65 0.00390546
66 0.00390543
67 0.00390552
68 0.00390555
69 0.00390506
70 0.00391571
71 0.00390381
72 0.00390388
73 0.00390389
74 0.00390388
75 0.00390392
76 0.00390393
77 0.00390395
78 0.00390396
79 0.003904
80 0.00390405
81 0.00390405
82 0.00390407
83 0.0039041
84 0.00390411
85 0.00390413
86 0.00390413
87 0.00390418
88 0.00390421
89 0.00390422
90 0.00390423
91 0.00390427
92 0.00390428
93 0.0039043
94 0.00390432
95 0.00390434
96 0.00390442
97 0.0039044
98 0.0039044
99 0.00390443
100 0.00390445
101 0.0039045
102 0.0039045
103 0.00390454
104 0.00390457
105 0.00390458
106 0.0039046
107 0.00390464
108 0.00390465
109 0.00390467
110 0.00390472
111 0.00390474
112 0.00390475
113 0.00390479
114 0.00390481
115 0.00390485
116 0.00390484
117 0.00390489
118 0.0039049
119 0.00390493
120 0.00390496
121 0.00390498
122 0.00390502
123 0.00390505
124 0.00390505
125 0.00390509
126 0.00390512
127 0.00390516
128 0.0039054
129 0.00390521
130 0.00390522
131 0.00390525
132 0.00390518
133 0.00390532
134 0.00390533
135 0.00390538
136 0.00390539
137 0.00390541
138 0.00390543
139 0.00390546
140 0.00390549
141 0.00390554
142 0.00390557
143 0.0039056
144 0.00390563
145 0.0039057
146 0.00390569
147 0.00390572
148 0.00390575
149 0.00390579
150 0.00390581
151 0.00390585
152 0.00390588
153 0.0039059
154 0.00390595
155 0.00390598
156 0.00390602
157 0.00390606
158 0.00390609
159 0.00390613
160 0.00390618
161 0.0039062
162 0.00390621
163 0.0039062
164 0.0039063
165 0.00390632
166 0.00390635
167 0.0039064
168 0.00390645
169 0.00390647
170 0.00390651
171 0.00390655
172 0.00390656
173 0.00390661
174 0.00390666
175 0.00390669
176 0.00390676
177 0.0039068
178 0.00390682
179 0.00390686
180 0.0039069
181 0.00390694
182 0.00390697
183 0.00390702
184 0.00390707
185 0.0039071
186 0.00390715
187 0.00390718
188 0.00390723
189 0.00390732
190 0.00390734
191 0.00390742
192 0.00390746
193 0.00390748
194 0.00390752
195 0.00390756
196 0.00390763
197 0.00390766
198 0.00390764
199 0.00390779
200 0.00390779
201 0.00390784
202 0.00390788
203 0.00390793
204 0.003908
205 0.00390803
206 0.00390808
207 0.00390814
208 0.00390817
209 0.00390822
210 0.00390828
211 0.00390832
212 0.00390835
213 0.00390842
214 0.00390845
215 0.00390852
216 0.00390855
217 0.00390863
218 0.00390867
219 0.00390871
220 0.00390877
221 0.00390883
222 0.00390887
223 0.00390891
224 0.00390901
225 0.00390904
226 0.00390906
227 0.00390915
228 0.00390919
229 0.00390928
230 0.00390931
231 0.00390937
232 0.00390943
233 0.00390947
234 0.00390955
235 0.0039096
236 0.00390966
237 0.00390972
238 0.00390978
239 0.00390983
240 0.0039099
241 0.00390996
242 0.00391001
243 0.00391008
244 0.00391011
245 0.00391017
246 0.00391026
247 0.00391031
248 0.00391037
249 0.00391043
250 0.00391048
251 0.00391056
252 0.00391065
253 0.00391071
254 0.00391079
255 0.00391098
