0 0.00391282
1 0.00390475
2 0.00390475
3 0.00390475
4 0.00390484
5 0.00390477
6 0.00390479
7 0.00390481
8 0.00390483
9 0.00390481
10 0.00390485
11 0.00390485
12 0.00390486
13 0.00390487
14 0.00390488
15 0.0039049
16 0.00390492
17 0.00390493
18 0.00390495
19 0.00390495
20 0.00390496
21 0.00390495
22 0.00390498
23 0.00390501
24 0.00390502
25 0.003905
26 0.00390501
27 0.00390503
28 0.00390506
29 0.00390506
30 0.00390508
31 0.00390509
32 0.00390511
33 0.00390508
34 0.00390511
35 0.00390513
36 0.00390514
37 0.00390513
38 0.00390517
39 0.00390517
40 0.0039052
41 0.0039052
42 0.0039052
43 0.00390522
44 0.00390523
45 0.00390525
46 0.00390525
47 0.00390527
48 0.0039053
49 0.00390527
50 0.00390527
51 0.00390531
52 0.00390532
53 0.00390532
54 0.00390534
55 0.00390535
56 0.00390534
57 0.00390536
58 0.00390538
59 0.00390539
60 0.00390541
61 0.00390541
62 0.00390543
63 0.00390543
64 0.00390548
65 0.00390546
66 0.00390545
67 0.00390549
68 0.0039055
69 0.00390549
70 0.0039055
71 0.00390552
72 0.00390556
73 0.00390556
74 0.00390554
75 0.00390558
76 0.00390556
77 0.00390558
78 0.0039056
79 0.00390554
80 0.00390561
81 0.00390562
82 0.00390564
83 0.00390566
84 0.00390567
85 0.00390566
86 0.00390567
87 0.00390569
88 0.00390569
89 0.00390571
90 0.00390571
91 0.00390574
92 0.00390574
93 0.00390575
94 0.00390574
95 0.00390579
96 0.00390578
97 0.00390578
98 0.00390579
99 0.00390581
100 0.00390581
101 0.00390586
102 0.00390585
103 0.00390586
104 0.00390588
105 0.00390588
106 0.0039059
107 0.0039059
108 0.0039059
109 0.00390592
110 0.00390593
111 0.00390593
112 0.00390596
113 0.00390593
114 0.00390596
115 0.00390598
116 0.00390596
117 0.00390599
118 0.00390599
119 0.003906
120 0.00390602
121 0.00390601
122 0.00390601
123 0.00390603
124 0.00390603
125 0.00390606
126 0.00390605
127 0.00390603
128 0.00390611
129 0.00390606
130 0.00390606
131 0.00390609
132 0.00390607
133 0.00390609
134 0.0039061
135 0.00390612
136 0.00390611
137 0.00390614
138 0.00390612
139 0.00390612
140 0.00390614
141 0.00390613
142 0.00390615
143 0.00390615
144 0.00390616
145 0.00390616
146 0.00390616
147 0.00390617
148 0.00390617
149 0.00390618
150 0.00390618
151 0.00390619
152 0.0039062
153 0.0039062
154 0.00390621
155 0.00390621
156 0.00390625
157 0.00390599
158 0.00390843
159 0.00390597
160 0.00390601
161 0.003906
162 0.00390603
163 0.00390608
164 0.00390608
165 0.0039061
166 0.00390612
167 0.00390612
168 0.00390617
169 0.00390619
170 0.00390621
171 0.00390624
172 0.00390625
173 0.00390627
174 0.00390629
175 0.00390633
176 0.00390635
177 0.00390636
178 0.00390641
179 0.0039064
180 0.00390644
181 0.00390646
182 0.00390651
183 0.00390652
184 0.00390656
185 0.00390658
186 0.00390659
187 0.00390664
188 0.00390665
189 0.00390668
190 0.00390669
191 0.00390673
192 0.00390677
193 0.00390677
194 0.0039068
195 0.00390684
196 0.00390687
197 0.00390689
198 0.00390694
199 0.00390697
200 0.00390698
201 0.00390702
202 0.00390704
203 0.00390706
204 0.00390708
205 0.00390712
206 0.00390715
207 0.00390715
208 0.00390722
209 0.00390726
210 0.00390726
211 0.00390729
212 0.00390732
213 0.00390738
214 0.00390739
215 0.00390744
216 0.00390745
217 0.00390749
218 0.00390751
219 0.00390756
220 0.00390757
221 0.00390761
222 0.00390764
223 0.0039077
224 0.00390773
225 0.00390775
226 0.00390777
227 0.00390782
228 0.00390785
229 0.00390787
230 0.00390792
231 0.00390796
232 0.00390799
233 0.00390804
234 0.00390805
235 0.00390811
236 0.00390814
237 0.00390816
238 0.00390821
239 0.00390826
240 0.00390827
241 0.00390833
242 0.00390837
243 0.00390838
244 0.00390844
245 0.00390848
246 0.00390853
247 0.00390856
248 0.00390859
249 0.00390864
250 0.00390869
251 0.00390873
252 0.00390876
253 0.00390879
254 0.00390883
255 0.00390889
