0 0.00391731
1 0.00390432
2 0.00390433
3 0.00390431
4 0.00390451
5 0.00390439
6 0.00390444
7 0.00390451
8 0.00390447
9 0.00390445
10 0.00390447
11 0.00390451
12 0.00390452
13 0.00390455
14 0.00390454
15 0.00390457
16 0.00390468
17 0.00390462
18 0.00390462
19 0.00390464
20 0.00390464
21 0.0039047
22 0.00390469
23 0.00390475
24 0.00390476
25 0.00390474
26 0.00390475
27 0.00390476
28 0.00390481
29 0.00390481
30 0.00390483
31 0.00390486
32 0.00390498
33 0.00390488
34 0.00390487
35 0.00390493
36 0.00390494
37 0.00390493
38 0.00390497
39 0.00390493
40 0.00390499
41 0.003905
42 0.00390501
43 0.00390492
44 0.00390505
45 0.00390508
46 0.00390512
47 0.0039051
48 0.00390513
49 0.00390513
50 0.00390513
51 0.00390518
52 0.00390519
53 0.00390522
54 0.00390521
55 0.00390522
56 0.00390524
57 0.00390526
58 0.00390528
59 0.00390529
60 0.00390531
61 0.00390532
62 0.00390534
63 0.00390538
64 0.00390561
65 0.00390539
66 0.00390538
67 0.00390544
68 0.00390543
69 0.00390545
70 0.00390544
71 0.0039055
72 0.0039055
73 0.00390552
74 0.00390553
75 0.00390552
76 0.00390553
77 0.00390556
78 0.00390559
79 0.00390556
80 0.00390564
81 0.00390564
82 0.00390562
83 0.00390567
84 0.0039057
85 0.00390528
86 0.00391359
87 0.0039042
88 0.00390428
89 0.00390427
90 0.00390429
91 0.00390432
92 0.00390434
93 0.00390435
94 0.00390437
95 0.0039044
96 0.00390443
97 0.00390444
98 0.00390445
99 0.0039045
100 0.00390449
101 0.00390455
102 0.00390455
103 0.00390458
104 0.0039046
105 0.00390462
106 0.00390465
107 0.00390466
108 0.00390469
109 0.00390471
110 0.00390474
111 0.00390478
112 0.00390478
113 0.00390481
114 0.00390481
115 0.00390485
116 0.00390486
117 0.00390489
118 0.0039049
119 0.00390495
120 0.00390497
121 0.00390501
122 0.00390504
123 0.00390507
124 0.00390509
125 0.00390509
126 0.00390515
127 0.00390518
128 0.00390535
129 0.00390521
130 0.00390522
131 0.00390524
132 0.00390529
133 0.0039053
134 0.00390534
135 0.00390538
136 0.00390538
137 0.00390543
138 0.00390544
139 0.00390548
140 0.0039055
141 0.00390552
142 0.00390554
143 0.00390557
144 0.00390561
145 0.00390567
146 0.00390567
147 0.00390569
148 0.00390571
149 0.00390576
150 0.00390578
151 0.00390582
152 0.00390586
153 0.00390587
154 0.0039059
155 0.00390593
156 0.00390598
157 0.00390599
158 0.00390603
159 0.00390606
160 0.00390611
161 0.00390613
162 0.00390617
163 0.00390619
164 0.00390621
165 0.00390626
166 0.00390629
167 0.00390633
168 0.00390636
169 0.0039064
170 0.00390644
171 0.00390642
172 0.0039065
173 0.00390655
174 0.00390657
175 0.00390664
176 0.00390667
177 0.00390671
178 0.00390673
179 0.00390677
180 0.00390682
181 0.00390683
182 0.00390689
183 0.00390693
184 0.00390697
185 0.00390699
186 0.00390705
187 0.00390708
188 0.0039071
189 0.00390716
190 0.0039072
191 0.00390721
192 0.00390729
193 0.0039073
194 0.00390735
195 0.00390739
196 0.00390743
197 0.00390748
198 0.0039075
199 0.00390755
200 0.00390761
201 0.00390764
202 0.00390767
203 0.00390771
204 0.00390775
205 0.00390778
206 0.00390782
207 0.00390789
208 0.00390792
209 0.00390804
210 0.00390803
211 0.00390807
212 0.00390812
213 0.00390818
214 0.00390816
215 0.0039083
216 0.0039083
217 0.00390834
218 0.0039084
219 0.00390845
220 0.00390849
221 0.00390854
222 0.00390859
223 0.00390863
224 0.00390869
225 0.00390874
226 0.00390881
227 0.00390882
228 0.00390884
229 0.00390893
230 0.00390897
231 0.00390902
232 0.00390908
233 0.00390912
234 0.00390919
235 0.00390925
236 0.00390929
237 0.00390936
238 0.00390938
239 0.00390944
240 0.00390951
241 0.00390956
242 0.00390961
243 0.00390966
244 0.00390973
245 0.00390981
246 0.00390984
247 0.00390991
248 0.00390996
249 0.00391002
250 0.00391008
251 0.00391013
252 0.00391021
253 0.00391024
254 0.0039103
255 0.0039104
