0 0.00391131
1 0.00390512
2 0.00390509
3 0.0039051
4 0.00390514
5 0.00390512
6 0.00390513
7 0.00390511
8 0.00390515
9 0.00390516
10 0.00390517
11 0.00390516
12 0.00390518
13 0.00390518
14 0.00390519
15 0.00390521
16 0.0039052
17 0.00390523
18 0.00390524
19 0.00390524
20 0.00390525
21 0.00390525
22 0.00390528
23 0.00390529
24 0.00390526
25 0.00390529
26 0.00390531
27 0.00390532
28 0.00390531
29 0.00390531
30 0.00390535
31 0.00390535
32 0.00390538
33 0.00390537
34 0.00390539
35 0.00390539
36 0.0039054
37 0.0039054
38 0.0039054
39 0.00390544
40 0.00390542
41 0.00390542
42 0.00390546
43 0.00390546
44 0.00390546
45 0.00390549
46 0.00390548
47 0.00390548
48 0.00390551
49 0.00390552
50 0.00390551
51 0.00390555
52 0.00390554
53 0.00390555
54 0.00390556
55 0.00390557
56 0.00390558
57 0.00390558
58 0.00390558
59 0.00390561
60 0.00390562
61 0.00390565
62 0.00390564
63 0.00390567
64 0.00390567
65 0.00390568
66 0.00390569
67 0.00390567
68 0.00390569
69 0.0039057
70 0.00390573
71 0.00390573
72 0.00390575
73 0.00390576
74 0.00390575
75 0.00390576
76 0.00390577
77 0.00390578
78 0.00390577
79 0.00390579
80 0.00390579
81 0.00390582
82 0.0039058
83 0.00390583
84 0.00390585
85 0.00390584
86 0.00390584
87 0.00390586
88 0.00390586
89 0.00390587
90 0.00390587
91 0.0039059
92 0.00390588
93 0.0039059
94 0.00390593
95 0.00390593
96 0.00390593
97 0.00390594
98 0.00390594
99 0.00390588
100 0.00390596
101 0.00390596
102 0.003906
103 0.00390598
104 0.00390599
105 0.003906
106 0.003906
107 0.003906
108 0.00390602
109 0.00390602
110 0.00390605
111 0.00390604
112 0.00390604
113 0.00390605
114 0.00390606
115 0.00390607
116 0.00390608
117 0.00390607
118 0.00390608
119 0.0039061
120 0.00390611
121 0.00390611
122 0.00390613
123 0.00390613
124 0.00390613
125 0.00390612
126 0.00390614
127 0.00390615
128 0.00390617
129 0.00390617
130 0.00390613
131 0.00390616
132 0.00390619
133 0.00390617
134 0.00390616
135 0.00390621
136 0.00390619
137 0.00390619
138 0.00390618
139 0.00390619
140 0.00390624
141 0.00390622
142 0.00390621
143 0.00390622
144 0.00390623
145 0.00390622
146 0.00390624
147 0.00390623
148 0.00390625
149 0.00390624
150 0.00390626
151 0.00390625
152 0.00390625
153 0.00390627
154 0.00390627
155 0.00390628
156 0.00390629
157 0.00390628
158 0.00390627
159 0.00390627
160 0.00390628
161 0.00390628
162 0.00390629
163 0.00390627
164 0.0039063
165 0.0039063
166 0.00390629
167 0.00390629
168 0.0039063
169 0.00390629
170 0.0039063
171 0.00390632
172 0.0039063
173 0.00390632
174 0.00390632
175 0.00390632
176 0.0039063
177 0.00390631
178 0.0039063
179 0.0039063
180 0.00390631
181 0.00390632
182 0.00390631
183 0.00390629
184 0.0039063
185 0.0039063
186 0.0039063
187 0.0039063
188 0.0039063
189 0.0039063
190 0.0039063
191 0.00390628
192 0.00390629
193 0.00390628
194 0.00390629
195 0.0039063
196 0.0039063
197 0.00390612
198 0.0039072
199 0.00390678
200 0.0039068
201 0.00390682
202 0.00390685
203 0.00390688
204 0.00390691
205 0.00390691
206 0.00390693
207 0.00390695
208 0.00390697
209 0.003907
210 0.00390703
211 0.00390704
212 0.00390706
213 0.00390711
214 0.00390712
215 0.00390714
216 0.00390719
217 0.00390719
218 0.00390722
219 0.00390726
220 0.00390728
221 0.00390729
222 0.00390734
223 0.00390736
224 0.00390741
225 0.0039074
226 0.00390743
227 0.00390745
228 0.00390748
229 0.00390752
230 0.00390754
231 0.00390755
232 0.0039076
233 0.00390764
234 0.00390766
235 0.00390768
236 0.0039077
237 0.00390774
238 0.00390776
239 0.00390779
240 0.00390785
241 0.00390788
242 0.00390789
243 0.00390792
244 0.00390794
245 0.00390798
246 0.003908
247 0.00390802
248 0.00390808
249 0.0039081
250 0.00390813
251 0.00390814
252 0.00390821
253 0.00390822
254 0.00390825
255 0.00390829
