0 0.00392208
1 0.00390424
2 0.00390425
3 0.00390425
4 0.0039045
5 0.00390414
6 0.0039045
7 0.00390236
8 0.00390447
9 0.00390447
10 0.0039045
11 0.00390452
12 0.00390457
13 0.00390454
14 0.0039046
15 0.00390463
16 0.00390481
17 0.0039046
18 0.00390465
19 0.00390452
20 0.0039047
21 0.00390488
22 0.00390477
23 0.00390485
24 0.0039048
25 0.00390482
26 0.00390486
27 0.00390487
28 0.00390491
29 0.00390492
30 0.00390492
31 0.00390519
32 0.00390346
33 0.00390509
34 0.00390501
35 0.00390508
36 0.00390519
37 0.00390449
38 0.00392143
39 0.0039029
40 0.003903
41 0.00390295
42 0.00390301
43 0.00390302
44 0.00390308
45 0.00390306
46 0.00390313
47 0.00390312
48 0.00390323
49 0.00390319
50 0.00390326
51 0.00390323
52 0.00390327
53 0.00390328
54 0.00390332
55 0.00390332
56 0.00390337
57 0.00390331
58 0.00390341
59 0.00390338
60 0.00390349
61 0.00390347
62 0.00390353
63 0.00390343
64 0.00390365
65 0.00390354
66 0.00390362
67 0.00390359
68 0.00390367
69 0.00390367
70 0.00390366
71 0.00390369
72 0.00390375
73 0.00390372
74 0.0039038
75 0.00390377
76 0.00390385
77 0.00390382
78 0.0039039
79 0.00390386
80 0.00390398
81 0.00390392
82 0.003904
83 0.00390397
84 0.00390406
85 0.00390405
86 0.00390411
87 0.00390406
88 0.00390414
89 0.00390415
90 0.00390422
91 0.00390415
92 0.00390425
93 0.00390424
94 0.0039043
95 0.0039043
96 0.00390442
97 0.00390435
98 0.0039044
99 0.00390439
100 0.00390447
101 0.00390446
102 0.00390452
103 0.0039045
104 0.00390458
105 0.00390455
106 0.00390465
107 0.00390464
108 0.00390469
109 0.00390468
110 0.00390476
111 0.00390475
112 0.00390487
113 0.0039048
114 0.00390489
115 0.00390487
116 0.00390493
117 0.00390494
118 0.00390501
119 0.00390499
120 0.0039051
121 0.00390504
122 0.00390511
123 0.00390507
124 0.00390514
125 0.00390515
126 0.00390524
127 0.0039052
128 0.00390556
129 0.00390519
130 0.00390531
131 0.00390524
132 0.00390547
133 0.00390532
134 0.00390539
135 0.00390536
136 0.00390544
137 0.0039054
138 0.00390549
139 0.00390549
140 0.0039056
141 0.00390556
142 0.00390567
143 0.00390565
144 0.00390583
145 0.00390616
146 0.00390586
147 0.00390578
148 0.00390591
149 0.0039059
150 0.00390598
151 0.00390598
152 0.00390608
153 0.00390605
154 0.00390614
155 0.00390614
156 0.00390622
157 0.00390623
158 0.00390633
159 0.0039063
160 0.00390645
161 0.00390638
162 0.00390648
163 0.00390646
164 0.00390657
165 0.00390658
166 0.00390658
167 0.00390667
168 0.00390674
169 0.00390673
170 0.00390683
171 0.0039068
172 0.00390691
173 0.0039069
174 0.00390699
175 0.003907
176 0.00390715
177 0.00390709
178 0.00390719
179 0.00390717
180 0.00390729
181 0.00390729
182 0.00390734
183 0.00390733
184 0.00390746
185 0.00390745
186 0.00390756
187 0.00390754
188 0.00390764
189 0.00390762
190 0.00390773
191 0.00390773
192 0.0039079
193 0.00390782
194 0.00390794
195 0.00390792
196 0.00390796
197 0.00390803
198 0.00390812
199 0.00390811
200 0.00390823
201 0.00390821
202 0.00390835
203 0.00390831
204 0.00390843
205 0.00390844
206 0.00390852
207 0.00390853
208 0.0039087
209 0.00390865
210 0.00390877
211 0.00390877
212 0.00390886
213 0.00390886
214 0.00390898
215 0.00390901
216 0.00390912
217 0.00390911
218 0.00390922
219 0.00390922
220 0.00390933
221 0.00390939
222 0.00390951
223 0.00390951
224 0.00390969
225 0.00390968
226 0.00390977
227 0.0039098
228 0.00391
229 0.00390994
230 0.00391002
231 0.00390993
232 0.00391017
233 0.00391019
234 0.00391032
235 0.00391034
236 0.00391042
237 0.00391047
238 0.00391057
239 0.00391061
240 0.00391079
241 0.00391076
242 0.0039108
243 0.00391091
244 0.00391105
245 0.00391106
246 0.00391112
247 0.00391112
248 0.00391124
249 0.00391129
250 0.00391139
251 0.00391139
252 0.00391155
253 0.00391154
254 0.00391171
255 0.00391207
