0 0.0039103
1 0.00390548
2 0.0039055
3 0.00390546
4 0.00390552
5 0.00390551
6 0.0039055
7 0.00390551
8 0.00390551
9 0.00390551
10 0.00390552
11 0.00390554
12 0.00390552
13 0.00390553
14 0.00390554
15 0.00390556
16 0.00390556
17 0.00390554
18 0.00390557
19 0.00390558
20 0.00390561
21 0.00390561
22 0.00390562
23 0.00390562
24 0.00390564
25 0.00390564
26 0.00390563
27 0.00390566
28 0.00390566
29 0.00390566
30 0.00390567
31 0.00390569
32 0.00390571
33 0.00390569
34 0.00390571
35 0.00390572
36 0.00390573
37 0.00390574
38 0.00390572
39 0.00390576
40 0.00390573
41 0.00390575
42 0.00390575
43 0.00390577
44 0.00390575
45 0.00390578
46 0.00390578
47 0.0039058
48 0.00390581
49 0.00390579
50 0.00390582
51 0.00390582
52 0.00390581
53 0.00390583
54 0.00390582
55 0.00390584
56 0.00390583
57 0.00390587
58 0.00390587
59 0.00390587
60 0.00390589
61 0.00390589
62 0.00390589
63 0.0039059
64 0.00390592
65 0.00390592
66 0.00390593
67 0.00390595
68 0.00390593
69 0.00390596
70 0.00390596
71 0.00390598
72 0.00390596
73 0.00390597
74 0.00390599
75 0.00390598
76 0.00390598
77 0.00390598
78 0.003906
79 0.00390601
80 0.00390601
81 0.00390604
82 0.00390602
83 0.00390603
84 0.00390604
85 0.00390607
86 0.00390604
87 0.00390607
88 0.00390606
89 0.00390606
90 0.00390609
91 0.00390608
92 0.0039061
93 0.0039061
94 0.0039061
95 0.00390612
96 0.00390615
97 0.00390612
98 0.00390611
99 0.00390614
100 0.00390616
101 0.00390613
102 0.00390612
103 0.00390616
104 0.00390617
105 0.00390619
106 0.00390618
107 0.00390618
108 0.00390619
109 0.00390619
110 0.00390622
111 0.00390622
112 0.00390621
113 0.00390622
114 0.00390623
115 0.00390622
116 0.00390623
117 0.00390624
118 0.00390625
119 0.00390627
120 0.00390629
121 0.00390627
122 0.00390628
123 0.00390629
124 0.00390628
125 0.00390628
126 0.0039063
127 0.0039063
128 0.00390632
129 0.0039063
130 0.00390629
131 0.00390631
132 0.0039063
133 0.00390631
134 0.00390633
135 0.0039063
136 0.00390634
137 0.00390633
138 0.00390634
139 0.00390635
140 0.00390634
141 0.00390635
142 0.00390635
143 0.00390639
144 0.00390638
145 0.00390637
146 0.00390636
147 0.00390639
148 0.00390637
149 0.00390638
150 0.00390639
151 0.0039064
152 0.00390639
153 0.0039064
154 0.00390639
155 0.0039064
156 0.00390641
157 0.00390641
158 0.00390642
159 0.00390643
160 0.00390641
161 0.00390643
162 0.00390643
163 0.00390642
164 0.00390643
165 0.00390641
166 0.00390643
167 0.00390643
168 0.00390645
169 0.00390642
170 0.00390645
171 0.00390644
172 0.00390644
173 0.00390644
174 0.00390644
175 0.00390643
176 0.00390644
177 0.00390646
178 0.00390645
179 0.00390646
180 0.00390645
181 0.00390646
182 0.00390645
183 0.00390644
184 0.00390645
185 0.00390644
186 0.00390645
187 0.00390643
188 0.00390644
189 0.00390644
190 0.00390646
191 0.00390644
192 0.00390645
193 0.00390644
194 0.00390644
195 0.00390644
196 0.00390642
197 0.00390644
198 0.00390642
199 0.00390642
200 0.00390642
201 0.00390642
202 0.00390643
203 0.00390641
204 0.00390643
205 0.00390641
206 0.0039064
207 0.0039064
208 0.00390638
209 0.00390641
210 0.00390638
211 0.00390638
212 0.00390639
213 0.00390638
214 0.00390638
215 0.00390638
216 0.00390638
217 0.00390636
218 0.00390635
219 0.00390633
220 0.00390636
221 0.00390631
222 0.00390631
223 0.00390633
224 0.00390633
225 0.0039063
226 0.00390631
227 0.00390632
228 0.00390628
229 0.00390628
230 0.00390628
231 0.00390625
232 0.00390626
233 0.00390626
234 0.00390624
235 0.00390627
236 0.00390609
237 0.00390662
238 0.00390748
239 0.00390751
240 0.00390752
241 0.00390754
242 0.00390756
243 0.0039076
244 0.0039076
245 0.00390764
246 0.00390763
247 0.00390768
248 0.0039077
249 0.00390771
250 0.00390774
251 0.0039078
252 0.00390781
253 0.00390781
254 0.00390783
255 0.00390789
