0 0.00391557
1 0.00390442
2 0.00390444
3 0.00390441
4 0.00390456
5 0.00390448
6 0.0039045
7 0.00390453
8 0.00390453
9 0.00390454
10 0.00390455
11 0.00390459
12 0.00390458
13 0.00390461
14 0.00390462
15 0.00390462
16 0.00390469
17 0.00390466
18 0.00390469
19 0.00390469
20 0.00390472
21 0.00390472
22 0.00390474
23 0.00390474
24 0.00390477
25 0.00390479
26 0.00390481
27 0.00390483
28 0.00390485
29 0.00390484
30 0.00390487
31 0.00390487
32 0.00390491
33 0.0039049
34 0.00390492
35 0.00390494
36 0.00390494
37 0.00390495
38 0.00390498
39 0.00390501
40 0.003905
41 0.00390502
42 0.00390503
43 0.00390504
44 0.00390508
45 0.00390509
46 0.00390511
47 0.00390511
48 0.00390514
49 0.00390514
50 0.00390516
51 0.00390518
52 0.00390518
53 0.00390519
54 0.00390523
55 0.00390528
56 0.00390525
57 0.00390525
58 0.00390527
59 0.00390527
60 0.00390532
61 0.0039053
62 0.0039053
63 0.00390534
64 0.00390541
65 0.00390535
66 0.00390538
67 0.00390542
68 0.0039054
69 0.00390542
70 0.00390543
71 0.00390544
72 0.00390547
73 0.00390547
74 0.00390551
75 0.00390549
76 0.00390552
77 0.00390552
78 0.00390555
79 0.00390556
80 0.0039056
81 0.00390558
82 0.00390562
83 0.00390562
84 0.00390562
85 0.00390563
86 0.00390564
87 0.00390568
88 0.00390567
89 0.00390568
90 0.00390567
91 0.00390571
92 0.00390573
93 0.00390573
94 0.00390574
95 0.00390575
96 0.00390583
97 0.00390579
98 0.00390579
99 0.00390581
100 0.00390582
101 0.00390583
102 0.00390585
103 0.00390586
104 0.00390586
105 0.00390587
106 0.00390589
107 0.00390596
108 0.00390558
109 0.00391135
110 0.00390482
111 0.00390486
112 0.00390484
113 0.00390487
114 0.00390489
115 0.00390492
116 0.00390492
117 0.00390497
118 0.00390497
119 0.003905
120 0.00390502
121 0.00390505
122 0.00390509
123 0.0039051
124 0.00390512
125 0.00390514
126 0.00390516
127 0.00390518
128 0.00390532
129 0.00390522
130 0.00390526
131 0.00390528
132 0.00390528
133 0.00390531
134 0.00390534
135 0.00390536
136 0.00390541
137 0.00390542
138 0.00390541
139 0.00390546
140 0.00390548
141 0.0039055
142 0.00390554
143 0.00390557
144 0.00390558
145 0.00390564
146 0.00390562
147 0.00390567
148 0.00390569
149 0.00390572
150 0.00390577
151 0.0039058
152 0.00390582
153 0.00390585
154 0.00390588
155 0.00390592
156 0.00390595
157 0.00390596
158 0.00390596
159 0.00390601
160 0.00390605
161 0.00390607
162 0.00390609
163 0.00390612
164 0.00390616
165 0.0039062
166 0.00390621
167 0.00390624
168 0.00390628
169 0.0039063
170 0.00390632
171 0.00390636
172 0.0039064
173 0.00390641
174 0.00390645
175 0.00390649
176 0.00390651
177 0.00390656
178 0.00390659
179 0.00390662
180 0.00390663
181 0.00390667
182 0.00390669
183 0.00390677
184 0.00390677
185 0.00390683
186 0.00390682
187 0.00390689
188 0.0039069
189 0.00390694
190 0.00390696
191 0.00390704
192 0.00390705
193 0.00390709
194 0.00390715
195 0.00390715
196 0.00390721
197 0.00390723
198 0.00390727
199 0.00390729
200 0.00390734
201 0.00390739
202 0.00390744
203 0.00390745
204 0.0039075
205 0.00390752
206 0.00390758
207 0.00390763
208 0.00390764
209 0.0039077
210 0.00390772
211 0.00390777
212 0.00390781
213 0.00390786
214 0.00390788
215 0.00390793
216 0.00390795
217 0.00390802
218 0.00390805
219 0.0039081
220 0.00390815
221 0.00390816
222 0.00390823
223 0.00390829
224 0.00390831
225 0.00390837
226 0.00390839
227 0.00390844
228 0.00390851
229 0.00390853
230 0.00390859
231 0.00390863
232 0.00390868
233 0.00390871
234 0.00390876
235 0.00390882
236 0.00390886
237 0.00390887
238 0.003909
239 0.003909
240 0.00390906
241 0.00390908
242 0.00390915
243 0.0039092
244 0.00390927
245 0.00390931
246 0.00390937
247 0.00390939
248 0.00390947
249 0.00390951
250 0.00390956
251 0.00390962
252 0.00390967
253 0.0039097
254 0.00390976
255 0.00390979
