0 0.00391121
1 0.00390511
2 0.00390512
3 0.00390514
4 0.00390518
5 0.00390513
6 0.00390516
7 0.00390518
8 0.00390517
9 0.00390517
10 0.00390519
11 0.00390519
12 0.00390518
13 0.00390521
14 0.00390521
15 0.00390523
16 0.00390525
17 0.00390525
18 0.00390526
19 0.00390526
20 0.00390529
21 0.00390529
22 0.00390528
23 0.00390529
24 0.00390531
25 0.00390531
26 0.00390533
27 0.00390535
28 0.00390534
29 0.00390536
30 0.00390537
31 0.00390537
32 0.00390538
33 0.00390539
34 0.00390542
35 0.00390541
36 0.00390541
37 0.00390542
38 0.00390541
39 0.00390543
40 0.00390545
41 0.00390546
42 0.00390546
43 0.00390548
44 0.00390549
45 0.0039055
46 0.0039055
47 0.0039055
48 0.0039055
49 0.0039055
50 0.00390554
51 0.00390554
52 0.00390556
53 0.00390557
54 0.00390558
55 0.00390558
56 0.0039056
57 0.00390561
58 0.00390561
59 0.00390564
60 0.00390565
61 0.00390564
62 0.00390566
63 0.00390567
64 0.00390569
65 0.00390568
66 0.0039057
67 0.00390571
68 0.00390572
69 0.00390574
70 0.00390573
71 0.00390575
72 0.00390576
73 0.00390575
74 0.00390577
75 0.00390575
76 0.0039058
77 0.00390578
78 0.00390581
79 0.00390578
80 0.00390582
81 0.00390583
82 0.00390582
83 0.00390583
84 0.00390585
85 0.00390586
86 0.00390586
87 0.00390587
88 0.00390587
89 0.00390588
90 0.0039059
91 0.0039059
92 0.00390591
93 0.00390591
94 0.00390591
95 0.00390592
96 0.00390595
97 0.00390594
98 0.00390595
99 0.00390596
100 0.00390598
101 0.00390601
102 0.00390599
103 0.00390599
104 0.003906
105 0.00390602
106 0.00390602
107 0.00390603
108 0.00390605
109 0.00390605
110 0.00390605
111 0.00390607
112 0.00390606
113 0.00390606
114 0.00390606
115 0.00390609
116 0.0039061
117 0.0039061
118 0.00390609
119 0.00390611
120 0.00390611
121 0.00390611
122 0.00390613
123 0.00390612
124 0.00390613
125 0.00390614
126 0.00390616
127 0.00390616
128 0.00390618
129 0.00390616
130 0.00390617
131 0.00390617
132 0.00390617
133 0.00390618
134 0.00390621
135 0.0039062
136 0.00390619
137 0.00390621
138 0.00390622
139 0.00390622
140 0.00390623
141 0.00390622
142 0.00390623
143 0.00390624
144 0.00390624
145 0.00390624
146 0.00390624
147 0.00390625
148 0.00390626
149 0.00390626
150 0.00390626
151 0.00390626
152 0.0039063
153 0.00390629
154 0.00390629
155 0.00390627
156 0.00390627
157 0.0039063
158 0.00390628
159 0.00390629
160 0.00390631
161 0.0039063
162 0.0039063
163 0.00390631
164 0.00390629
165 0.0039063
166 0.0039063
167 0.00390631
168 0.00390633
169 0.00390631
170 0.00390632
171 0.0039063
172 0.00390632
173 0.00390632
174 0.00390631
175 0.00390633
176 0.00390631
177 0.00390633
178 0.00390633
179 0.00390634
180 0.00390632
181 0.00390633
182 0.00390632
183 0.00390633
184 0.00390634
185 0.00390633
186 0.00390631
187 0.00390632
188 0.00390632
189 0.00390632
190 0.00390631
191 0.0039063
192 0.00390632
193 0.00390632
194 0.00390628
195 0.00390631
196 0.0039063
197 0.00390631
198 0.0039063
199 0.00390632
200 0.00390613
201 0.00390715
202 0.00390684
203 0.00390689
204 0.00390688
205 0.00390692
206 0.00390693
207 0.00390695
208 0.00390697
209 0.00390699
210 0.00390701
211 0.00390705
212 0.00390707
213 0.0039071
214 0.00390711
215 0.00390713
216 0.00390717
217 0.00390717
218 0.00390719
219 0.00390724
220 0.00390726
221 0.00390728
222 0.00390729
223 0.00390734
224 0.00390735
225 0.00390741
226 0.00390741
227 0.00390742
228 0.00390744
229 0.00390749
230 0.0039075
231 0.00390754
232 0.00390757
233 0.0039076
234 0.00390761
235 0.00390764
236 0.00390767
237 0.00390768
238 0.00390775
239 0.00390775
240 0.0039078
241 0.00390781
242 0.00390784
243 0.00390789
244 0.00390789
245 0.0039079
246 0.00390796
247 0.00390799
248 0.00390803
249 0.00390805
250 0.00390809
251 0.00390813
252 0.00390813
253 0.00390818
254 0.00390819
255 0.00390825
