0 0.00390998
1 0.00390569
2 0.00390568
3 0.0039057
4 0.00390571
5 0.00390572
6 0.00390571
7 0.00390572
8 0.0039057
9 0.00390571
10 0.00390572
11 0.00390572
12 0.00390574
13 0.00390575
14 0.00390575
15 0.00390573
16 0.00390577
17 0.00390577
18 0.00390576
19 0.00390576
20 0.00390579
21 0.0039058
22 0.00390579
23 0.0039058
24 0.00390579
25 0.00390582
26 0.00390583
27 0.00390582
28 0.00390583
29 0.00390582
30 0.00390584
31 0.00390586
32 0.00390585
33 0.00390586
34 0.00390587
35 0.00390587
36 0.00390587
37 0.0039059
38 0.00390589
39 0.0039059
40 0.00390591
41 0.00390592
42 0.00390592
43 0.00390594
44 0.00390593
45 0.00390588
46 0.00390596
47 0.00390593
48 0.00390595
49 0.00390596
50 0.00390596
51 0.00390595
52 0.00390597
53 0.00390598
54 0.00390597
55 0.00390599
56 0.00390599
57 0.003906
58 0.003906
59 0.00390601
60 0.00390601
61 0.00390603
62 0.00390602
63 0.00390604
64 0.00390604
65 0.00390605
66 0.00390604
67 0.00390606
68 0.00390606
69 0.00390609
70 0.00390606
71 0.00390608
72 0.00390611
73 0.00390609
74 0.0039061
75 0.0039061
76 0.00390611
77 0.00390613
78 0.00390613
79 0.00390614
80 0.00390614
81 0.00390616
82 0.00390616
83 0.00390616
84 0.00390616
85 0.00390616
86 0.00390619
87 0.00390618
88 0.00390618
89 0.00390617
90 0.00390618
91 0.0039062
92 0.00390621
93 0.00390622
94 0.0039062
95 0.00390623
96 0.00390622
97 0.00390624
98 0.00390624
99 0.00390624
100 0.00390627
101 0.00390625
102 0.00390626
103 0.00390628
104 0.00390625
105 0.00390627
106 0.00390627
107 0.00390628
108 0.00390629
109 0.00390631
110 0.00390628
111 0.00390631
112 0.0039063
113 0.00390632
114 0.00390631
115 0.00390631
116 0.00390634
117 0.00390635
118 0.00390635
119 0.00390634
120 0.00390634
121 0.00390637
122 0.00390634
123 0.00390638
124 0.00390637
125 0.00390638
126 0.00390638
127 0.00390638
128 0.00390641
129 0.00390639
130 0.00390639
131 0.0039064
132 0.00390641
133 0.00390641
134 0.00390642
135 0.00390642
136 0.00390641
137 0.00390642
138 0.00390642
139 0.00390641
140 0.00390643
141 0.00390643
142 0.00390645
143 0.00390646
144 0.00390643
145 0.00390647
146 0.00390647
147 0.00390646
148 0.00390645
149 0.00390646
150 0.00390645
151 0.00390648
152 0.00390645
153 0.00390649
154 0.00390646
155 0.00390649
156 0.00390648
157 0.00390649
158 0.00390648
159 0.00390646
160 0.00390651
161 0.00390648
162 0.00390649
163 0.00390648
164 0.0039065
165 0.0039065
166 0.00390651
167 0.00390649
168 0.00390649
169 0.00390651
170 0.00390651
171 0.00390649
172 0.00390649
173 0.00390652
174 0.0039065
175 0.00390652
176 0.00390653
177 0.00390652
178 0.00390652
179 0.00390651
180 0.00390652
181 0.00390655
182 0.00390651
183 0.00390652
184 0.00390653
185 0.00390653
186 0.00390652
187 0.00390651
188 0.00390653
189 0.00390652
190 0.00390653
191 0.00390652
192 0.0039065
193 0.00390652
194 0.00390651
195 0.0039065
196 0.0039065
197 0.0039065
198 0.00390649
199 0.0039065
200 0.00390649
201 0.00390651
202 0.0039065
203 0.00390648
204 0.00390649
205 0.0039065
206 0.0039065
207 0.00390647
208 0.00390647
209 0.00390647
210 0.00390648
211 0.00390647
212 0.00390646
213 0.00390645
214 0.00390645
215 0.00390644
216 0.00390646
217 0.00390644
218 0.00390644
219 0.00390643
220 0.00390645
221 0.00390642
222 0.00390642
223 0.00390642
224 0.00390641
225 0.00390639
226 0.00390639
227 0.00390639
228 0.00390638
229 0.00390639
230 0.00390637
231 0.00390636
232 0.00390634
233 0.00390636
234 0.00390634
235 0.00390632
236 0.00390633
237 0.0039063
238 0.00390632
239 0.00390629
240 0.00390629
241 0.0039063
242 0.00390628
243 0.00390625
244 0.00390627
245 0.00390624
246 0.00390624
247 0.00390622
248 0.00390622
249 0.00390621
250 0.00390618
251 0.00390618
252 0.00390617
253 0.00390618
254 0.00390603
255 0.00390645
