0 0.00392162
1 0.00390423
2 0.00390431
3 0.00390427
4 0.00390453
5 0.00390438
6 0.00390442
7 0.00390443
8 0.00390452
9 0.0039045
10 0.00390449
11 0.00390447
12 0.00390451
13 0.00390456
14 0.00390459
15 0.0039046
16 0.00390497
17 0.00390462
18 0.00390465
19 0.00390466
20 0.00390472
21 0.00390457
22 0.00390475
23 0.00390477
24 0.00390479
25 0.00390489
26 0.00390484
27 0.00390488
28 0.00390489
29 0.00390491
30 0.00390491
31 0.00390497
32 0.00390528
33 0.00390498
34 0.00390498
35 0.00390502
36 0.00390506
37 0.00390506
38 0.00390508
39 0.00390519
40 0.00390522
41 0.00390457
42 0.00392052
43 0.00390307
44 0.00390318
45 0.00390311
46 0.00390317
47 0.00390314
48 0.00390322
49 0.00390324
50 0.00390329
51 0.00390327
52 0.00390331
53 0.00390333
54 0.00390333
55 0.00390336
56 0.00390338
57 0.00390338
58 0.0039034
59 0.0039034
60 0.00390347
61 0.00390345
62 0.00390353
63 0.00390346
64 0.00390362
65 0.00390352
66 0.00390357
67 0.00390356
68 0.00390359
69 0.00390358
70 0.00390363
71 0.00390365
72 0.00390372
73 0.0039037
74 0.00390375
75 0.00390372
76 0.00390379
77 0.00390377
78 0.00390386
79 0.00390387
80 0.00390402
81 0.00390424
82 0.00390398
83 0.00390396
84 0.00390401
85 0.00390398
86 0.00390408
87 0.00390408
88 0.00390409
89 0.00390412
90 0.00390416
91 0.00390418
92 0.00390423
93 0.00390422
94 0.00390426
95 0.00390426
96 0.00390439
97 0.00390433
98 0.00390437
99 0.00390439
100 0.00390443
101 0.00390444
102 0.00390448
103 0.00390449
104 0.00390468
105 0.00390459
106 0.00390461
107 0.00390462
108 0.00390462
109 0.00390465
110 0.0039047
111 0.00390472
112 0.00390481
113 0.00390477
114 0.00390481
115 0.00390484
116 0.00390488
117 0.00390491
118 0.00390494
119 0.00390496
120 0.003905
121 0.00390504
122 0.00390507
123 0.00390507
124 0.00390512
125 0.00390515
126 0.0039052
127 0.00390523
128 0.00390556
129 0.00390523
130 0.00390527
131 0.00390529
132 0.00390531
133 0.00390533
134 0.00390536
135 0.00390539
136 0.00390543
137 0.00390549
138 0.00390552
139 0.00390556
140 0.00390558
141 0.00390562
142 0.00390564
143 0.00390572
144 0.00390578
145 0.00390576
146 0.00390578
147 0.00390581
148 0.00390584
149 0.00390582
150 0.00390587
151 0.00390593
152 0.00390596
153 0.003906
154 0.00390603
155 0.00390609
156 0.00390612
157 0.00390616
158 0.00390622
159 0.00390626
160 0.00390632
161 0.00390677
162 0.00390641
163 0.0039064
164 0.0039065
165 0.0039065
166 0.00390657
167 0.00390655
168 0.00390668
169 0.00390671
170 0.00390666
171 0.00390678
172 0.00390683
173 0.00390685
174 0.00390692
175 0.00390692
176 0.00390704
177 0.00390704
178 0.00390711
179 0.00390713
180 0.00390719
181 0.00390722
182 0.00390726
183 0.00390726
184 0.00390735
185 0.00390739
186 0.00390745
187 0.00390744
188 0.00390755
189 0.00390756
190 0.00390766
191 0.00390769
192 0.00390782
193 0.00390774
194 0.00390785
195 0.00390786
196 0.00390794
197 0.00390795
198 0.00390803
199 0.00390804
200 0.00390823
201 0.00390819
202 0.00390823
203 0.00390824
204 0.00390834
205 0.00390836
206 0.00390843
207 0.00390848
208 0.00390858
209 0.00390859
210 0.00390864
211 0.00390869
212 0.00390878
213 0.00390878
214 0.0039089
215 0.00390889
216 0.003909
217 0.00390911
218 0.00390918
219 0.00390921
220 0.0039093
221 0.00390929
222 0.0039094
223 0.00390942
224 0.00390957
225 0.00390957
226 0.00390963
227 0.00390967
228 0.00390978
229 0.00390985
230 0.00390993
231 0.00390995
232 0.00391005
233 0.00391011
234 0.00391015
235 0.00391007
236 0.00391033
237 0.00391036
238 0.00391047
239 0.00391048
240 0.00391057
241 0.00391061
242 0.0039107
243 0.00391074
244 0.00391088
245 0.00391091
246 0.00391099
247 0.00391105
248 0.0039112
249 0.00391121
250 0.00391129
251 0.0039112
252 0.00391141
253 0.00391146
254 0.00391158
255 0.00391161
