0 0.00391982
1 0.00390426
2 0.00390429
3 0.00390428
4 0.00390451
5 0.00390436
6 0.00390439
7 0.0039044
8 0.00390448
9 0.00390444
10 0.00390453
11 0.00390448
12 0.0039046
13 0.00390454
14 0.00390457
15 0.00390457
16 0.00390474
17 0.00390461
18 0.00390464
19 0.00390463
20 0.00390468
21 0.00390471
22 0.00390474
23 0.00390471
24 0.00390476
25 0.00390479
26 0.00390491
27 0.00390477
28 0.00390486
29 0.00390488
30 0.00390494
31 0.00390488
32 0.00390535
33 0.0039049
34 0.00390494
35 0.00390495
36 0.00390498
37 0.00390502
38 0.00390502
39 0.00390504
40 0.00390506
41 0.00390506
42 0.00390512
43 0.00390511
44 0.00390505
45 0.00390515
46 0.00390517
47 0.00390517
48 0.00390546
49 0.00390523
50 0.00390528
51 0.00390525
52 0.00390528
53 0.0039053
54 0.00390534
55 0.00390532
56 0.00390539
57 0.00390546
58 0.00390495
59 0.00391736
60 0.00390355
61 0.00390361
62 0.00390359
63 0.00390357
64 0.00390372
65 0.00390379
66 0.0039037
67 0.0039037
68 0.00390373
69 0.00390373
70 0.00390376
71 0.00390377
72 0.00390382
73 0.00390389
74 0.00390387
75 0.00390385
76 0.00390389
77 0.00390393
78 0.00390396
79 0.00390396
80 0.00390402
81 0.003904
82 0.00390402
83 0.00390403
84 0.00390408
85 0.0039041
86 0.00390411
87 0.00390415
88 0.00390418
89 0.00390418
90 0.00390424
91 0.00390423
92 0.00390427
93 0.00390429
94 0.00390432
95 0.00390435
96 0.00390441
97 0.00390438
98 0.00390439
99 0.00390444
100 0.00390445
101 0.00390449
102 0.00390451
103 0.00390453
104 0.00390457
105 0.00390457
106 0.00390461
107 0.00390461
108 0.00390467
109 0.00390469
110 0.0039047
111 0.00390472
112 0.00390481
113 0.00390478
114 0.00390481
115 0.00390484
116 0.00390487
117 0.0039049
118 0.00390493
119 0.00390494
120 0.00390498
121 0.003905
122 0.00390505
123 0.00390507
124 0.0039051
125 0.00390511
126 0.00390516
127 0.00390518
128 0.00390546
129 0.00390522
130 0.00390525
131 0.00390526
132 0.00390531
133 0.00390532
134 0.00390537
135 0.00390538
136 0.00390542
137 0.00390546
138 0.0039055
139 0.0039055
140 0.00390554
141 0.00390557
142 0.00390562
143 0.00390563
144 0.00390572
145 0.0039057
146 0.00390575
147 0.00390576
148 0.00390578
149 0.00390581
150 0.00390587
151 0.00390586
152 0.00390593
153 0.00390595
154 0.00390601
155 0.00390599
156 0.00390606
157 0.00390608
158 0.0039062
159 0.00390617
160 0.00390624
161 0.00390625
162 0.00390629
163 0.00390634
164 0.00390635
165 0.00390639
166 0.00390644
167 0.00390646
168 0.0039065
169 0.00390653
170 0.00390659
171 0.00390659
172 0.00390665
173 0.00390668
174 0.00390672
175 0.00390678
176 0.00390683
177 0.00390684
178 0.00390689
179 0.00390692
180 0.00390697
181 0.00390698
182 0.00390703
183 0.0039071
184 0.00390712
185 0.00390717
186 0.00390724
187 0.00390718
188 0.00390734
189 0.00390735
190 0.0039074
191 0.00390744
192 0.00390754
193 0.00390768
194 0.0039076
195 0.00390763
196 0.00390768
197 0.00390772
198 0.00390778
199 0.00390781
200 0.00390789
201 0.00390794
202 0.00390801
203 0.00390804
204 0.00390811
205 0.00390812
206 0.0039082
207 0.00390825
208 0.0039083
209 0.00390834
210 0.00390832
211 0.00390843
212 0.00390847
213 0.00390853
214 0.00390858
215 0.00390861
216 0.00390868
217 0.00390874
218 0.0039088
219 0.00390886
220 0.0039089
221 0.00390897
222 0.00390903
223 0.00390908
224 0.00390915
225 0.00390919
226 0.00390926
227 0.0039093
228 0.00390936
229 0.00390943
230 0.00390949
231 0.00390952
232 0.00390961
233 0.00390966
234 0.00390972
235 0.00390978
236 0.00390987
237 0.00390991
238 0.00390996
239 0.00391
240 0.00391012
241 0.00391016
242 0.00391025
243 0.00391026
244 0.00391037
245 0.00391043
246 0.00391051
247 0.00391054
248 0.00391063
249 0.00391071
250 0.00391078
251 0.00391078
252 0.00391069
253 0.00391097
254 0.00391108
255 0.00391114
