0 0.00391174
1 0.00390496
2 0.00390498
3 0.00390497
4 0.00390505
5 0.00390501
6 0.003905
7 0.00390501
8 0.00390502
9 0.00390504
10 0.00390506
11 0.00390508
12 0.00390506
13 0.00390508
14 0.00390509
15 0.0039051
16 0.00390512
17 0.00390512
18 0.00390512
19 0.00390513
20 0.00390515
21 0.00390516
22 0.00390515
23 0.00390516
24 0.00390519
25 0.0039052
26 0.0039052
27 0.00390519
28 0.00390523
29 0.00390524
30 0.00390526
31 0.00390524
32 0.00390529
33 0.00390527
34 0.00390529
35 0.00390531
36 0.00390531
37 0.00390532
38 0.00390533
39 0.00390534
40 0.00390534
41 0.00390536
42 0.00390536
43 0.00390535
44 0.00390538
45 0.00390538
46 0.00390542
47 0.00390541
48 0.00390545
49 0.00390541
50 0.00390543
51 0.00390548
52 0.00390546
53 0.00390547
54 0.00390549
55 0.00390549
56 0.0039055
57 0.00390551
58 0.00390551
59 0.00390553
60 0.00390553
61 0.00390555
62 0.00390555
63 0.00390555
64 0.00390559
65 0.00390555
66 0.00390559
67 0.00390558
68 0.0039056
69 0.00390563
70 0.00390562
71 0.00390565
72 0.00390565
73 0.00390565
74 0.00390568
75 0.00390569
76 0.00390571
77 0.00390572
78 0.00390572
79 0.00390573
80 0.00390574
81 0.00390573
82 0.00390576
83 0.00390577
84 0.00390577
85 0.00390577
86 0.00390578
87 0.00390578
88 0.00390582
89 0.00390581
90 0.00390581
91 0.00390584
92 0.00390583
93 0.00390588
94 0.00390585
95 0.00390587
96 0.00390588
97 0.00390589
98 0.00390589
99 0.00390591
100 0.00390591
101 0.00390591
102 0.00390593
103 0.00390595
104 0.00390594
105 0.00390594
106 0.00390597
107 0.00390598
108 0.00390598
109 0.00390597
110 0.00390601
111 0.00390599
112 0.00390601
113 0.00390603
114 0.00390602
115 0.00390602
116 0.00390603
117 0.00390605
118 0.00390602
119 0.00390605
120 0.00390606
121 0.00390607
122 0.00390608
123 0.00390607
124 0.00390607
125 0.00390608
126 0.0039061
127 0.0039061
128 0.00390614
129 0.00390612
130 0.00390613
131 0.00390612
132 0.00390613
133 0.00390615
134 0.00390614
135 0.00390615
136 0.00390616
137 0.00390618
138 0.00390618
139 0.00390618
140 0.00390616
141 0.00390617
142 0.00390621
143 0.0039062
144 0.0039062
145 0.00390621
146 0.0039062
147 0.00390622
148 0.00390622
149 0.00390621
150 0.00390622
151 0.00390624
152 0.00390623
153 0.00390624
154 0.00390625
155 0.00390626
156 0.00390624
157 0.00390624
158 0.00390627
159 0.00390626
160 0.00390625
161 0.00390626
162 0.00390625
163 0.00390628
164 0.00390627
165 0.00390629
166 0.00390628
167 0.00390627
168 0.00390627
169 0.00390628
170 0.00390629
171 0.00390629
172 0.00390629
173 0.00390628
174 0.00390628
175 0.00390628
176 0.00390628
177 0.00390631
178 0.0039063
179 0.0039063
180 0.00390629
181 0.00390629
182 0.0039063
183 0.00390631
184 0.00390612
185 0.00390754
186 0.00390653
187 0.00390661
188 0.00390659
189 0.0039066
190 0.0039066
191 0.00390663
192 0.00390666
193 0.00390668
194 0.00390671
195 0.00390673
196 0.00390674
197 0.00390677
198 0.0039068
199 0.00390684
200 0.00390685
201 0.00390688
202 0.00390689
203 0.00390693
204 0.00390694
205 0.00390698
206 0.00390696
207 0.003907
208 0.00390705
209 0.00390707
210 0.00390709
211 0.00390713
212 0.00390714
213 0.00390717
214 0.00390722
215 0.00390724
216 0.00390724
217 0.00390728
218 0.00390731
219 0.00390733
220 0.00390734
221 0.00390738
222 0.00390739
223 0.00390744
224 0.00390748
225 0.0039075
226 0.00390752
227 0.00390754
228 0.00390758
229 0.00390763
230 0.00390763
231 0.00390767
232 0.00390771
233 0.00390772
234 0.00390776
235 0.0039078
236 0.00390783
237 0.00390785
238 0.00390785
239 0.00390791
240 0.00390795
241 0.00390799
242 0.00390802
243 0.00390804
244 0.00390806
245 0.0039081
246 0.00390812
247 0.00390817
248 0.0039082
249 0.00390823
250 0.00390827
251 0.00390832
252 0.00390836
253 0.00390838
254 0.00390841
255 0.00390846
