0 0.00391538
1 0.00390445
2 0.00390444
3 0.00390444
4 0.00390458
5 0.00390449
6 0.00390452
7 0.00390452
8 0.00390457
9 0.00390456
10 0.00390459
11 0.00390459
12 0.00390461
13 0.0039046
14 0.00390466
15 0.00390466
16 0.00390468
17 0.00390465
18 0.00390469
19 0.00390471
20 0.00390471
21 0.00390475
22 0.00390476
23 0.00390476
24 0.00390476
25 0.00390479
26 0.0039048
27 0.00390481
28 0.00390484
29 0.00390486
30 0.00390488
31 0.0039049
32 0.00390478
33 0.00390478
34 0.00390491
35 0.00390496
36 0.00390495
37 0.00390496
38 0.00390497
39 0.00390497
40 0.00390502
41 0.00390503
42 0.00390502
43 0.00390505
44 0.00390506
45 0.00390506
46 0.00390508
47 0.00390511
48 0.00390512
49 0.00390517
50 0.00390514
51 0.00390516
52 0.00390516
53 0.00390516
54 0.00390519
55 0.00390519
56 0.00390513
57 0.00390524
58 0.00390524
59 0.00390527
60 0.00390528
61 0.00390529
62 0.0039053
63 0.00390532
64 0.00390538
65 0.00390534
66 0.00390534
67 0.0039054
68 0.00390537
69 0.00390539
70 0.0039054
71 0.00390543
72 0.00390544
73 0.00390545
74 0.00390545
75 0.00390547
76 0.00390548
77 0.0039055
78 0.00390549
79 0.00390552
80 0.00390554
81 0.00390553
82 0.00390555
83 0.00390558
84 0.00390558
85 0.00390559
86 0.00390561
87 0.00390564
88 0.00390564
89 0.00390562
90 0.00390567
91 0.00390568
92 0.00390568
93 0.00390569
94 0.00390569
95 0.0039057
96 0.00390577
97 0.00390574
98 0.00390574
99 0.00390577
100 0.00390577
101 0.00390579
102 0.00390577
103 0.00390579
104 0.0039058
105 0.00390582
106 0.00390583
107 0.00390583
108 0.00390585
109 0.00390587
110 0.00390592
111 0.00390555
112 0.00391092
113 0.00390479
114 0.00390484
115 0.00390481
116 0.00390486
117 0.00390487
118 0.0039049
119 0.00390492
120 0.00390495
121 0.00390495
122 0.00390497
123 0.00390499
124 0.00390501
125 0.00390503
126 0.00390507
127 0.0039051
128 0.00390522
129 0.00390515
130 0.00390514
131 0.00390517
132 0.00390519
133 0.00390522
134 0.00390523
135 0.00390526
136 0.0039053
137 0.0039053
138 0.00390533
139 0.00390536
140 0.00390539
141 0.00390541
142 0.00390544
143 0.00390552
144 0.00391589
145 0.00390556
146 0.00390561
147 0.00390566
148 0.0039057
149 0.0039057
150 0.00390571
151 0.00390575
152 0.00390579
153 0.00390582
154 0.00390584
155 0.00390586
156 0.0039059
157 0.00390591
158 0.00390597
159 0.00390599
160 0.00390598
161 0.00390604
162 0.00390605
163 0.00390609
164 0.0039061
165 0.00390613
166 0.00390616
167 0.0039062
168 0.00390622
169 0.00390626
170 0.00390626
171 0.0039063
172 0.00390633
173 0.00390637
174 0.00390641
175 0.00390643
176 0.00390648
177 0.00390651
178 0.00390653
179 0.00390655
180 0.00390658
181 0.00390664
182 0.00390667
183 0.00390669
184 0.00390667
185 0.00390676
186 0.00390678
187 0.00390684
188 0.00390685
189 0.0039069
190 0.00390691
191 0.00390698
192 0.00390697
193 0.00390701
194 0.00390705
195 0.00390711
196 0.00390714
197 0.00390715
198 0.00390721
199 0.00390722
200 0.00390726
201 0.00390731
202 0.00390736
203 0.00390737
204 0.00390743
205 0.00390745
206 0.00390749
207 0.00390755
208 0.00390758
209 0.00390762
210 0.00390766
211 0.00390769
212 0.00390772
213 0.00390777
214 0.0039078
215 0.00390785
216 0.0039079
217 0.00390793
218 0.00390796
219 0.00390802
220 0.00390806
221 0.00390809
222 0.00390814
223 0.00390818
224 0.00390823
225 0.00390828
226 0.0039083
227 0.00390836
228 0.0039084
229 0.00390847
230 0.0039085
231 0.00390854
232 0.0039086
233 0.00390863
234 0.00390866
235 0.00390871
236 0.00390877
237 0.00390882
238 0.00390886
239 0.00390893
240 0.0039089
241 0.00390905
242 0.00390906
243 0.00390912
244 0.00390915
245 0.00390921
246 0.00390925
247 0.00390931
248 0.00390937
249 0.0039094
250 0.00390947
251 0.00390952
252 0.00390957
253 0.00390962
254 0.00390967
255 0.00390974
