0 0.00391295
1 0.00390471
2 0.00390473
3 0.00390471
4 0.00390482
5 0.00390475
6 0.00390476
7 0.00390478
8 0.00390481
9 0.00390478
10 0.00390479
11 0.00390483
12 0.00390485
13 0.00390485
14 0.00390487
15 0.00390487
16 0.00390489
17 0.00390489
18 0.00390491
19 0.00390493
20 0.00390495
21 0.00390493
22 0.00390495
23 0.00390498
24 0.00390499
25 0.003905
26 0.00390501
27 0.00390501
28 0.00390504
29 0.00390503
30 0.00390506
31 0.00390506
32 0.00390508
33 0.00390507
34 0.00390512
35 0.0039051
36 0.00390512
37 0.00390514
38 0.00390512
39 0.00390516
40 0.00390516
41 0.00390517
42 0.00390519
43 0.0039052
44 0.00390521
45 0.00390521
46 0.00390523
47 0.00390523
48 0.00390527
49 0.00390527
50 0.00390529
51 0.0039053
52 0.00390529
53 0.00390532
54 0.00390532
55 0.00390535
56 0.00390535
57 0.00390535
58 0.00390535
59 0.00390541
60 0.00390538
61 0.00390539
62 0.00390539
63 0.00390544
64 0.00390545
65 0.00390545
66 0.00390545
67 0.00390546
68 0.00390547
69 0.0039055
70 0.0039055
71 0.00390552
72 0.00390551
73 0.00390553
74 0.00390554
75 0.00390557
76 0.00390557
77 0.00390559
78 0.00390561
79 0.0039056
80 0.00390563
81 0.0039056
82 0.00390562
83 0.00390565
84 0.00390565
85 0.00390567
86 0.00390565
87 0.00390568
88 0.00390568
89 0.0039057
90 0.0039057
91 0.00390571
92 0.00390576
93 0.00390574
94 0.00390576
95 0.00390575
96 0.00390579
97 0.0039058
98 0.00390579
99 0.00390581
100 0.00390582
101 0.00390583
102 0.00390583
103 0.00390584
104 0.00390586
105 0.00390589
106 0.00390589
107 0.00390591
108 0.00390591
109 0.00390593
110 0.00390593
111 0.00390595
112 0.00390594
113 0.00390596
114 0.00390596
115 0.00390596
116 0.00390598
117 0.00390599
118 0.00390601
119 0.00390599
120 0.00390601
121 0.00390602
122 0.00390602
123 0.00390605
124 0.00390604
125 0.00390606
126 0.00390605
127 0.00390608
128 0.00390612
129 0.00390608
130 0.00390611
131 0.0039061
132 0.00390609
133 0.00390611
134 0.00390611
135 0.00390611
136 0.00390611
137 0.00390614
138 0.00390613
139 0.00390615
140 0.00390616
141 0.00390616
142 0.00390616
143 0.00390615
144 0.00390615
145 0.00390617
146 0.00390618
147 0.00390617
148 0.00390618
149 0.00390618
150 0.0039062
151 0.00390619
152 0.00390619
153 0.00390626
154 0.00390599
155 0.00390856
156 0.00390588
157 0.00390597
158 0.00390596
159 0.00390596
160 0.003906
161 0.00390602
162 0.00390603
163 0.00390604
164 0.00390606
165 0.00390609
166 0.00390614
167 0.00390615
168 0.00390617
169 0.00390619
170 0.00390623
171 0.00390626
172 0.00390627
173 0.00390629
174 0.00390631
175 0.00390632
176 0.00390634
177 0.00390639
178 0.00390639
179 0.00390644
180 0.00390646
181 0.00390651
182 0.00390649
183 0.00390654
184 0.00390654
185 0.00390657
186 0.00390661
187 0.00390662
188 0.00390668
189 0.00390669
190 0.00390673
191 0.00390675
192 0.00390679
193 0.0039068
194 0.00390682
195 0.00390684
196 0.00390689
197 0.0039069
198 0.00390693
199 0.00390697
200 0.00390701
201 0.00390704
202 0.00390707
203 0.00390707
204 0.0039071
205 0.00390711
206 0.00390718
207 0.00390718
208 0.00390724
209 0.00390726
210 0.00390728
211 0.0039073
212 0.00390735
213 0.00390737
214 0.0039074
215 0.00390744
216 0.00390745
217 0.0039075
218 0.00390754
219 0.00390758
220 0.0039076
221 0.00390763
222 0.00390767
223 0.00390771
224 0.00390773
225 0.00390778
226 0.00390779
227 0.00390783
228 0.00390788
229 0.00390791
230 0.00390794
231 0.00390798
232 0.00390803
233 0.00390805
234 0.00390808
235 0.00390814
236 0.00390817
237 0.00390819
238 0.00390825
239 0.00390827
240 0.00390831
241 0.00390835
242 0.00390839
243 0.00390843
244 0.00390846
245 0.00390851
246 0.00390854
247 0.00390859
248 0.00390862
249 0.00390867
250 0.00390871
251 0.00390875
252 0.00390879
253 0.00390882
254 0.00390887
255 0.00390893
