0 0.00391675
1 0.00390433
2 0.00390438
3 0.00390434
4 0.00390452
5 0.0039044
6 0.00390443
7 0.00390446
8 0.00390449
9 0.0039045
10 0.00390451
11 0.00390451
12 0.00390455
13 0.00390455
14 0.00390457
15 0.00390457
16 0.00390462
17 0.00390462
18 0.00390466
19 0.00390466
20 0.00390466
21 0.00390469
22 0.00390471
23 0.00390471
24 0.00390475
25 0.00390474
26 0.00390478
27 0.00390478
28 0.00390481
29 0.0039048
30 0.00390483
31 0.00390486
32 0.00390492
33 0.00390487
34 0.0039049
35 0.00390491
36 0.00390495
37 0.00390495
38 0.00390497
39 0.00390498
40 0.00390501
41 0.00390501
42 0.00390503
43 0.00390505
44 0.00390505
45 0.00390506
46 0.00390508
47 0.00390516
48 0.00390514
49 0.00390514
50 0.00390516
51 0.00390516
52 0.00390519
53 0.00390522
54 0.00390524
55 0.00390523
56 0.00390524
57 0.00390528
58 0.00390529
59 0.00390531
60 0.00390531
61 0.00390532
62 0.00390532
63 0.00390536
64 0.00390549
65 0.00390539
66 0.0039054
67 0.00390542
68 0.0039054
69 0.00390545
70 0.00390545
71 0.00390547
72 0.0039055
73 0.00390548
74 0.0039055
75 0.00390554
76 0.00390555
77 0.00390555
78 0.00390559
79 0.00390558
80 0.00390565
81 0.00390561
82 0.00390563
83 0.00390564
84 0.00390566
85 0.00390565
86 0.00390568
87 0.00390569
88 0.0039057
89 0.00390572
90 0.00390577
91 0.0039058
92 0.00390541
93 0.00391287
94 0.00390441
95 0.00390448
96 0.00390445
97 0.00390449
98 0.0039045
99 0.00390452
100 0.00390454
101 0.00390455
102 0.00390457
103 0.0039046
104 0.0039046
105 0.00390465
106 0.00390467
107 0.0039047
108 0.00390472
109 0.00390475
110 0.00390475
111 0.00390478
112 0.00390482
113 0.00390482
114 0.00390483
115 0.00390489
116 0.00390489
117 0.00390491
118 0.00390494
119 0.00390496
120 0.003905
121 0.00390502
122 0.00390505
123 0.00390506
124 0.00390509
125 0.00390509
126 0.00390512
127 0.00390517
128 0.00390533
129 0.00390519
130 0.00390521
131 0.00390524
132 0.00390526
133 0.00390532
134 0.00390533
135 0.00390534
136 0.00390539
137 0.0039054
138 0.00390543
139 0.00390546
140 0.00390549
141 0.00390551
142 0.00390554
143 0.00390557
144 0.0039056
145 0.00390562
146 0.00390567
147 0.00390568
148 0.00390571
149 0.00390572
150 0.00390574
151 0.00390579
152 0.00390582
153 0.00390585
154 0.00390588
155 0.00390591
156 0.00390596
157 0.00390596
158 0.003906
159 0.00390603
160 0.00390606
161 0.0039061
162 0.00390613
163 0.00390614
164 0.0039062
165 0.00390622
166 0.00390627
167 0.0039063
168 0.00390636
169 0.00390635
170 0.0039064
171 0.00390644
172 0.00390648
173 0.00390651
174 0.00390653
175 0.00390662
176 0.00390661
177 0.00390664
178 0.00390667
179 0.00390673
180 0.00390676
181 0.00390678
182 0.00390681
183 0.00390687
184 0.00390689
185 0.00390694
186 0.00390698
187 0.00390699
188 0.00390705
189 0.00390709
190 0.00390712
191 0.00390718
192 0.00390721
193 0.00390722
194 0.00390728
195 0.00390732
196 0.00390736
197 0.00390738
198 0.00390743
199 0.00390748
200 0.0039075
201 0.00390754
202 0.00390759
203 0.00390762
204 0.00390768
205 0.00390772
206 0.00390774
207 0.00390781
208 0.00390782
209 0.00390788
210 0.00390793
211 0.00390796
212 0.00390803
213 0.00390804
214 0.00390809
215 0.00390815
216 0.0039082
217 0.00390824
218 0.00390829
219 0.00390831
220 0.00390837
221 0.00390836
222 0.0039085
223 0.00390852
224 0.00390857
225 0.00390861
226 0.00390867
227 0.00390873
228 0.00390876
229 0.00390881
230 0.00390885
231 0.00390889
232 0.00390895
233 0.003909
234 0.00390906
235 0.0039091
236 0.00390915
237 0.00390918
238 0.00390926
239 0.00390931
240 0.00390936
241 0.00390943
242 0.00390947
243 0.00390952
244 0.00390955
245 0.00390962
246 0.00390969
247 0.00390973
248 0.00390981
249 0.00390985
250 0.0039099
251 0.00390995
252 0.00391002
253 0.00391007
254 0.00391012
255 0.00391021
