0 0.00392396
1 0.00390431
2 0.0039043
3 0.00390429
4 0.00390462
5 0.00390445
6 0.00390447
7 0.0039045
8 0.00390469
9 0.00390456
10 0.00390457
11 0.00390466
12 0.00390472
13 0.00390466
14 0.00390468
15 0.00390471
16 0.00390476
17 0.00390476
18 0.00390477
19 0.00390476
20 0.00390483
21 0.00390498
22 0.00390423
23 0.00392511
24 0.00390252
25 0.0039026
26 0.00390257
27 0.0039026
28 0.00390263
29 0.00390268
30 0.00390266
31 0.00390304
32 0.0039028
33 0.00390272
34 0.0039028
35 0.00390277
36 0.00390284
37 0.00390283
38 0.00390286
39 0.00390284
40 0.00390294
41 0.00390291
42 0.00390296
43 0.00390296
44 0.00390302
45 0.00390301
46 0.00390305
47 0.00390312
48 0.0039031
49 0.00390315
50 0.00390316
51 0.00390319
52 0.00390322
53 0.00390322
54 0.00390323
55 0.00390329
56 0.0039033
57 0.0039033
58 0.00390332
59 0.00390336
60 0.00390341
61 0.00390343
62 0.00390343
63 0.00390344
64 0.00390355
65 0.00390352
66 0.00390356
67 0.00390356
68 0.00390359
69 0.0039036
70 0.00390366
71 0.00390364
72 0.00390368
73 0.00390371
74 0.00390372
75 0.00390375
76 0.00390377
77 0.00390379
78 0.00390382
79 0.00390387
80 0.0039039
81 0.0039039
82 0.00390392
83 0.00390393
84 0.00390398
85 0.003904
86 0.00390407
87 0.00390406
88 0.00390408
89 0.00390411
90 0.00390414
91 0.00390415
92 0.00390419
93 0.0039042
94 0.00390425
95 0.00390428
96 0.00390431
97 0.00390434
98 0.00390433
99 0.00390439
100 0.00390442
101 0.00390443
102 0.00390446
103 0.00390452
104 0.00390452
105 0.00390456
106 0.0039046
107 0.00390463
108 0.00390469
109 0.0039047
110 0.00390477
111 0.00390484
112 0.00390484
113 0.0039048
114 0.00390482
115 0.00390485
116 0.00390489
117 0.00390489
118 0.00390494
119 0.00390492
120 0.00390493
121 0.00390488
122 0.00390499
123 0.00390503
124 0.00390506
125 0.00390513
126 0.00390515
127 0.00390518
128 0.00390553
129 0.00390594
130 0.00390533
131 0.00390536
132 0.00390541
133 0.0039056
134 0.00390545
135 0.00390548
136 0.00390551
137 0.00390554
138 0.00390558
139 0.00390563
140 0.00390577
141 0.00390576
142 0.00390575
143 0.00390588
144 0.00390588
145 0.0039059
146 0.00390593
147 0.00390597
148 0.00390603
149 0.00390607
150 0.00390618
151 0.00390607
152 0.00390623
153 0.00390627
154 0.00390628
155 0.00390632
156 0.00390635
157 0.00390638
158 0.00390641
159 0.00390656
160 0.00390652
161 0.00390655
162 0.00390658
163 0.00390664
164 0.00390666
165 0.00390669
166 0.00390676
167 0.00390679
168 0.00390686
169 0.00390688
170 0.00390695
171 0.00390699
172 0.00390702
173 0.00390707
174 0.00390713
175 0.00390715
176 0.00390722
177 0.00390725
178 0.00390731
179 0.00390735
180 0.0039074
181 0.00390743
182 0.0039075
183 0.00390753
184 0.0039076
185 0.00390766
186 0.00390761
187 0.00390772
188 0.00390778
189 0.00390783
190 0.00390789
191 0.00390792
192 0.00390802
193 0.00390805
194 0.00390809
195 0.00390813
196 0.00390822
197 0.00390825
198 0.0039083
199 0.00390832
200 0.00390843
201 0.00390846
202 0.00390854
203 0.00390858
204 0.00390863
205 0.0039087
206 0.00390876
207 0.00390882
208 0.00390891
209 0.00390895
210 0.003909
211 0.00390908
212 0.00390912
213 0.0039092
214 0.00390928
215 0.00390929
216 0.0039093
217 0.00390939
218 0.0039095
219 0.00390954
220 0.0039096
221 0.00390967
222 0.00390973
223 0.00390981
224 0.00390992
225 0.00390994
226 0.00391004
227 0.00391006
228 0.00391014
229 0.00391022
230 0.00391031
231 0.00391033
232 0.00391053
233 0.00391038
234 0.00391055
235 0.00391062
236 0.00391075
237 0.00391075
238 0.00391089
239 0.00391093
240 0.00391106
241 0.00391103
242 0.00391126
243 0.00391119
244 0.00391138
245 0.00391131
246 0.00391157
247 0.00391145
248 0.00391114
249 0.00391161
250 0.00391182
251 0.00391186
252 0.00391196
253 0.00391202
254 0.0039121
255 0.00391224
