0 0.00391505
1 0.00390444
2 0.00390446
3 0.00390446
4 0.0039046
5 0.00390452
6 0.00390455
7 0.00390457
8 0.00390458
9 0.00390458
10 0.0039046
11 0.0039046
12 0.00390461
13 0.00390464
14 0.00390465
15 0.00390467
16 0.0039047
17 0.0039047
18 0.00390472
19 0.00390472
20 0.00390474
21 0.00390475
22 0.00390476
23 0.00390479
24 0.0039048
25 0.00390481
26 0.00390483
27 0.00390484
28 0.00390486
29 0.00390486
30 0.00390488
31 0.00390489
32 0.00390493
33 0.00390494
34 0.00390494
35 0.00390495
36 0.00390501
37 0.00390497
38 0.00390499
39 0.00390502
40 0.00390504
41 0.00390505
42 0.00390506
43 0.00390507
44 0.00390507
45 0.0039051
46 0.00390511
47 0.00390512
48 0.00390512
49 0.00390514
50 0.00390516
51 0.00390519
52 0.00390519
53 0.0039052
54 0.00390522
55 0.00390524
56 0.00390522
57 0.00390527
58 0.00390529
59 0.00390534
60 0.00390531
61 0.00390532
62 0.00390533
63 0.00390533
64 0.00390543
65 0.00390538
66 0.00390539
67 0.00390541
68 0.00390539
69 0.0039054
70 0.0039054
71 0.00390543
72 0.00390548
73 0.00390547
74 0.00390551
75 0.0039055
76 0.00390552
77 0.00390553
78 0.00390556
79 0.00390556
80 0.00390555
81 0.00390559
82 0.0039056
83 0.0039056
84 0.00390563
85 0.00390562
86 0.00390563
87 0.00390564
88 0.00390566
89 0.00390567
90 0.00390571
91 0.00390571
92 0.0039057
93 0.00390573
94 0.00390574
95 0.00390576
96 0.00390578
97 0.00390579
98 0.00390578
99 0.0039058
100 0.0039058
101 0.00390583
102 0.00390583
103 0.00390585
104 0.00390584
105 0.00390586
106 0.00390588
107 0.0039059
108 0.00390588
109 0.00390591
110 0.00390591
111 0.00390592
112 0.00390594
113 0.00390594
114 0.00390596
115 0.00390602
116 0.00390568
117 0.00391069
118 0.003905
119 0.00390505
120 0.00390503
121 0.00390506
122 0.00390508
123 0.00390511
124 0.00390511
125 0.00390514
126 0.00390517
127 0.00390521
128 0.00390533
129 0.00390524
130 0.00390524
131 0.00390528
132 0.00390531
133 0.00390532
134 0.00390534
135 0.00390536
136 0.00390539
137 0.0039054
138 0.00390544
139 0.00390545
140 0.00390549
141 0.00390551
142 0.00390557
143 0.00390559
144 0.00390561
145 0.00390565
146 0.00390566
147 0.00390569
148 0.00390572
149 0.00390572
150 0.00390577
151 0.00390578
152 0.00390581
153 0.00390583
154 0.00390587
155 0.00390591
156 0.00390593
157 0.00390596
158 0.00390596
159 0.003906
160 0.00390604
161 0.00390605
162 0.00390609
163 0.00390612
164 0.00390613
165 0.00390614
166 0.00390617
167 0.00390621
168 0.00390626
169 0.00390627
170 0.00390631
171 0.00390635
172 0.00390638
173 0.00390638
174 0.00390642
175 0.00390645
176 0.00390649
177 0.00390654
178 0.00390654
179 0.00390657
180 0.0039066
181 0.00390666
182 0.00390668
183 0.0039067
184 0.00390672
185 0.00390675
186 0.00390678
187 0.00390685
188 0.00390686
189 0.00390689
190 0.00390695
191 0.00390697
192 0.00390701
193 0.00390703
194 0.00390704
195 0.00390709
196 0.00390712
197 0.00390716
198 0.00390719
199 0.00390723
200 0.00390725
201 0.00390731
202 0.00390734
203 0.00390739
204 0.00390743
205 0.00390744
206 0.00390748
207 0.00390751
208 0.00390758
209 0.00390762
210 0.00390764
211 0.00390767
212 0.00390772
213 0.00390775
214 0.0039078
215 0.00390785
216 0.00390787
217 0.00390792
218 0.00390796
219 0.00390798
220 0.00390803
221 0.00390806
222 0.00390811
223 0.00390817
224 0.00390821
225 0.00390826
226 0.00390829
227 0.00390831
228 0.00390836
229 0.00390841
230 0.00390846
231 0.00390851
232 0.00390855
233 0.00390858
234 0.00390862
235 0.00390868
236 0.00390871
237 0.00390877
238 0.00390883
239 0.00390885
240 0.00390891
241 0.00390895
242 0.003909
243 0.00390905
244 0.00390912
245 0.0039091
246 0.00390923
247 0.00390924
248 0.00390929
249 0.00390934
250 0.00390941
251 0.00390944
252 0.0039095
253 0.00390954
254 0.00390957
255 0.00390966
