0 0.00392055
1 0.00390427
2 0.00390427
3 0.00390419
4 0.00390449
5 0.00390402
6 0.00390441
7 0.00390441
8 0.00390444
9 0.00390443
10 0.00390445
11 0.00390449
12 0.00390452
13 0.00390453
14 0.00390457
15 0.00390459
16 0.00390503
17 0.00390459
18 0.0039046
19 0.0039047
20 0.00390466
21 0.00390465
22 0.00390471
23 0.00390475
24 0.00390476
25 0.00390478
26 0.00390464
27 0.00390481
28 0.00390485
29 0.00390483
30 0.00390486
31 0.00390491
32 0.0039051
33 0.00390492
34 0.00390493
35 0.00390509
36 0.00390496
37 0.00390504
38 0.00390505
39 0.00390506
40 0.00390506
41 0.00390509
42 0.00390512
43 0.00390514
44 0.00390517
45 0.00390516
46 0.00390521
47 0.0039052
48 0.00390541
49 0.00390528
50 0.00390535
51 0.00390476
52 0.00391863
53 0.00390336
54 0.00390342
55 0.0039034
56 0.0039034
57 0.00390343
58 0.00390344
59 0.00390348
60 0.0039035
61 0.00390354
62 0.00390355
63 0.00390353
64 0.00390367
65 0.0039036
66 0.00390364
67 0.00390365
68 0.00390367
69 0.00390369
70 0.00390371
71 0.00390373
72 0.00390375
73 0.00390377
74 0.00390379
75 0.00390379
76 0.00390383
77 0.00390384
78 0.00390388
79 0.00390395
80 0.00390394
81 0.00390394
82 0.00390396
83 0.003904
84 0.00390399
85 0.00390403
86 0.00390406
87 0.00390407
88 0.00390411
89 0.00390412
90 0.00390415
91 0.00390419
92 0.00390423
93 0.00390424
94 0.00390426
95 0.00390426
96 0.00390436
97 0.00390442
98 0.00390433
99 0.00390437
100 0.00390439
101 0.00390442
102 0.00390445
103 0.00390447
104 0.0039045
105 0.00390453
106 0.00390456
107 0.00390457
108 0.00390461
109 0.00390464
110 0.00390468
111 0.00390472
112 0.00390475
113 0.00390474
114 0.00390484
115 0.00390485
116 0.00390481
117 0.00390486
118 0.00390491
119 0.00390493
120 0.00390488
121 0.00390496
122 0.003905
123 0.00390501
124 0.00390507
125 0.00390509
126 0.00390511
127 0.00390517
128 0.00390546
129 0.00390521
130 0.00390522
131 0.00390525
132 0.00390529
133 0.00390532
134 0.00390538
135 0.0039054
136 0.00390543
137 0.00390545
138 0.0039055
139 0.00390554
140 0.00390556
141 0.0039056
142 0.00390565
143 0.00390566
144 0.00390572
145 0.00390576
146 0.00390579
147 0.0039058
148 0.00390586
149 0.00390585
150 0.00390593
151 0.00390597
152 0.00390598
153 0.00390605
154 0.00390602
155 0.0039061
156 0.00390614
157 0.00390617
158 0.00390622
159 0.00390625
160 0.00390631
161 0.0039063
162 0.00390633
163 0.00390636
164 0.0039064
165 0.00390644
166 0.0039065
167 0.00390653
168 0.0039066
169 0.00390661
170 0.00390665
171 0.00390667
172 0.00390678
173 0.00390677
174 0.00390682
175 0.00390686
176 0.003907
177 0.00390713
178 0.00390706
179 0.00390707
180 0.00390706
181 0.00390714
182 0.00390718
183 0.00390723
184 0.00390728
185 0.00390732
186 0.00390735
187 0.00390739
188 0.00390744
189 0.00390747
190 0.00390753
191 0.00390758
192 0.00390769
193 0.00390763
194 0.00390772
195 0.00390775
196 0.00390779
197 0.00390783
198 0.0039079
199 0.00390794
200 0.003908
201 0.00390803
202 0.00390811
203 0.00390814
204 0.00390821
205 0.00390822
206 0.00390831
207 0.00390839
208 0.00390846
209 0.00390847
210 0.00390854
211 0.00390859
212 0.00390866
213 0.00390869
214 0.00390877
215 0.00390878
216 0.00390888
217 0.00390891
218 0.00390899
219 0.00390903
220 0.00390911
221 0.00390915
222 0.00390926
223 0.00390939
224 0.00390942
225 0.00390938
226 0.00390942
227 0.00390946
228 0.00390951
229 0.00390963
230 0.00390964
231 0.00390971
232 0.00390976
233 0.00390984
234 0.00390991
235 0.00390997
236 0.00391001
237 0.0039101
238 0.00391018
239 0.00391021
240 0.00391033
241 0.00391038
242 0.0039105
243 0.00391049
244 0.00391051
245 0.00391045
246 0.0039107
247 0.00391079
248 0.00391086
249 0.00391094
250 0.00391092
251 0.00391098
252 0.00391109
253 0.00391116
254 0.00391128
255 0.00391134
