0 0.00391007
1 0.00390561
2 0.00390562
3 0.00390562
4 0.00390564
5 0.00390562
6 0.00390565
7 0.00390564
8 0.00390567
9 0.00390566
10 0.00390567
11 0.00390567
12 0.00390568
13 0.00390568
14 0.00390569
15 0.00390571
16 0.00390572
17 0.00390572
18 0.00390571
19 0.00390572
20 0.00390573
21 0.00390574
22 0.00390573
23 0.00390574
24 0.00390575
25 0.00390576
26 0.00390577
27 0.00390576
28 0.00390579
29 0.00390579
30 0.00390581
31 0.0039058
32 0.00390581
33 0.00390582
34 0.00390582
35 0.00390581
36 0.00390582
37 0.00390584
38 0.00390584
39 0.00390585
40 0.00390586
41 0.00390585
42 0.00390585
43 0.00390586
44 0.00390588
45 0.00390589
46 0.00390589
47 0.00390588
48 0.00390591
49 0.00390593
50 0.00390593
51 0.00390592
52 0.00390591
53 0.00390592
54 0.00390594
55 0.00390595
56 0.00390595
57 0.00390596
58 0.00390598
59 0.00390598
60 0.003906
61 0.00390599
62 0.00390599
63 0.003906
64 0.003906
65 0.00390602
66 0.00390601
67 0.00390602
68 0.00390603
69 0.00390602
70 0.00390604
71 0.00390605
72 0.00390606
73 0.00390607
74 0.00390605
75 0.00390608
76 0.00390608
77 0.00390607
78 0.0039061
79 0.0039061
80 0.00390611
81 0.00390612
82 0.00390611
83 0.00390612
84 0.00390611
85 0.00390614
86 0.00390615
87 0.00390614
88 0.00390614
89 0.00390615
90 0.00390617
91 0.0039062
92 0.00390616
93 0.00390618
94 0.00390618
95 0.00390621
96 0.00390619
97 0.00390621
98 0.00390621
99 0.0039062
100 0.00390623
101 0.00390623
102 0.00390622
103 0.00390624
104 0.00390625
105 0.00390623
106 0.00390624
107 0.00390625
108 0.00390626
109 0.00390626
110 0.00390626
111 0.00390628
112 0.00390629
113 0.00390628
114 0.00390628
115 0.00390631
116 0.0039063
117 0.0039063
118 0.00390631
119 0.00390633
120 0.00390634
121 0.00390632
122 0.00390635
123 0.00390635
124 0.00390634
125 0.00390631
126 0.00390637
127 0.00390636
128 0.00390639
129 0.00390634
130 0.00390639
131 0.00390639
132 0.00390638
133 0.00390639
134 0.00390639
135 0.00390639
136 0.00390639
137 0.0039064
138 0.0039064
139 0.00390641
140 0.00390641
141 0.00390643
142 0.00390641
143 0.00390643
144 0.00390644
145 0.00390643
146 0.00390643
147 0.00390644
148 0.00390646
149 0.00390643
150 0.00390644
151 0.00390644
152 0.00390646
153 0.00390645
154 0.00390646
155 0.00390646
156 0.00390645
157 0.00390645
158 0.00390647
159 0.00390647
160 0.00390647
161 0.00390648
162 0.00390646
163 0.00390648
164 0.00390648
165 0.00390647
166 0.00390646
167 0.00390648
168 0.0039065
169 0.0039065
170 0.00390649
171 0.00390649
172 0.00390649
173 0.00390647
174 0.0039065
175 0.00390649
176 0.00390651
177 0.0039065
178 0.0039065
179 0.00390648
180 0.0039065
181 0.00390649
182 0.00390649
183 0.00390649
184 0.0039065
185 0.00390651
186 0.00390649
187 0.00390649
188 0.00390649
189 0.00390648
190 0.00390649
191 0.0039065
192 0.0039065
193 0.00390649
194 0.00390651
195 0.00390649
196 0.00390649
197 0.00390648
198 0.0039065
199 0.00390647
200 0.00390649
201 0.00390647
202 0.00390648
203 0.00390647
204 0.00390646
205 0.00390648
206 0.00390647
207 0.00390645
208 0.00390646
209 0.00390645
210 0.00390643
211 0.00390644
212 0.00390644
213 0.00390642
214 0.00390643
215 0.00390643
216 0.00390641
217 0.00390643
218 0.00390642
219 0.00390641
220 0.0039064
221 0.00390641
222 0.0039064
223 0.00390639
224 0.00390639
225 0.00390639
226 0.00390636
227 0.00390638
228 0.00390635
229 0.00390636
230 0.00390634
231 0.00390633
232 0.00390631
233 0.00390634
234 0.00390632
235 0.0039063
236 0.00390628
237 0.00390626
238 0.00390628
239 0.00390626
240 0.00390627
241 0.00390627
242 0.00390625
243 0.00390622
244 0.00390623
245 0.00390622
246 0.0039062
247 0.00390619
248 0.00390622
249 0.00390607
250 0.00390647
251 0.00390768
252 0.00390772
253 0.0039077
254 0.00390774
255 0.00390777
