0 0.00391844
1 0.00390427
2 0.00390429
3 0.00390428
4 0.00390451
5 0.00390435
6 0.00390442
7 0.00390442
8 0.0039045
9 0.0039044
10 0.00390457
11 0.00390451
12 0.0039045
13 0.00390453
14 0.00390452
15 0.00390458
16 0.00390479
17 0.00390462
18 0.00390463
19 0.00390463
20 0.00390464
21 0.0039047
22 0.00390471
23 0.00390472
24 0.00390473
25 0.00390474
26 0.00390469
27 0.00390479
28 0.00390481
29 0.0039048
30 0.00390485
31 0.00390484
32 0.00390487
33 0.0039049
34 0.0039049
35 0.00390493
36 0.00390495
37 0.00390501
38 0.00390499
39 0.003905
40 0.003905
41 0.00390502
42 0.00390502
43 0.00390507
44 0.00390509
45 0.00390511
46 0.00390513
47 0.00390514
48 0.00390512
49 0.00390518
50 0.00390519
51 0.00390522
52 0.00390524
53 0.00390524
54 0.00390527
55 0.00390526
56 0.0039053
57 0.0039053
58 0.00390535
59 0.00390533
60 0.00390538
61 0.00390538
62 0.0039054
63 0.00390545
64 0.00390572
65 0.00390544
66 0.00390546
67 0.0039055
68 0.00390551
69 0.0039055
70 0.00390555
71 0.00390563
72 0.00390515
73 0.00391525
74 0.00390391
75 0.00390395
76 0.00390395
77 0.00390396
78 0.00390401
79 0.00390403
80 0.00390403
81 0.00390407
82 0.00390408
83 0.00390409
84 0.00390412
85 0.00390414
86 0.00390415
87 0.00390418
88 0.00390422
89 0.00390423
90 0.00390426
91 0.00390427
92 0.0039043
93 0.0039043
94 0.00390433
95 0.00390434
96 0.00390441
97 0.00390447
98 0.00390443
99 0.00390446
100 0.00390448
101 0.0039045
102 0.00390453
103 0.00390456
104 0.00390458
105 0.00390461
106 0.00390462
107 0.00390463
108 0.00390467
109 0.0039047
110 0.00390472
111 0.00390475
112 0.00390478
113 0.00390481
114 0.00390482
115 0.00390483
116 0.00390487
117 0.00390489
118 0.00390492
119 0.00390493
120 0.00390498
121 0.00390497
122 0.00390499
123 0.00390503
124 0.00390507
125 0.0039051
126 0.00390512
127 0.00390516
128 0.00390536
129 0.0039053
130 0.00390524
131 0.00390525
132 0.00390528
133 0.00390532
134 0.00390529
135 0.00390537
136 0.00390537
137 0.00390541
138 0.00390544
139 0.00390545
140 0.0039055
141 0.00390552
142 0.00390557
143 0.00390559
144 0.00390562
145 0.00390564
146 0.00390569
147 0.00390572
148 0.00390574
149 0.00390578
150 0.00390579
151 0.00390583
152 0.00390588
153 0.00390591
154 0.00390593
155 0.00390596
156 0.00390599
157 0.00390603
158 0.00390606
159 0.0039061
160 0.00390615
161 0.00390617
162 0.0039062
163 0.00390624
164 0.00390625
165 0.00390635
166 0.00390636
167 0.00390636
168 0.00390641
169 0.00390645
170 0.00390649
171 0.00390652
172 0.00390655
173 0.00390659
174 0.00390664
175 0.00390668
176 0.00390672
177 0.00390674
178 0.00390679
179 0.00390681
180 0.00390685
181 0.00390689
182 0.00390696
183 0.00390696
184 0.00390703
185 0.00390704
186 0.00390715
187 0.00390716
188 0.00390722
189 0.00390726
190 0.00390728
191 0.00390735
192 0.0039074
193 0.00390742
194 0.00390748
195 0.00390751
196 0.00390757
197 0.00390758
198 0.00390763
199 0.00390768
200 0.00390775
201 0.00390772
202 0.00390786
203 0.00390785
204 0.00390791
205 0.00390798
206 0.00390801
207 0.00390808
208 0.0039081
209 0.00390815
210 0.0039082
211 0.00390825
212 0.00390828
213 0.00390833
214 0.00390838
215 0.00390845
216 0.0039085
217 0.00390854
218 0.00390861
219 0.00390863
220 0.0039087
221 0.00390874
222 0.00390879
223 0.00390887
224 0.0039089
225 0.00390894
226 0.00390901
227 0.00390907
228 0.00390911
229 0.00390916
230 0.00390923
231 0.00390925
232 0.00390933
233 0.00390938
234 0.00390947
235 0.0039095
236 0.00390956
237 0.00390961
238 0.00390967
239 0.00390972
240 0.00390981
241 0.00390988
242 0.00390991
243 0.00390997
244 0.00391002
245 0.00391009
246 0.00391014
247 0.00391019
248 0.00391027
249 0.00391033
250 0.00391041
251 0.00391045
252 0.00391052
253 0.00391056
254 0.00391065
255 0.00391075
