0 0.00391085
1 0.00390524
2 0.00390525
3 0.00390526
4 0.0039053
5 0.00390526
6 0.00390527
7 0.00390528
8 0.00390529
9 0.00390528
10 0.0039053
11 0.0039053
12 0.00390532
13 0.00390533
14 0.00390535
15 0.00390535
16 0.00390536
17 0.00390537
18 0.00390534
19 0.00390538
20 0.00390537
21 0.0039054
22 0.0039054
23 0.00390542
24 0.00390541
25 0.00390543
26 0.00390543
27 0.00390544
28 0.00390545
29 0.00390546
30 0.0039055
31 0.00390548
32 0.0039055
33 0.00390548
34 0.00390549
35 0.00390551
36 0.00390551
37 0.00390553
38 0.00390552
39 0.00390552
40 0.00390554
41 0.00390556
42 0.00390556
43 0.00390559
44 0.00390559
45 0.0039056
46 0.00390563
47 0.00390561
48 0.00390564
49 0.00390566
50 0.00390564
51 0.00390565
52 0.00390567
53 0.00390567
54 0.00390567
55 0.00390569
56 0.00390567
57 0.00390569
58 0.00390571
59 0.00390574
60 0.00390572
61 0.00390573
62 0.00390574
63 0.00390574
64 0.00390578
65 0.00390577
66 0.00390579
67 0.00390579
68 0.0039058
69 0.00390579
70 0.0039058
71 0.00390582
72 0.00390582
73 0.00390583
74 0.00390584
75 0.00390584
76 0.00390584
77 0.00390585
78 0.00390586
79 0.00390587
80 0.00390588
81 0.0039059
82 0.0039059
83 0.00390591
84 0.00390592
85 0.0039059
86 0.00390594
87 0.00390595
88 0.00390594
89 0.00390595
90 0.00390595
91 0.00390595
92 0.00390597
93 0.00390598
94 0.00390599
95 0.00390599
96 0.00390604
97 0.00390602
98 0.00390602
99 0.00390603
100 0.00390604
101 0.00390603
102 0.00390605
103 0.00390606
104 0.00390604
105 0.00390608
106 0.00390604
107 0.00390601
108 0.00390606
109 0.00390608
110 0.00390609
111 0.00390609
112 0.0039061
113 0.00390611
114 0.00390612
115 0.00390611
116 0.00390612
117 0.00390615
118 0.00390614
119 0.00390615
120 0.00390618
121 0.00390617
122 0.00390616
123 0.00390618
124 0.00390618
125 0.00390619
126 0.00390618
127 0.0039062
128 0.00390622
129 0.00390621
130 0.0039062
131 0.00390623
132 0.00390623
133 0.00390622
134 0.00390621
135 0.00390624
136 0.00390623
137 0.00390627
138 0.00390626
139 0.00390624
140 0.00390625
141 0.00390625
142 0.00390628
143 0.00390626
144 0.00390627
145 0.0039063
146 0.00390629
147 0.00390629
148 0.0039063
149 0.0039063
150 0.00390631
151 0.00390631
152 0.0039063
153 0.00390632
154 0.00390631
155 0.00390632
156 0.0039063
157 0.00390632
158 0.00390632
159 0.00390633
160 0.00390633
161 0.00390632
162 0.00390633
163 0.00390634
164 0.00390633
165 0.00390633
166 0.00390633
167 0.00390634
168 0.00390634
169 0.00390634
170 0.00390635
171 0.00390635
172 0.00390636
173 0.00390636
174 0.00390637
175 0.00390637
176 0.00390637
177 0.00390636
178 0.00390636
179 0.00390636
180 0.00390635
181 0.00390634
182 0.00390636
183 0.00390636
184 0.00390634
185 0.00390634
186 0.00390635
187 0.00390636
188 0.00390635
189 0.00390635
190 0.00390635
191 0.00390635
192 0.00390635
193 0.00390635
194 0.00390634
195 0.00390635
196 0.00390634
197 0.00390634
198 0.00390634
199 0.00390634
200 0.00390634
201 0.0039063
202 0.00390631
203 0.00390633
204 0.0039063
205 0.0039063
206 0.00390629
207 0.00390628
208 0.0039063
209 0.0039063
210 0.00390628
211 0.00390628
212 0.00390632
213 0.00390613
214 0.00390691
215 0.00390708
216 0.00390712
217 0.00390714
218 0.00390715
219 0.00390717
220 0.00390721
221 0.0039072
222 0.00390724
223 0.00390727
224 0.00390731
225 0.00390733
226 0.00390734
227 0.00390735
228 0.00390736
229 0.00390741
230 0.00390741
231 0.00390746
232 0.00390749
233 0.00390751
234 0.00390754
235 0.00390752
236 0.00390758
237 0.0039076
238 0.00390763
239 0.00390766
240 0.00390769
241 0.0039077
242 0.00390773
243 0.00390775
244 0.00390781
245 0.00390782
246 0.00390785
247 0.00390789
248 0.0039079
249 0.00390792
250 0.00390797
251 0.00390798
252 0.00390801
253 0.00390805
254 0.00390808
255 0.00390811
