0 0.00391089
1 0.00390524
2 0.00390524
3 0.00390525
4 0.00390527
5 0.00390525
6 0.00390526
7 0.00390528
8 0.00390527
9 0.00390528
10 0.0039053
11 0.00390531
12 0.00390533
13 0.00390536
14 0.00390533
15 0.00390535
16 0.00390534
17 0.00390536
18 0.00390538
19 0.00390537
20 0.00390537
21 0.00390538
22 0.00390538
23 0.0039054
24 0.0039054
25 0.00390543
26 0.00390543
27 0.00390541
28 0.00390544
29 0.00390546
30 0.00390544
31 0.00390546
32 0.00390546
33 0.00390548
34 0.00390549
35 0.00390549
36 0.00390552
37 0.00390552
38 0.00390551
39 0.00390553
40 0.00390552
41 0.00390553
42 0.00390555
43 0.00390557
44 0.00390558
45 0.00390558
46 0.0039056
47 0.00390561
48 0.00390561
49 0.00390564
50 0.00390563
51 0.00390566
52 0.00390566
53 0.00390566
54 0.00390566
55 0.00390568
56 0.00390567
57 0.00390569
58 0.0039057
59 0.00390572
60 0.00390571
61 0.00390572
62 0.00390573
63 0.00390575
64 0.00390575
65 0.00390575
66 0.00390576
67 0.00390578
68 0.0039058
69 0.00390578
70 0.0039058
71 0.0039058
72 0.00390581
73 0.00390583
74 0.00390583
75 0.00390585
76 0.00390584
77 0.00390586
78 0.00390586
79 0.00390586
80 0.00390588
81 0.00390588
82 0.00390588
83 0.0039059
84 0.00390591
85 0.0039059
86 0.00390593
87 0.00390595
88 0.00390591
89 0.00390594
90 0.00390594
91 0.00390596
92 0.00390596
93 0.00390598
94 0.00390598
95 0.00390599
96 0.00390599
97 0.00390601
98 0.00390602
99 0.00390601
100 0.00390602
101 0.00390604
102 0.00390602
103 0.00390605
104 0.00390605
105 0.00390604
106 0.00390607
107 0.00390612
108 0.00390606
109 0.00390608
110 0.00390607
111 0.00390609
112 0.0039061
113 0.00390612
114 0.00390612
115 0.00390612
116 0.00390613
117 0.00390613
118 0.00390613
119 0.00390614
120 0.00390617
121 0.00390617
122 0.00390615
123 0.00390617
124 0.00390617
125 0.00390621
126 0.00390619
127 0.0039062
128 0.00390622
129 0.00390622
130 0.0039062
131 0.00390621
132 0.00390621
133 0.00390621
134 0.00390625
135 0.00390623
136 0.00390625
137 0.00390625
138 0.00390624
139 0.00390625
140 0.00390624
141 0.00390625
142 0.00390627
143 0.00390627
144 0.00390628
145 0.00390628
146 0.00390627
147 0.00390628
148 0.00390629
149 0.0039063
150 0.00390631
151 0.00390629
152 0.00390631
153 0.00390632
154 0.00390631
155 0.00390631
156 0.00390632
157 0.00390632
158 0.00390632
159 0.00390632
160 0.00390634
161 0.00390633
162 0.00390631
163 0.00390634
164 0.00390634
165 0.00390635
166 0.00390636
167 0.00390634
168 0.00390635
169 0.00390636
170 0.00390635
171 0.00390636
172 0.00390635
173 0.00390636
174 0.00390634
175 0.00390636
176 0.00390638
177 0.00390637
178 0.00390637
179 0.00390636
180 0.00390634
181 0.00390637
182 0.00390637
183 0.00390635
184 0.00390637
185 0.00390635
186 0.00390636
187 0.00390636
188 0.00390635
189 0.00390634
190 0.00390636
191 0.00390636
192 0.00390635
193 0.00390634
194 0.00390634
195 0.00390635
196 0.00390635
197 0.00390634
198 0.00390635
199 0.00390632
200 0.00390633
201 0.00390633
202 0.0039063
203 0.00390632
204 0.00390633
205 0.00390631
206 0.00390631
207 0.00390629
208 0.00390629
209 0.0039063
210 0.00390629
211 0.00390632
212 0.00390614
213 0.00390692
214 0.00390705
215 0.00390712
216 0.00390708
217 0.00390713
218 0.00390716
219 0.00390717
220 0.00390719
221 0.00390724
222 0.00390724
223 0.00390726
224 0.0039073
225 0.00390731
226 0.00390733
227 0.00390736
228 0.00390739
229 0.0039074
230 0.00390744
231 0.00390747
232 0.00390746
233 0.00390751
234 0.00390751
235 0.00390758
236 0.00390758
237 0.00390761
238 0.00390764
239 0.00390767
240 0.00390768
241 0.00390773
242 0.00390775
243 0.00390776
244 0.00390779
245 0.00390781
246 0.00390783
247 0.00390786
248 0.00390791
249 0.00390794
250 0.00390797
251 0.00390799
252 0.00390802
253 0.00390805
254 0.00390808
255 0.00390811
