0 0.00391046
1 0.00390542
2 0.00390541
3 0.00390541
4 0.00390545
5 0.00390543
6 0.00390543
7 0.00390542
8 0.00390542
9 0.00390547
10 0.00390545
11 0.00390547
12 0.00390547
13 0.00390548
14 0.00390547
15 0.00390548
16 0.00390552
17 0.00390553
18 0.00390552
19 0.0039055
20 0.00390554
21 0.00390553
22 0.00390555
23 0.00390554
24 0.00390555
25 0.00390555
26 0.00390559
27 0.00390557
28 0.0039056
29 0.00390562
30 0.00390561
31 0.00390562
32 0.00390564
33 0.00390563
34 0.00390566
35 0.00390566
36 0.00390567
37 0.00390566
38 0.00390567
39 0.00390569
40 0.0039057
41 0.0039057
42 0.00390571
43 0.00390571
44 0.00390574
45 0.00390575
46 0.00390573
47 0.00390573
48 0.00390575
49 0.00390574
50 0.00390576
51 0.00390576
52 0.00390579
53 0.0039058
54 0.00390578
55 0.00390582
56 0.0039058
57 0.00390581
58 0.00390582
59 0.00390581
60 0.00390583
61 0.00390583
62 0.00390587
63 0.00390587
64 0.00390587
65 0.00390586
66 0.00390587
67 0.00390588
68 0.0039059
69 0.00390591
70 0.00390591
71 0.00390592
72 0.00390592
73 0.00390595
74 0.00390593
75 0.00390596
76 0.00390595
77 0.00390598
78 0.00390597
79 0.00390597
80 0.00390598
81 0.00390598
82 0.00390598
83 0.00390601
84 0.003906
85 0.003906
86 0.00390601
87 0.00390603
88 0.00390604
89 0.00390604
90 0.00390605
91 0.00390603
92 0.00390607
93 0.00390606
94 0.00390607
95 0.0039061
96 0.00390611
97 0.00390607
98 0.00390612
99 0.00390609
100 0.00390612
101 0.00390611
102 0.00390613
103 0.00390616
104 0.00390611
105 0.00390614
106 0.00390615
107 0.00390615
108 0.00390615
109 0.00390615
110 0.00390617
111 0.00390617
112 0.00390618
113 0.00390619
114 0.00390619
115 0.00390615
116 0.00390621
117 0.0039062
118 0.00390621
119 0.00390623
120 0.00390622
121 0.00390624
122 0.00390622
123 0.00390625
124 0.00390626
125 0.00390625
126 0.00390626
127 0.00390626
128 0.0039063
129 0.00390628
130 0.00390628
131 0.00390629
132 0.00390627
133 0.00390629
134 0.00390628
135 0.0039063
136 0.0039063
137 0.00390631
138 0.00390632
139 0.00390631
140 0.00390633
141 0.00390631
142 0.00390633
143 0.00390633
144 0.00390633
145 0.00390633
146 0.00390635
147 0.00390635
148 0.00390635
149 0.00390636
150 0.00390636
151 0.00390636
152 0.00390635
153 0.00390637
154 0.00390637
155 0.00390635
156 0.00390637
157 0.00390638
158 0.0039064
159 0.00390639
160 0.00390641
161 0.00390639
162 0.00390641
163 0.0039064
164 0.00390642
165 0.00390639
166 0.0039064
167 0.0039064
168 0.00390637
169 0.00390639
170 0.0039064
171 0.00390641
172 0.00390642
173 0.00390642
174 0.00390639
175 0.00390641
176 0.00390641
177 0.0039064
178 0.00390641
179 0.00390641
180 0.00390639
181 0.0039064
182 0.00390642
183 0.00390642
184 0.00390639
185 0.00390641
186 0.0039064
187 0.00390641
188 0.00390641
189 0.00390641
190 0.00390642
191 0.00390639
192 0.00390641
193 0.0039064
194 0.00390639
195 0.00390638
196 0.00390638
197 0.00390639
198 0.0039064
199 0.00390639
200 0.00390639
201 0.0039064
202 0.00390639
203 0.00390637
204 0.00390635
205 0.00390637
206 0.00390638
207 0.00390637
208 0.00390637
209 0.00390636
210 0.00390635
211 0.00390636
212 0.00390635
213 0.00390635
214 0.00390635
215 0.00390634
216 0.00390632
217 0.00390632
218 0.00390631
219 0.00390631
220 0.0039063
221 0.00390631
222 0.00390629
223 0.0039063
224 0.00390629
225 0.00390627
226 0.00390624
227 0.00390626
228 0.00390626
229 0.00390612
230 0.00390669
231 0.00390735
232 0.0039074
233 0.00390739
234 0.00390743
235 0.00390745
236 0.00390748
237 0.0039075
238 0.00390752
239 0.00390755
240 0.00390756
241 0.00390759
242 0.00390761
243 0.00390764
244 0.00390766
245 0.00390769
246 0.00390768
247 0.00390775
248 0.00390776
249 0.00390778
250 0.00390781
251 0.00390784
252 0.00390787
253 0.00390791
254 0.00390791
255 0.00390795
