0 0.00391119
1 0.00390513
2 0.00390512
3 0.00390511
4 0.00390518
5 0.00390514
6 0.00390518
7 0.00390517
8 0.00390518
9 0.00390518
10 0.0039052
11 0.0039052
12 0.00390521
13 0.00390521
14 0.00390522
15 0.00390524
16 0.00390525
17 0.00390525
18 0.00390528
19 0.00390527
20 0.00390528
21 0.0039053
22 0.0039053
23 0.00390531
24 0.00390531
25 0.00390533
26 0.00390532
27 0.00390535
28 0.00390535
29 0.00390537
30 0.00390537
31 0.00390537
32 0.00390538
33 0.00390541
34 0.00390542
35 0.00390541
36 0.00390542
37 0.00390543
38 0.00390543
39 0.00390546
40 0.00390545
41 0.00390546
42 0.00390546
43 0.00390549
44 0.00390549
45 0.00390549
46 0.00390551
47 0.00390553
48 0.00390554
49 0.00390554
50 0.00390554
51 0.00390557
52 0.00390554
53 0.00390558
54 0.00390557
55 0.00390556
56 0.00390561
57 0.00390563
58 0.00390562
59 0.00390565
60 0.00390564
61 0.00390566
62 0.00390567
63 0.00390568
64 0.00390568
65 0.0039057
66 0.0039057
67 0.00390572
68 0.00390572
69 0.00390573
70 0.00390573
71 0.00390574
72 0.00390576
73 0.00390576
74 0.00390576
75 0.0039058
76 0.00390578
77 0.00390579
78 0.00390579
79 0.0039058
80 0.00390582
81 0.00390584
82 0.00390583
83 0.00390583
84 0.00390584
85 0.00390586
86 0.00390587
87 0.00390585
88 0.00390588
89 0.00390591
90 0.00390589
91 0.00390593
92 0.00390591
93 0.00390593
94 0.00390592
95 0.00390592
96 0.00390594
97 0.00390596
98 0.00390597
99 0.00390596
100 0.00390598
101 0.00390591
102 0.00390599
103 0.003906
104 0.003906
105 0.00390602
106 0.00390602
107 0.00390602
108 0.00390603
109 0.00390604
110 0.00390605
111 0.00390604
112 0.00390607
113 0.00390607
114 0.00390608
115 0.00390608
116 0.00390608
117 0.0039061
118 0.0039061
119 0.00390612
120 0.00390611
121 0.00390613
122 0.00390612
123 0.00390613
124 0.00390614
125 0.00390616
126 0.00390616
127 0.00390616
128 0.00390618
129 0.00390618
130 0.00390616
131 0.0039062
132 0.00390619
133 0.00390619
134 0.0039062
135 0.0039062
136 0.00390621
137 0.00390619
138 0.00390622
139 0.00390623
140 0.00390622
141 0.00390623
142 0.00390624
143 0.00390624
144 0.00390622
145 0.00390624
146 0.00390627
147 0.00390626
148 0.00390625
149 0.00390625
150 0.00390626
151 0.00390628
152 0.00390627
153 0.00390626
154 0.00390626
155 0.00390628
156 0.00390631
157 0.00390627
158 0.00390627
159 0.00390629
160 0.00390631
161 0.00390628
162 0.00390632
163 0.00390631
164 0.00390629
165 0.00390631
166 0.00390631
167 0.00390632
168 0.0039063
169 0.00390632
170 0.0039063
171 0.00390632
172 0.00390632
173 0.00390633
174 0.00390632
175 0.00390631
176 0.00390632
177 0.00390634
178 0.00390631
179 0.00390632
180 0.00390631
181 0.00390631
182 0.00390632
183 0.00390631
184 0.00390631
185 0.00390631
186 0.00390632
187 0.00390632
188 0.00390632
189 0.00390632
190 0.00390631
191 0.00390631
192 0.0039063
193 0.00390632
194 0.00390632
195 0.00390631
196 0.00390627
197 0.00390629
198 0.00390629
199 0.00390631
200 0.0039063
201 0.00390615
202 0.00390713
203 0.00390687
204 0.00390691
205 0.0039069
206 0.00390693
207 0.00390694
208 0.00390697
209 0.003907
210 0.00390703
211 0.00390703
212 0.00390706
213 0.00390709
214 0.00390712
215 0.00390712
216 0.00390716
217 0.00390718
218 0.0039072
219 0.00390724
220 0.00390724
221 0.00390726
222 0.00390731
223 0.00390734
224 0.00390737
225 0.00390739
226 0.00390742
227 0.00390744
228 0.00390747
229 0.00390747
230 0.00390753
231 0.00390752
232 0.00390756
233 0.00390759
234 0.00390762
235 0.00390763
236 0.0039077
237 0.0039077
238 0.00390774
239 0.00390776
240 0.00390779
241 0.00390782
242 0.00390787
243 0.00390789
244 0.0039079
245 0.00390795
246 0.00390795
247 0.003908
248 0.00390802
249 0.00390806
250 0.00390807
251 0.0039081
252 0.00390813
253 0.00390817
254 0.00390821
255 0.00390823
