0 0.00391105
1 0.00390519
2 0.00390516
3 0.00390518
4 0.00390521
5 0.00390518
6 0.00390522
7 0.00390521
8 0.00390523
9 0.00390523
10 0.00390525
11 0.00390527
12 0.00390524
13 0.00390527
14 0.00390527
15 0.00390527
16 0.00390531
17 0.00390529
18 0.0039053
19 0.0039053
20 0.00390533
21 0.00390533
22 0.00390534
23 0.00390536
24 0.00390536
25 0.00390536
26 0.00390538
27 0.00390539
28 0.00390542
29 0.0039054
30 0.00390541
31 0.00390541
32 0.00390545
33 0.00390544
34 0.00390544
35 0.00390546
36 0.00390545
37 0.00390545
38 0.00390547
39 0.00390548
40 0.00390549
41 0.0039055
42 0.0039055
43 0.00390553
44 0.00390553
45 0.00390554
46 0.00390556
47 0.00390554
48 0.00390557
49 0.00390557
50 0.00390559
51 0.00390558
52 0.00390562
53 0.00390562
54 0.00390563
55 0.00390564
56 0.00390564
57 0.00390567
58 0.00390567
59 0.00390567
60 0.00390568
61 0.00390569
62 0.0039057
63 0.00390574
64 0.00390572
65 0.00390574
66 0.00390573
67 0.00390571
68 0.00390575
69 0.00390576
70 0.00390576
71 0.00390575
72 0.00390577
73 0.00390578
74 0.0039058
75 0.00390579
76 0.0039058
77 0.00390582
78 0.00390583
79 0.00390582
80 0.00390586
81 0.00390585
82 0.00390587
83 0.00390587
84 0.00390587
85 0.00390588
86 0.00390588
87 0.00390589
88 0.0039059
89 0.00390591
90 0.00390593
91 0.00390592
92 0.00390593
93 0.00390595
94 0.00390595
95 0.00390597
96 0.00390596
97 0.00390598
98 0.00390596
99 0.00390598
100 0.00390602
101 0.003906
102 0.00390603
103 0.00390603
104 0.00390605
105 0.00390602
106 0.00390605
107 0.00390604
108 0.00390606
109 0.00390607
110 0.00390606
111 0.00390607
112 0.00390607
113 0.00390609
114 0.00390609
115 0.0039061
116 0.00390609
117 0.00390611
118 0.00390612
119 0.00390612
120 0.00390613
121 0.00390614
122 0.00390615
123 0.00390615
124 0.00390615
125 0.00390616
126 0.00390617
127 0.00390618
128 0.00390619
129 0.0039062
130 0.00390619
131 0.00390621
132 0.0039062
133 0.00390622
134 0.00390623
135 0.00390622
136 0.00390623
137 0.00390623
138 0.00390624
139 0.00390624
140 0.00390625
141 0.00390624
142 0.00390627
143 0.00390626
144 0.00390628
145 0.00390628
146 0.00390627
147 0.00390626
148 0.00390627
149 0.00390627
150 0.00390626
151 0.00390629
152 0.00390628
153 0.00390628
154 0.00390629
155 0.0039063
156 0.00390631
157 0.00390629
158 0.0039063
159 0.00390633
160 0.00390631
161 0.0039063
162 0.0039063
163 0.0039063
164 0.00390634
165 0.00390632
166 0.00390633
167 0.00390633
168 0.00390633
169 0.00390632
170 0.00390634
171 0.00390632
172 0.00390633
173 0.00390632
174 0.00390634
175 0.00390635
176 0.00390633
177 0.00390632
178 0.00390634
179 0.00390634
180 0.00390634
181 0.00390634
182 0.00390635
183 0.00390635
184 0.00390634
185 0.00390632
186 0.00390634
187 0.00390633
188 0.00390634
189 0.00390634
190 0.00390633
191 0.00390635
192 0.00390634
193 0.00390632
194 0.00390633
195 0.00390634
196 0.00390631
197 0.00390631
198 0.0039063
199 0.00390632
200 0.00390632
201 0.0039063
202 0.00390631
203 0.0039063
204 0.00390631
205 0.00390633
206 0.00390613
207 0.00390702
208 0.00390696
209 0.003907
210 0.003907
211 0.00390701
212 0.00390705
213 0.00390706
214 0.00390708
215 0.0039071
216 0.00390712
217 0.00390716
218 0.00390719
219 0.0039072
220 0.00390723
221 0.00390726
222 0.00390727
223 0.00390729
224 0.00390733
225 0.00390736
226 0.00390736
227 0.00390743
228 0.00390743
229 0.00390744
230 0.00390748
231 0.00390747
232 0.00390752
233 0.00390752
234 0.00390756
235 0.00390758
236 0.00390761
237 0.00390764
238 0.00390771
239 0.0039077
240 0.00390769
241 0.00390775
242 0.00390779
243 0.00390783
244 0.00390785
245 0.00390786
246 0.00390792
247 0.00390794
248 0.00390796
249 0.00390799
250 0.00390803
251 0.00390804
252 0.00390806
253 0.00390812
254 0.00390814
255 0.00390817
