0 0.00391009
1 0.00390563
2 0.00390561
3 0.00390562
4 0.00390562
5 0.00390561
6 0.00390561
7 0.00390562
8 0.00390565
9 0.00390564
10 0.00390565
11 0.00390566
12 0.00390567
13 0.00390566
14 0.00390568
15 0.00390571
16 0.0039057
17 0.00390573
18 0.0039057
19 0.00390572
20 0.00390573
21 0.00390572
22 0.00390573
23 0.00390575
24 0.00390575
25 0.00390574
26 0.00390576
27 0.00390576
28 0.00390577
29 0.00390579
30 0.00390578
31 0.00390579
32 0.0039058
33 0.0039058
34 0.00390581
35 0.0039058
36 0.00390582
37 0.00390581
38 0.00390582
39 0.00390583
40 0.00390587
41 0.00390584
42 0.00390586
43 0.00390589
44 0.00390586
45 0.00390588
46 0.0039059
47 0.00390591
48 0.00390588
49 0.0039059
50 0.00390593
51 0.00390594
52 0.00390591
53 0.00390593
54 0.00390593
55 0.00390594
56 0.00390594
57 0.00390596
58 0.00390596
59 0.00390597
60 0.00390596
61 0.00390597
62 0.00390598
63 0.00390599
64 0.00390601
65 0.003906
66 0.003906
67 0.00390603
68 0.00390601
69 0.00390602
70 0.00390602
71 0.00390604
72 0.00390602
73 0.00390604
74 0.00390606
75 0.00390608
76 0.00390606
77 0.00390607
78 0.00390608
79 0.00390609
80 0.00390611
81 0.00390609
82 0.0039061
83 0.00390611
84 0.00390612
85 0.00390613
86 0.00390612
87 0.00390615
88 0.00390612
89 0.00390614
90 0.00390615
91 0.00390616
92 0.00390616
93 0.00390618
94 0.00390617
95 0.00390619
96 0.0039062
97 0.00390621
98 0.0039062
99 0.0039062
100 0.00390624
101 0.00390622
102 0.00390622
103 0.00390622
104 0.00390621
105 0.00390625
106 0.00390627
107 0.00390622
108 0.00390622
109 0.00390627
110 0.00390625
111 0.00390628
112 0.0039063
113 0.00390629
114 0.00390629
115 0.0039063
116 0.00390631
117 0.00390631
118 0.0039063
119 0.00390633
120 0.00390632
121 0.00390634
122 0.00390635
123 0.00390632
124 0.00390632
125 0.00390637
126 0.00390633
127 0.00390634
128 0.00390636
129 0.00390636
130 0.00390637
131 0.00390637
132 0.00390638
133 0.00390638
134 0.00390638
135 0.00390638
136 0.00390637
137 0.0039064
138 0.0039064
139 0.0039064
140 0.0039064
141 0.0039064
142 0.00390642
143 0.0039064
144 0.00390642
145 0.00390643
146 0.00390643
147 0.00390642
148 0.00390645
149 0.00390644
150 0.00390645
151 0.00390645
152 0.00390643
153 0.00390645
154 0.00390645
155 0.00390647
156 0.00390646
157 0.00390646
158 0.00390646
159 0.00390646
160 0.00390648
161 0.00390646
162 0.00390648
163 0.00390646
164 0.00390648
165 0.00390647
166 0.00390649
167 0.00390648
168 0.00390649
169 0.00390651
170 0.00390649
171 0.00390647
172 0.00390649
173 0.00390647
174 0.0039065
175 0.00390649
176 0.00390649
177 0.0039065
178 0.00390649
179 0.00390649
180 0.0039065
181 0.00390649
182 0.00390649
183 0.0039065
184 0.00390649
185 0.0039065
186 0.00390649
187 0.00390649
188 0.00390649
189 0.00390648
190 0.00390651
191 0.00390649
192 0.00390647
193 0.00390648
194 0.00390652
195 0.00390648
196 0.0039065
197 0.00390647
198 0.00390647
199 0.00390647
200 0.00390649
201 0.00390646
202 0.00390646
203 0.00390647
204 0.00390647
205 0.00390645
206 0.00390647
207 0.00390647
208 0.00390646
209 0.00390644
210 0.00390646
211 0.00390643
212 0.00390645
213 0.00390645
214 0.00390643
215 0.00390644
216 0.00390641
217 0.00390643
218 0.00390641
219 0.0039064
220 0.0039064
221 0.0039064
222 0.00390638
223 0.00390639
224 0.00390637
225 0.00390637
226 0.00390636
227 0.00390635
228 0.00390633
229 0.00390635
230 0.00390634
231 0.00390633
232 0.00390633
233 0.00390632
234 0.00390631
235 0.00390629
236 0.00390629
237 0.00390627
238 0.00390627
239 0.00390627
240 0.00390627
241 0.00390624
242 0.00390623
243 0.00390624
244 0.00390621
245 0.0039062
246 0.00390619
247 0.00390621
248 0.00390605
249 0.00390649
250 0.00390767
251 0.00390774
252 0.00390769
253 0.00390775
254 0.00390775
255 0.00390777
