0 0.00391485
1 0.00390448
2 0.00390449
3 0.00390449
4 0.00390463
5 0.00390455
6 0.00390453
7 0.00390458
8 0.00390459
9 0.00390456
10 0.00390462
11 0.00390462
12 0.00390463
13 0.00390466
14 0.00390468
15 0.00390467
16 0.00390473
17 0.00390472
18 0.00390472
19 0.00390476
20 0.00390478
21 0.00390476
22 0.00390479
23 0.00390482
24 0.00390481
25 0.00390483
26 0.00390483
27 0.00390484
28 0.00390487
29 0.00390488
30 0.00390488
31 0.00390491
32 0.00390494
33 0.00390494
34 0.00390495
35 0.00390497
36 0.00390497
37 0.00390499
38 0.00390499
39 0.00390503
40 0.00390505
41 0.00390506
42 0.00390506
43 0.00390505
44 0.00390509
45 0.00390511
46 0.00390511
47 0.00390512
48 0.00390516
49 0.00390515
50 0.00390516
51 0.00390516
52 0.00390521
53 0.00390522
54 0.0039052
55 0.00390525
56 0.00390524
57 0.00390527
58 0.00390528
59 0.00390527
60 0.00390518
61 0.00390529
62 0.00390533
63 0.00390535
64 0.00390543
65 0.00390535
66 0.00390537
67 0.00390542
68 0.00390541
69 0.00390542
70 0.00390543
71 0.00390545
72 0.00390547
73 0.00390546
74 0.00390548
75 0.00390551
76 0.00390551
77 0.00390553
78 0.00390551
79 0.00390555
80 0.00390558
81 0.00390557
82 0.0039056
83 0.00390559
84 0.00390559
85 0.00390563
86 0.00390564
87 0.00390567
88 0.00390565
89 0.00390565
90 0.00390568
91 0.00390568
92 0.0039057
93 0.00390572
94 0.00390572
95 0.00390572
96 0.00390577
97 0.00390575
98 0.00390578
99 0.00390578
100 0.0039058
101 0.00390578
102 0.00390581
103 0.00390581
104 0.00390583
105 0.00390583
106 0.00390585
107 0.00390587
108 0.00390587
109 0.00390586
110 0.00390588
111 0.00390591
112 0.00390591
113 0.00390593
114 0.00390593
115 0.00390595
116 0.00390596
117 0.00390596
118 0.00390603
119 0.00390568
120 0.0039105
121 0.00390507
122 0.00390509
123 0.0039051
124 0.00390512
125 0.00390517
126 0.00390517
127 0.00390519
128 0.00390533
129 0.00390525
130 0.00390526
131 0.00390528
132 0.00390531
133 0.00390533
134 0.00390533
135 0.00390537
136 0.00390539
137 0.00390541
138 0.00390544
139 0.00390549
140 0.00390551
141 0.00390554
142 0.00390556
143 0.0039056
144 0.00390562
145 0.00390563
146 0.00390568
147 0.00390568
148 0.0039057
149 0.00390575
150 0.00390577
151 0.0039058
152 0.00390579
153 0.00390584
154 0.00390585
155 0.00390587
156 0.00390591
157 0.00390595
158 0.00390598
159 0.00390598
160 0.00390603
161 0.00390605
162 0.00390608
163 0.00390611
164 0.00390614
165 0.00390615
166 0.00390619
167 0.00390622
168 0.00390623
169 0.00390627
170 0.00390631
171 0.00390634
172 0.00390633
173 0.00390641
174 0.0039064
175 0.00390643
176 0.00390648
177 0.00390651
178 0.00390654
179 0.00390655
180 0.0039066
181 0.00390662
182 0.00390666
183 0.00390668
184 0.00390671
185 0.00390676
186 0.00390678
187 0.0039068
188 0.00390683
189 0.00390688
190 0.00390694
191 0.00390694
192 0.00390697
193 0.00390701
194 0.00390705
195 0.00390708
196 0.0039071
197 0.00390714
198 0.00390718
199 0.00390722
200 0.00390724
201 0.0039073
202 0.00390732
203 0.00390735
204 0.00390739
205 0.00390742
206 0.00390747
207 0.0039075
208 0.00390752
209 0.00390756
210 0.00390761
211 0.00390764
212 0.0039077
213 0.00390771
214 0.00390778
215 0.00390782
216 0.00390784
217 0.00390789
218 0.00390793
219 0.00390796
220 0.00390802
221 0.00390805
222 0.00390807
223 0.00390814
224 0.00390817
225 0.0039082
226 0.00390825
227 0.00390831
228 0.00390834
229 0.0039084
230 0.00390842
231 0.00390846
232 0.00390852
233 0.00390856
234 0.00390858
235 0.00390863
236 0.00390869
237 0.00390873
238 0.00390877
239 0.00390883
240 0.00390886
241 0.00390891
242 0.00390896
243 0.00390902
244 0.00390906
245 0.00390911
246 0.00390915
247 0.00390921
248 0.00390923
249 0.00390934
250 0.00390935
251 0.00390939
252 0.00390944
253 0.0039095
254 0.00390954
255 0.0039096
