0 0.00392652
1 0.00390437
2 0.00390408
3 0.00390464
4 0.00390395
5 0.00393007
6 0.00390204
7 0.00390211
8 0.00390208
9 0.00390212
10 0.00390213
11 0.00390215
12 0.00390219
13 0.0039022
14 0.00390224
15 0.00390225
16 0.00390235
17 0.00390228
18 0.00390231
19 0.00390234
20 0.0039024
21 0.00390239
22 0.00390242
23 0.00390245
24 0.00390247
25 0.00390252
26 0.00390253
27 0.00390254
28 0.00390258
29 0.00390258
30 0.00390261
31 0.00390307
32 0.00390271
33 0.00390266
34 0.00390274
35 0.00390272
36 0.00390281
37 0.00390277
38 0.00390278
39 0.00390284
40 0.00390287
41 0.00390287
42 0.00390293
43 0.00390293
44 0.00390295
45 0.00390297
46 0.00390301
47 0.00390307
48 0.00390312
49 0.00390309
50 0.00390313
51 0.0039031
52 0.00390317
53 0.0039032
54 0.00390321
55 0.00390322
56 0.00390325
57 0.00390329
58 0.00390332
59 0.00390334
60 0.00390336
61 0.00390338
62 0.00390342
63 0.00390345
64 0.00390349
65 0.00390351
66 0.00390347
67 0.00390353
68 0.00390352
69 0.00390358
70 0.00390357
71 0.00390363
72 0.00390367
73 0.00390367
74 0.00390371
75 0.00390371
76 0.00390376
77 0.00390379
78 0.00390382
79 0.00390384
80 0.00390388
81 0.00390389
82 0.00390392
83 0.00390398
84 0.00390399
85 0.003904
86 0.00390402
87 0.00390401
88 0.00390405
89 0.00390412
90 0.00390413
91 0.00390417
92 0.00390416
93 0.00390423
94 0.00390425
95 0.00390429
96 0.00390429
97 0.00390435
98 0.00390438
99 0.00390441
100 0.00390444
101 0.00390447
102 0.00390448
103 0.00390451
104 0.00390455
105 0.00390458
106 0.00390461
107 0.00390464
108 0.00390467
109 0.00390472
110 0.00390472
111 0.00390469
112 0.00390481
113 0.00390484
114 0.00390488
115 0.00390494
116 0.00390495
117 0.003905
118 0.00390501
119 0.00390503
120 0.00390506
121 0.00390508
122 0.00390513
123 0.00390517
124 0.00390528
125 0.00390527
126 0.00390528
127 0.00390527
128 0.00390576
129 0.00390537
130 0.0039054
131 0.0039056
132 0.00390546
133 0.00390545
134 0.00390561
135 0.00390562
136 0.00390566
137 0.00390569
138 0.00390574
139 0.00390576
140 0.00390583
141 0.00390588
142 0.0039059
143 0.00390597
144 0.00390599
145 0.00390604
146 0.00390605
147 0.0039061
148 0.00390616
149 0.00390618
150 0.00390623
151 0.00390628
152 0.00390633
153 0.00390637
154 0.00390641
155 0.00390645
156 0.0039065
157 0.00390652
158 0.00390658
159 0.0039067
160 0.00390672
161 0.00390675
162 0.00390675
163 0.00390684
164 0.00390686
165 0.0039069
166 0.00390694
167 0.00390699
168 0.00390706
169 0.0039071
170 0.00390713
171 0.00390717
172 0.00390723
173 0.00390728
174 0.00390723
175 0.00390737
176 0.00390742
177 0.00390747
178 0.00390751
179 0.00390758
180 0.00390762
181 0.00390763
182 0.00390772
183 0.00390778
184 0.00390783
185 0.00390791
186 0.00390792
187 0.00390799
188 0.00390805
189 0.0039081
190 0.00390816
191 0.00390836
192 0.00390832
193 0.00390834
194 0.00390834
195 0.0039085
196 0.00390857
197 0.00390858
198 0.00390871
199 0.00390864
200 0.00390874
201 0.00390883
202 0.00390887
203 0.00390891
204 0.00390897
205 0.00390901
206 0.0039091
207 0.00390914
208 0.00390921
209 0.00390929
210 0.00390932
211 0.00390943
212 0.0039095
213 0.00390953
214 0.00390981
215 0.0039096
216 0.00390969
217 0.00390977
218 0.00390989
219 0.0039099
220 0.00391
221 0.00391002
222 0.00391018
223 0.00391041
224 0.00391037
225 0.0039103
226 0.00391044
227 0.00391039
228 0.0039106
229 0.00391048
230 0.00391011
231 0.00391077
232 0.00391075
233 0.00391099
234 0.003911
235 0.00391107
236 0.00391116
237 0.00391124
238 0.00391133
239 0.00391144
240 0.00391149
241 0.00391157
242 0.00391166
243 0.00391174
244 0.00391182
245 0.00391188
246 0.00391192
247 0.00391211
248 0.00391214
249 0.00391222
250 0.00391231
251 0.00391238
252 0.00391247
253 0.00391257
254 0.00391279
255 0.00391295
