0 0.00391291
1 0.00390473
2 0.00390473
3 0.00390473
4 0.00390482
5 0.00390478
6 0.00390478
7 0.00390478
8 0.00390481
9 0.00390481
10 0.00390482
11 0.00390483
12 0.00390484
13 0.00390486
14 0.00390487
15 0.00390489
16 0.00390489
17 0.00390491
18 0.00390492
19 0.00390492
20 0.00390494
21 0.00390496
22 0.00390496
23 0.00390498
24 0.00390499
25 0.00390499
26 0.00390502
27 0.00390502
28 0.00390505
29 0.00390508
30 0.00390506
31 0.00390507
32 0.0039051
33 0.00390509
34 0.0039051
35 0.00390511
36 0.00390513
37 0.00390514
38 0.00390516
39 0.00390517
40 0.00390517
41 0.00390519
42 0.00390519
43 0.00390522
44 0.00390521
45 0.00390523
46 0.00390524
47 0.00390525
48 0.00390527
49 0.00390528
50 0.0039053
51 0.00390531
52 0.00390528
53 0.00390533
54 0.00390535
55 0.00390533
56 0.00390535
57 0.00390536
58 0.00390537
59 0.00390538
60 0.00390537
61 0.00390539
62 0.00390544
63 0.00390544
64 0.00390546
65 0.00390543
66 0.00390544
67 0.0039055
68 0.00390547
69 0.00390551
70 0.0039055
71 0.0039055
72 0.00390553
73 0.00390555
74 0.00390556
75 0.00390556
76 0.00390557
77 0.00390559
78 0.00390553
79 0.00390559
80 0.00390563
81 0.00390562
82 0.00390564
83 0.00390565
84 0.00390565
85 0.00390567
86 0.00390567
87 0.00390569
88 0.00390571
89 0.0039057
90 0.00390571
91 0.00390572
92 0.00390575
93 0.00390577
94 0.00390574
95 0.00390577
96 0.00390577
97 0.00390578
98 0.00390579
99 0.00390581
100 0.0039058
101 0.00390582
102 0.00390582
103 0.00390586
104 0.00390587
105 0.00390587
106 0.00390588
107 0.0039059
108 0.0039059
109 0.00390592
110 0.00390592
111 0.00390594
112 0.00390596
113 0.00390595
114 0.00390596
115 0.00390598
116 0.00390596
117 0.00390598
118 0.00390598
119 0.00390599
120 0.00390603
121 0.00390601
122 0.00390602
123 0.00390601
124 0.00390602
125 0.00390604
126 0.00390606
127 0.00390606
128 0.00390609
129 0.00390609
130 0.00390607
131 0.00390606
132 0.00390609
133 0.00390611
134 0.0039061
135 0.00390612
136 0.00390611
137 0.00390611
138 0.00390613
139 0.00390611
140 0.00390613
141 0.00390614
142 0.00390616
143 0.00390616
144 0.00390617
145 0.00390615
146 0.00390617
147 0.00390618
148 0.00390616
149 0.00390617
150 0.00390619
151 0.00390619
152 0.00390619
153 0.0039062
154 0.00390623
155 0.00390598
156 0.0039085
157 0.00390593
158 0.00390595
159 0.00390595
160 0.00390599
161 0.00390601
162 0.00390604
163 0.00390604
164 0.00390609
165 0.00390611
166 0.00390611
167 0.00390613
168 0.00390616
169 0.00390621
170 0.00390621
171 0.00390624
172 0.00390626
173 0.00390627
174 0.0039063
175 0.00390633
176 0.00390635
177 0.00390638
178 0.0039064
179 0.00390642
180 0.00390647
181 0.0039065
182 0.0039065
183 0.00390651
184 0.00390656
185 0.00390657
186 0.00390661
187 0.00390665
188 0.00390665
189 0.00390668
190 0.00390672
191 0.00390676
192 0.00390677
193 0.00390679
194 0.00390683
195 0.00390684
196 0.00390689
197 0.00390691
198 0.00390694
199 0.00390696
200 0.003907
201 0.003907
202 0.00390705
203 0.00390708
204 0.0039071
205 0.00390715
206 0.00390714
207 0.0039072
208 0.00390722
209 0.00390724
210 0.00390727
211 0.00390732
212 0.00390734
213 0.00390736
214 0.00390738
215 0.00390744
216 0.00390747
217 0.0039075
218 0.00390753
219 0.00390758
220 0.0039076
221 0.00390765
222 0.00390767
223 0.00390771
224 0.00390773
225 0.00390778
226 0.0039078
227 0.00390784
228 0.00390787
229 0.00390791
230 0.00390794
231 0.00390798
232 0.00390802
233 0.00390805
234 0.00390809
235 0.00390814
236 0.00390815
237 0.00390821
238 0.00390823
239 0.00390828
240 0.00390828
241 0.00390835
242 0.00390836
243 0.00390842
244 0.00390846
245 0.00390849
246 0.00390855
247 0.0039086
248 0.00390862
249 0.00390864
250 0.0039087
251 0.00390873
252 0.00390878
253 0.00390883
254 0.00390887
255 0.00390891
