0 0.00389398
1 0.00390412
2 0.00390796
3 0.00391082
4 0.00391066
5 0.00391017
6 0.00390988
7 0.00390926
8 0.00390961
9 0.0039088
10 0.00390837
11 0.00390784
12 0.00390768
13 0.00390728
14 0.00390732
15 0.00390692
16 0.00390744
17 0.00390569
18 0.00390629
19 0.00390549
20 0.0039056
21 0.00390513
22 0.00390509
23 0.00390469
24 0.00390459
25 0.00390431
26 0.0039042
27 0.0039039
28 0.00390388
29 0.00390342
30 0.00390351
31 0.00390417
32 0.00390388
33 0.00390295
34 0.00390304
35 0.00390319
36 0.00390351
37 0.00390216
38 0.00390242
39 0.00390216
40 0.00390241
41 0.00390191
42 0.00390217
43 0.00390173
44 0.00390193
45 0.00390145
46 0.00390163
47 0.00390083
48 0.00390283
49 0.00390025
50 0.00390163
51 0.00390134
52 0.00390166
53 0.00390136
54 0.00390165
55 0.00390123
56 0.00390144
57 0.00390137
58 0.00390161
59 0.00390143
60 0.00390161
61 0.00390125
62 0.00390146
63 0.0039013
64 0.00390279
65 0.00390085
66 0.00390106
67 0.00390233
68 0.00390214
69 0.00390141
70 0.00390142
71 0.00390174
72 0.00390181
73 0.0039016
74 0.00390184
75 0.00390171
76 0.00390197
77 0.00390188
78 0.00390212
79 0.00390166
80 0.00390301
81 0.00390207
82 0.00390221
83 0.00390224
84 0.00390258
85 0.00390236
86 0.00390265
87 0.00390254
88 0.00390281
89 0.00390276
90 0.00390299
91 0.00390287
92 0.00390317
93 0.00390352
94 0.00390335
95 0.00390299
96 0.003904
97 0.00390238
98 0.00390344
99 0.00390473
100 0.00390432
101 0.00390376
102 0.003904
103 0.00390396
104 0.00390423
105 0.00390412
106 0.00390441
107 0.0039044
108 0.00390464
109 0.00390456
110 0.00390489
111 0.00390488
112 0.00390581
113 0.00390487
114 0.00390487
115 0.00390515
116 0.00390539
117 0.00390535
118 0.00390563
119 0.0039055
120 0.00390588
121 0.00390566
122 0.00390592
123 0.00390585
124 0.00390608
125 0.00390651
126 0.00390626
127 0.00390388
128 0.00390412
129 0.00387997
130 0.00391206
131 0.00391277
132 0.00391225
133 0.00391192
134 0.00391205
135 0.00391221
136 0.00391227
137 0.00391221
138 0.00391238
139 0.00391227
140 0.00391251
141 0.00391237
142 0.00391253
143 0.00391254
144 0.00391354
145 0.003911
146 0.00391251
147 0.0039126
148 0.00391278
149 0.0039127
150 0.00391284
151 0.00391275
152 0.00391291
153 0.00391279
154 0.00391294
155 0.00391278
156 0.00391291
157 0.00391332
158 0.00391294
159 0.00391309
160 0.00391354
161 0.00391204
162 0.00391277
163 0.00391392
164 0.00391337
165 0.00391273
166 0.00391286
167 0.00391267
168 0.00391276
169 0.0039127
170 0.00391281
171 0.00391263
172 0.00391273
173 0.0039126
174 0.00391266
175 0.00391261
176 0.00391328
177 0.00391119
178 0.00391227
179 0.00391241
180 0.0039124
181 0.00391218
182 0.00391227
183 0.00391203
184 0.0039121
185 0.00391191
186 0.00391196
187 0.00391167
188 0.00391178
189 0.00391218
190 0.00391151
191 0.00391097
192 0.00391312
193 0.00390956
194 0.00391101
195 0.00391189
196 0.00391122
197 0.00391074
198 0.00391075
199 0.00391068
200 0.00391053
201 0.00391017
202 0.00391023
203 0.00390996
204 0.00390997
205 0.00390981
206 0.0039096
207 0.00391001
208 0.00390984
209 0.00390776
210 0.00390946
211 0.00390864
212 0.00390856
213 0.00390825
214 0.00390831
215 0.00390799
216 0.00390791
217 0.00390752
218 0.00390749
219 0.00390712
220 0.00390696
221 0.00390775
222 0.00390655
223 0.00390654
224 0.00390616
225 0.00390403
226 0.00390597
227 0.00390686
228 0.00390541
229 0.00390492
230 0.00390467
231 0.00390432
232 0.00390419
233 0.00390388
234 0.00390376
235 0.00390327
236 0.00390315
237 0.00390277
238 0.00390264
239 0.00390254
240 0.0039026
241 0.00389933
242 0.00390131
243 0.0039011
244 0.00390077
245 0.00390031
246 0.00390017
247 0.00389964
248 0.00389963
249 0.00389905
250 0.00389881
251 0.00389836
252 0.00389806
253 0.00389774
254 0.00389715
255 0.00389655
