0 0.00391166
1 0.00390613
2 0.00390283
3 0.00391059
4 0.00390197
5 0.00390223
6 0.00390221
7 0.00390225
8 0.00390222
9 0.00390232
10 0.00390227
11 0.00390235
12 0.00390234
13 0.00390244
14 0.0039024
15 0.00390254
16 0.00390254
17 0.00390253
18 0.00390246
19 0.00390263
20 0.00390255
21 0.00390265
22 0.00390262
23 0.0039027
24 0.00390265
25 0.00390273
26 0.00390269
27 0.00390279
28 0.00390278
29 0.00390281
30 0.00390279
31 0.0039033
32 0.00390305
33 0.00390292
34 0.00390288
35 0.003903
36 0.00390298
37 0.00390301
38 0.00390302
39 0.00390306
40 0.00390307
41 0.00390312
42 0.00390309
43 0.00390315
44 0.00390314
45 0.0039032
46 0.00390318
47 0.00390326
48 0.00390324
49 0.0039033
50 0.00390323
51 0.00390337
52 0.00390332
53 0.00390338
54 0.00390336
55 0.00390343
56 0.0039034
57 0.00390347
58 0.00390345
59 0.00390351
60 0.0039035
61 0.00390357
62 0.00390353
63 0.00390324
64 0.00390361
65 0.0039037
66 0.00390331
67 0.00390374
68 0.00390368
69 0.00390374
70 0.00390373
71 0.00390378
72 0.00390376
73 0.00390383
74 0.00390381
75 0.00390386
76 0.00390385
77 0.00390392
78 0.00390391
79 0.00390389
80 0.00390399
81 0.00390405
82 0.00390393
83 0.00390412
84 0.00390407
85 0.0039041
86 0.00390411
87 0.00390415
88 0.00390412
89 0.00390421
90 0.00390419
91 0.00390426
92 0.00390422
93 0.00390433
94 0.0039043
95 0.00390444
96 0.00390438
97 0.00390442
98 0.00390436
99 0.0039045
100 0.00390444
101 0.00390456
102 0.00390451
103 0.00390465
104 0.00390457
105 0.00390467
106 0.00390464
107 0.00390475
108 0.00390471
109 0.00390482
110 0.00390479
111 0.00390491
112 0.00390486
113 0.00390498
114 0.00390483
115 0.003905
116 0.00390501
117 0.00390508
118 0.00390508
119 0.00390515
120 0.00390514
121 0.00390524
122 0.0039052
123 0.00390528
124 0.00390528
125 0.00390536
126 0.00390536
127 0.00390511
128 0.00390591
129 0.0039053
130 0.00390497
131 0.00392033
132 0.00390564
133 0.00390571
134 0.00390569
135 0.00390577
136 0.00390577
137 0.00390585
138 0.00390586
139 0.00390593
140 0.00390593
141 0.00390603
142 0.00390603
143 0.00390607
144 0.0039061
145 0.00390623
146 0.00390605
147 0.00390628
148 0.00390624
149 0.00390632
150 0.00390632
151 0.00390642
152 0.00390641
153 0.00390649
154 0.00390649
155 0.0039066
156 0.00390655
157 0.00390667
158 0.00390668
159 0.00390667
160 0.00390681
161 0.00390696
162 0.00390673
163 0.00390696
164 0.00390694
165 0.00390702
166 0.00390704
167 0.00390713
168 0.00390712
169 0.00390723
170 0.00390722
171 0.0039073
172 0.00390728
173 0.00390741
174 0.0039074
175 0.00390756
176 0.00390751
177 0.00390773
178 0.00390742
179 0.00390771
180 0.00390768
181 0.00390782
182 0.0039078
183 0.00390792
184 0.00390786
185 0.00390799
186 0.00390798
187 0.00390811
188 0.00390806
189 0.00390819
190 0.00390822
191 0.00390808
192 0.00390832
193 0.00390862
194 0.00390805
195 0.00390871
196 0.00390862
197 0.00390863
198 0.00390862
199 0.00390882
200 0.00390876
201 0.00390887
202 0.00390886
203 0.00390898
204 0.00390898
205 0.00390908
206 0.00390904
207 0.00390922
208 0.00390921
209 0.00390957
210 0.00390916
211 0.00390946
212 0.00390966
213 0.00390952
214 0.00390958
215 0.0039097
216 0.00390976
217 0.0039098
218 0.00390986
219 0.00390994
220 0.00391
221 0.00391006
222 0.00391008
223 0.00391017
224 0.00391035
225 0.00391056
226 0.00391024
227 0.00391042
228 0.00390987
229 0.00391066
230 0.00391058
231 0.00391091
232 0.00391084
233 0.00391097
234 0.00391099
235 0.00391115
236 0.00391112
237 0.00391132
238 0.00391132
239 0.00391136
240 0.00391146
241 0.00391201
242 0.0039114
243 0.00391178
244 0.0039117
245 0.00391196
246 0.00391199
247 0.00391212
248 0.00391214
249 0.00391229
250 0.00391233
251 0.00391246
252 0.00391251
253 0.00391277
254 0.00391279
255 0.00391269
