0 0.00392491
1 0.0039043
2 0.00390387
3 0.00390436
4 0.0039047
5 0.00390449
6 0.00390456
7 0.00390453
8 0.00390479
9 0.00390458
10 0.00390464
11 0.00390465
12 0.00390465
13 0.00390475
14 0.00390494
15 0.00390308
16 0.00392428
17 0.0039018
18 0.00390182
19 0.00390179
20 0.00390182
21 0.00390186
22 0.0039019
23 0.00390191
24 0.00390195
25 0.00390198
26 0.00390198
27 0.003902
28 0.00390205
29 0.0039021
30 0.00390202
31 0.00390136
32 0.0039017
33 0.00390231
34 0.0039022
35 0.00390225
36 0.00390223
37 0.00390229
38 0.00390225
39 0.00390236
40 0.00390189
41 0.00390243
42 0.00390242
43 0.00390245
44 0.00390244
45 0.00390247
46 0.00390259
47 0.00390235
48 0.00390253
49 0.00390259
50 0.00390265
51 0.00390263
52 0.00390265
53 0.00390265
54 0.00390264
55 0.00390271
56 0.00390272
57 0.00390275
58 0.00390277
59 0.00390279
60 0.00390282
61 0.00390289
62 0.00390284
63 0.00390299
64 0.00390301
65 0.00390291
66 0.00390293
67 0.00390303
68 0.00390302
69 0.00390305
70 0.00390302
71 0.00390308
72 0.003903
73 0.00390313
74 0.00390311
75 0.00390317
76 0.00390318
77 0.00390322
78 0.00390323
79 0.0039033
80 0.00390333
81 0.00390335
82 0.00390333
83 0.00390337
84 0.00390337
85 0.00390341
86 0.00390345
87 0.00390348
88 0.0039035
89 0.00390354
90 0.0039035
91 0.00390359
92 0.00390359
93 0.00390365
94 0.00390366
95 0.00390374
96 0.00390367
97 0.00390378
98 0.00390377
99 0.00390379
100 0.0039038
101 0.00390384
102 0.00390384
103 0.00390391
104 0.00390391
105 0.00390398
106 0.00390396
107 0.00390402
108 0.00390404
109 0.0039041
110 0.00390413
111 0.00390415
112 0.00390406
113 0.00390423
114 0.00390421
115 0.00390428
116 0.00390428
117 0.00390432
118 0.00390434
119 0.00390437
120 0.0039045
121 0.00390444
122 0.00390447
123 0.00390453
124 0.00390454
125 0.00390459
126 0.00390462
127 0.00390468
128 0.00390505
129 0.00390476
130 0.00390475
131 0.00390482
132 0.00390483
133 0.0039049
134 0.00390489
135 0.00390494
136 0.00390476
137 0.003905
138 0.00390502
139 0.0039051
140 0.00390509
141 0.00390517
142 0.00390518
143 0.00390529
144 0.00390518
145 0.00390537
146 0.00390535
147 0.00390541
148 0.00390544
149 0.00390549
150 0.00390552
151 0.00390558
152 0.00390558
153 0.00390562
154 0.00390565
155 0.00390573
156 0.00390574
157 0.00390579
158 0.00390584
159 0.00390591
160 0.00390597
161 0.003906
162 0.003906
163 0.00390606
164 0.00390609
165 0.00390613
166 0.00390616
167 0.00390626
168 0.00390624
169 0.00390632
170 0.00390633
171 0.00390641
172 0.00390645
173 0.00390651
174 0.00390653
175 0.00390659
176 0.00390664
177 0.00390671
178 0.0039067
179 0.00390679
180 0.00390682
181 0.00390689
182 0.00390693
183 0.00390699
184 0.00390704
185 0.00390711
186 0.00390714
187 0.00390716
188 0.00390722
189 0.0039073
190 0.00390733
191 0.0039074
192 0.00390745
193 0.00390753
194 0.00390757
195 0.00390764
196 0.00390766
197 0.00390772
198 0.00390774
199 0.00390787
200 0.00390791
201 0.00390795
202 0.00390802
203 0.00390808
204 0.00390809
205 0.00390819
206 0.00390827
207 0.00390834
208 0.00390841
209 0.00390846
210 0.00390844
211 0.00390857
212 0.00390864
213 0.00390868
214 0.00390873
215 0.0039088
216 0.00390885
217 0.00390892
218 0.00390898
219 0.00390907
220 0.00390911
221 0.00390914
222 0.00390925
223 0.00390934
224 0.00390927
225 0.00390967
226 0.0039094
227 0.00390959
228 0.00390968
229 0.00390973
230 0.0039098
231 0.00390984
232 0.00390996
233 0.00390996
234 0.00391001
235 0.00391012
236 0.00391022
237 0.00391017
238 0.00391036
239 0.00391033
240 0.00404538
241 0.00391227
242 0.00391163
243 0.00391196
244 0.00391195
245 0.00391205
246 0.00391213
247 0.00391223
248 0.00391242
249 0.0039124
250 0.00391248
251 0.00391258
252 0.00391265
253 0.00391274
254 0.00391283
255 0.00391277
