0 0.00391715
1 0.00390433
2 0.00390435
3 0.00390434
4 0.00390453
5 0.00390439
6 0.00390443
7 0.00390445
8 0.00390447
9 0.0039044
10 0.00390449
11 0.00390451
12 0.00390453
13 0.00390455
14 0.00390456
15 0.00390457
16 0.00390471
17 0.00390462
18 0.00390462
19 0.00390466
20 0.00390466
21 0.00390471
22 0.00390471
23 0.00390475
24 0.0039047
25 0.00390473
26 0.00390476
27 0.00390478
28 0.00390479
29 0.00390479
30 0.00390483
31 0.00390484
32 0.00390492
33 0.00390491
34 0.0039049
35 0.00390491
36 0.00390493
37 0.00390495
38 0.00390496
39 0.00390499
40 0.00390499
41 0.00390497
42 0.00390504
43 0.00390506
44 0.00390495
45 0.00390508
46 0.00390509
47 0.0039051
48 0.00390514
49 0.00390513
50 0.00390516
51 0.00390519
52 0.00390519
53 0.0039052
54 0.00390522
55 0.00390524
56 0.00390524
57 0.00390526
58 0.00390528
59 0.0039053
60 0.00390531
61 0.00390532
62 0.00390534
63 0.00390536
64 0.00390555
65 0.00390538
66 0.00390541
67 0.00390545
68 0.00390543
69 0.00390544
70 0.00390546
71 0.0039055
72 0.00390547
73 0.00390553
74 0.00390553
75 0.00390555
76 0.00390555
77 0.00390556
78 0.00390556
79 0.0039056
80 0.00390561
81 0.00390561
82 0.00390562
83 0.00390564
84 0.00390568
85 0.00390571
86 0.00390576
87 0.0039053
88 0.00391337
89 0.00390426
90 0.00390433
91 0.00390432
92 0.00390432
93 0.00390436
94 0.00390435
95 0.00390441
96 0.00390442
97 0.00390444
98 0.00390446
99 0.00390448
100 0.0039045
101 0.00390451
102 0.00390455
103 0.00390459
104 0.00390457
105 0.00390462
106 0.00390463
107 0.00390469
108 0.00390469
109 0.0039047
110 0.00390473
111 0.00390479
112 0.0039048
113 0.00390483
114 0.00390485
115 0.00390485
116 0.00390485
117 0.0039049
118 0.00390489
119 0.00390496
120 0.00390497
121 0.00390499
122 0.00390502
123 0.00390506
124 0.00390508
125 0.00390507
126 0.00390513
127 0.00390516
128 0.00390536
129 0.0039052
130 0.00390523
131 0.00390525
132 0.00390528
133 0.00390531
134 0.00390531
135 0.00390536
136 0.00390539
137 0.0039054
138 0.00390543
139 0.00390547
140 0.00390552
141 0.00390554
142 0.00390554
143 0.00390557
144 0.00390557
145 0.00390563
146 0.00390567
147 0.00390569
148 0.00390571
149 0.00390573
150 0.00390574
151 0.00390581
152 0.00390583
153 0.00390587
154 0.0039059
155 0.00390593
156 0.00390595
157 0.00390598
158 0.00390601
159 0.00390605
160 0.0039061
161 0.00390612
162 0.00390614
163 0.00390616
164 0.0039062
165 0.00390623
166 0.00390627
167 0.00390631
168 0.00390634
169 0.00390638
170 0.0039064
171 0.00390647
172 0.00390647
173 0.00390654
174 0.0039066
175 0.00390662
176 0.00390664
177 0.00390668
178 0.00390674
179 0.00390675
180 0.00390678
181 0.00390684
182 0.00390684
183 0.0039069
184 0.00390694
185 0.00390698
186 0.00390702
187 0.00390706
188 0.00390707
189 0.00390714
190 0.00390717
191 0.0039072
192 0.00390724
193 0.00390729
194 0.00390732
195 0.00390737
196 0.00390742
197 0.00390746
198 0.00390748
199 0.00390754
200 0.00390758
201 0.00390762
202 0.00390766
203 0.00390769
204 0.00390774
205 0.00390777
206 0.00390784
207 0.00390788
208 0.00390793
209 0.00390795
210 0.00390801
211 0.00390804
212 0.00390809
213 0.00390813
214 0.00390821
215 0.00390823
216 0.00390823
217 0.00390835
218 0.00390838
219 0.00390844
220 0.00390846
221 0.00390853
222 0.00390857
223 0.00390862
224 0.00390866
225 0.00390872
226 0.00390876
227 0.00390879
228 0.00390886
229 0.00390888
230 0.00390894
231 0.00390903
232 0.00390904
233 0.00390912
234 0.00390912
235 0.00390919
236 0.00390925
237 0.00390933
238 0.00390936
239 0.00390942
240 0.00390947
241 0.00390952
242 0.0039096
243 0.00390964
244 0.0039097
245 0.00390975
246 0.00390982
247 0.00390988
248 0.00390992
249 0.00390998
250 0.00391005
251 0.00391011
252 0.00391015
253 0.00391023
254 0.00391028
255 0.00391035
