0 0.00391016
1 0.00390554
2 0.00390556
3 0.00390556
4 0.00390562
5 0.00390556
6 0.00390556
7 0.00390559
8 0.00390559
9 0.00390558
10 0.00390561
11 0.00390562
12 0.00390562
13 0.00390563
14 0.00390564
15 0.00390565
16 0.00390566
17 0.00390568
18 0.00390566
19 0.00390567
20 0.00390567
21 0.00390568
22 0.0039057
23 0.0039057
24 0.00390573
25 0.0039057
26 0.00390573
27 0.00390574
28 0.00390573
29 0.00390575
30 0.00390575
31 0.00390575
32 0.00390576
33 0.00390575
34 0.00390577
35 0.00390577
36 0.0039058
37 0.00390579
38 0.00390579
39 0.0039058
40 0.00390581
41 0.00390581
42 0.00390582
43 0.00390583
44 0.00390582
45 0.00390584
46 0.00390584
47 0.00390586
48 0.00390588
49 0.00390588
50 0.00390585
51 0.00390589
52 0.0039059
53 0.0039059
54 0.00390591
55 0.00390591
56 0.00390592
57 0.00390595
58 0.00390593
59 0.00390594
60 0.00390594
61 0.00390593
62 0.00390595
63 0.00390596
64 0.003906
65 0.00390598
66 0.00390598
67 0.00390599
68 0.003906
69 0.00390598
70 0.00390601
71 0.00390602
72 0.00390603
73 0.00390601
74 0.00390604
75 0.00390603
76 0.00390604
77 0.00390604
78 0.00390606
79 0.00390607
80 0.00390609
81 0.00390607
82 0.00390608
83 0.00390608
84 0.0039061
85 0.00390608
86 0.00390614
87 0.00390611
88 0.00390611
89 0.00390613
90 0.00390613
91 0.00390614
92 0.00390616
93 0.00390618
94 0.00390614
95 0.00390616
96 0.00390616
97 0.00390616
98 0.00390616
99 0.0039062
100 0.00390619
101 0.00390619
102 0.0039062
103 0.00390619
104 0.00390618
105 0.00390622
106 0.00390622
107 0.00390622
108 0.00390624
109 0.00390624
110 0.00390623
111 0.00390624
112 0.00390625
113 0.00390625
114 0.00390626
115 0.00390627
116 0.00390629
117 0.00390628
118 0.0039063
119 0.00390628
120 0.0039063
121 0.00390631
122 0.00390632
123 0.00390636
124 0.00390632
125 0.00390632
126 0.00390634
127 0.00390634
128 0.00390633
129 0.00390636
130 0.00390634
131 0.00390636
132 0.00390635
133 0.00390636
134 0.00390635
135 0.00390638
136 0.00390637
137 0.00390636
138 0.00390639
139 0.00390638
140 0.00390638
141 0.00390639
142 0.00390639
143 0.00390639
144 0.00390641
145 0.00390642
146 0.0039064
147 0.00390642
148 0.00390641
149 0.00390643
150 0.00390643
151 0.00390642
152 0.00390644
153 0.00390645
154 0.00390643
155 0.00390644
156 0.00390643
157 0.00390643
158 0.00390647
159 0.00390646
160 0.00390643
161 0.00390646
162 0.00390645
163 0.00390645
164 0.00390646
165 0.00390645
166 0.00390646
167 0.00390645
168 0.00390646
169 0.00390646
170 0.00390647
171 0.00390647
172 0.00390647
173 0.00390646
174 0.00390645
175 0.00390645
176 0.0039065
177 0.00390646
178 0.00390646
179 0.00390648
180 0.00390646
181 0.00390647
182 0.00390646
183 0.00390647
184 0.00390648
185 0.00390648
186 0.00390647
187 0.00390647
188 0.00390648
189 0.00390647
190 0.00390648
191 0.00390649
192 0.00390649
193 0.00390648
194 0.00390646
195 0.00390647
196 0.00390646
197 0.00390645
198 0.00390645
199 0.00390645
200 0.00390646
201 0.00390647
202 0.00390645
203 0.00390643
204 0.00390644
205 0.00390644
206 0.00390646
207 0.00390644
208 0.00390644
209 0.00390644
210 0.00390643
211 0.00390644
212 0.00390642
213 0.0039064
214 0.00390641
215 0.00390642
216 0.00390639
217 0.00390639
218 0.00390639
219 0.0039064
220 0.00390638
221 0.00390638
222 0.00390636
223 0.00390638
224 0.00390636
225 0.00390634
226 0.00390633
227 0.00390635
228 0.00390635
229 0.00390634
230 0.00390632
231 0.00390632
232 0.0039063
233 0.00390631
234 0.00390629
235 0.00390628
236 0.00390626
237 0.00390628
238 0.00390624
239 0.00390625
240 0.00390626
241 0.00390623
242 0.0039062
243 0.0039062
244 0.00390608
245 0.00390652
246 0.00390759
247 0.00390764
248 0.00390763
249 0.00390767
250 0.00390766
251 0.00390773
252 0.00390772
253 0.00390778
254 0.0039078
255 0.00390783
