0 0.00391636
1 0.00390436
2 0.00390438
3 0.00390442
4 0.00390454
5 0.00390444
6 0.00390447
7 0.00390447
8 0.00390449
9 0.00390451
10 0.00390453
11 0.00390454
12 0.00390457
13 0.00390456
14 0.00390459
15 0.0039046
16 0.00390462
17 0.00390464
18 0.00390466
19 0.00390469
20 0.00390469
21 0.0039047
22 0.00390472
23 0.00390475
24 0.00390474
25 0.00390476
26 0.00390476
27 0.00390479
28 0.00390479
29 0.00390482
30 0.00390483
31 0.00390483
32 0.00390489
33 0.00390489
34 0.0039049
35 0.00390492
36 0.00390494
37 0.00390495
38 0.00390496
39 0.00390498
40 0.003905
41 0.00390502
42 0.00390504
43 0.00390506
44 0.00390506
45 0.00390508
46 0.00390508
47 0.00390512
48 0.00390512
49 0.00390501
50 0.00390514
51 0.00390512
52 0.00390517
53 0.00390518
54 0.0039052
55 0.00390522
56 0.00390523
57 0.00390524
58 0.00390526
59 0.00390529
60 0.00390529
61 0.0039053
62 0.00390533
63 0.00390534
64 0.00390548
65 0.00390537
66 0.00390538
67 0.00390539
68 0.00390538
69 0.00390542
70 0.00390543
71 0.00390543
72 0.00390547
73 0.00390548
74 0.00390549
75 0.00390553
76 0.00390553
77 0.00390553
78 0.00390555
79 0.00390557
80 0.00390559
81 0.00390557
82 0.00390561
83 0.00390563
84 0.00390563
85 0.00390564
86 0.00390567
87 0.00390566
88 0.00390568
89 0.0039057
90 0.0039057
91 0.00390572
92 0.00390572
93 0.00390577
94 0.00390574
95 0.00390578
96 0.00390583
97 0.00390545
98 0.00391233
99 0.00390452
100 0.00390458
101 0.00390457
102 0.00390459
103 0.0039046
104 0.00390463
105 0.00390464
106 0.00390466
107 0.00390468
108 0.00390471
109 0.00390474
110 0.00390475
111 0.0039048
112 0.0039048
113 0.00390485
114 0.00390485
115 0.00390488
116 0.00390491
117 0.00390494
118 0.00390493
119 0.00390497
120 0.00390498
121 0.00390501
122 0.00390504
123 0.00390506
124 0.00390509
125 0.00390512
126 0.00390513
127 0.0039052
128 0.00390536
129 0.00390522
130 0.0039052
131 0.00390525
132 0.00390526
133 0.00390529
134 0.00390531
135 0.00390535
136 0.00390537
137 0.00390539
138 0.00390543
139 0.00390549
140 0.00390549
141 0.00390553
142 0.00390554
143 0.00390555
144 0.00390561
145 0.00390562
146 0.00390563
147 0.00390569
148 0.00390569
149 0.00390573
150 0.00390576
151 0.00390577
152 0.00390582
153 0.00390584
154 0.00390586
155 0.0039059
156 0.00390592
157 0.00390596
158 0.00390599
159 0.00390604
160 0.00390606
161 0.00390613
162 0.00390615
163 0.00390619
164 0.00390622
165 0.00390625
166 0.00390627
167 0.00390629
168 0.00390631
169 0.00390637
170 0.00390638
171 0.00390643
172 0.00390646
173 0.00390651
174 0.00390654
175 0.00390661
176 0.00390659
177 0.00390658
178 0.00390663
179 0.00390669
180 0.00390675
181 0.00390676
182 0.00390679
183 0.00390684
184 0.00390687
185 0.0039069
186 0.00390693
187 0.00390698
188 0.003907
189 0.00390705
190 0.00390707
191 0.00390713
192 0.00390715
193 0.00390721
194 0.00390723
195 0.00390726
196 0.0039073
197 0.00390733
198 0.00390738
199 0.00390742
200 0.00390748
201 0.00390751
202 0.00390753
203 0.00390756
204 0.00390762
205 0.00390765
206 0.00390772
207 0.00390776
208 0.00390778
209 0.00390785
210 0.00390787
211 0.00390792
212 0.00390795
213 0.003908
214 0.00390807
215 0.0039081
216 0.00390812
217 0.00390818
218 0.00390821
219 0.00390825
220 0.00390831
221 0.00390836
222 0.0039084
223 0.00390844
224 0.00390849
225 0.00390858
226 0.00390856
227 0.00390868
228 0.00390868
229 0.00390872
230 0.00390878
231 0.00390885
232 0.00390888
233 0.00390892
234 0.00390899
235 0.00390904
236 0.00390903
237 0.00390912
238 0.00390916
239 0.00390922
240 0.00390928
241 0.00390934
242 0.00390938
243 0.00390944
244 0.00390945
245 0.00390951
246 0.00390959
247 0.00390966
248 0.00390968
249 0.00390973
250 0.00390981
251 0.00390986
252 0.00390992
253 0.00390999
254 0.00391002
255 0.00391008
