0 0.00391276
1 0.00390474
2 0.00390478
3 0.00390474
4 0.00390485
5 0.00390478
6 0.00390481
7 0.00390481
8 0.00390484
9 0.00390485
10 0.00390484
11 0.00390488
12 0.00390488
13 0.00390489
14 0.00390491
15 0.0039049
16 0.00390494
17 0.00390494
18 0.00390495
19 0.00390495
20 0.00390496
21 0.00390498
22 0.00390498
23 0.00390503
24 0.00390501
25 0.00390502
26 0.00390504
27 0.00390505
28 0.00390505
29 0.00390507
30 0.00390509
31 0.0039051
32 0.00390513
33 0.0039051
34 0.00390514
35 0.00390516
36 0.00390512
37 0.00390515
38 0.00390518
39 0.00390517
40 0.00390519
41 0.00390521
42 0.00390522
43 0.00390523
44 0.00390524
45 0.00390526
46 0.00390526
47 0.00390527
48 0.00390528
49 0.00390531
50 0.00390531
51 0.00390532
52 0.00390532
53 0.00390532
54 0.00390534
55 0.00390535
56 0.00390537
57 0.00390539
58 0.00390539
59 0.00390539
60 0.00390539
61 0.00390542
62 0.00390543
63 0.00390544
64 0.00390548
65 0.00390548
66 0.00390548
67 0.00390547
68 0.0039055
69 0.00390551
70 0.00390551
71 0.00390551
72 0.00390553
73 0.00390555
74 0.00390556
75 0.00390558
76 0.00390556
77 0.00390559
78 0.00390558
79 0.00390563
80 0.00390556
81 0.00390563
82 0.00390565
83 0.00390567
84 0.00390566
85 0.00390568
86 0.00390568
87 0.00390569
88 0.00390571
89 0.00390571
90 0.00390571
91 0.00390573
92 0.00390574
93 0.00390576
94 0.00390575
95 0.00390577
96 0.00390579
97 0.00390581
98 0.00390581
99 0.00390582
100 0.00390585
101 0.00390585
102 0.00390587
103 0.00390587
104 0.00390588
105 0.00390589
106 0.0039059
107 0.00390591
108 0.00390593
109 0.00390593
110 0.00390594
111 0.00390594
112 0.00390598
113 0.00390593
114 0.00390596
115 0.00390597
116 0.00390598
117 0.00390597
118 0.00390599
119 0.00390601
120 0.00390599
121 0.00390601
122 0.00390603
123 0.00390603
124 0.00390605
125 0.00390606
126 0.00390604
127 0.00390608
128 0.00390611
129 0.00390607
130 0.00390608
131 0.00390611
132 0.00390609
133 0.00390611
134 0.00390611
135 0.00390611
136 0.00390612
137 0.00390612
138 0.00390615
139 0.00390616
140 0.00390614
141 0.00390615
142 0.00390613
143 0.00390618
144 0.00390619
145 0.00390617
146 0.00390617
147 0.0039062
148 0.00390617
149 0.00390619
150 0.00390618
151 0.00390619
152 0.00390619
153 0.0039062
154 0.0039062
155 0.00390621
156 0.00390619
157 0.00390622
158 0.00390625
159 0.00390599
160 0.00390868
161 0.003906
162 0.00390606
163 0.00390603
164 0.00390607
165 0.00390609
166 0.00390612
167 0.00390613
168 0.00390616
169 0.00390618
170 0.0039062
171 0.00390623
172 0.00390625
173 0.00390629
174 0.00390629
175 0.00390632
176 0.00390633
177 0.00390638
178 0.0039064
179 0.00390643
180 0.00390643
181 0.00390646
182 0.00390649
183 0.00390653
184 0.00390653
185 0.00390657
186 0.0039066
187 0.00390662
188 0.00390663
189 0.00390667
190 0.0039067
191 0.00390673
192 0.00390673
193 0.00390679
194 0.00390677
195 0.00390681
196 0.00390685
197 0.00390686
198 0.00390692
199 0.00390694
200 0.00390693
201 0.00390699
202 0.00390702
203 0.00390707
204 0.00390707
205 0.0039071
206 0.00390714
207 0.00390717
208 0.00390717
209 0.00390721
210 0.00390724
211 0.00390727
212 0.0039073
213 0.00390734
214 0.00390737
215 0.0039074
216 0.00390742
217 0.00390745
218 0.00390749
219 0.00390753
220 0.00390755
221 0.00390759
222 0.00390762
223 0.00390766
224 0.00390768
225 0.00390773
226 0.00390777
227 0.00390779
228 0.00390783
229 0.00390787
230 0.0039079
231 0.00390792
232 0.00390797
233 0.00390799
234 0.00390803
235 0.00390808
236 0.00390811
237 0.00390814
238 0.00390819
239 0.0039082
240 0.00390825
241 0.00390831
242 0.00390833
243 0.00390838
244 0.0039084
245 0.00390845
246 0.00390848
247 0.00390852
248 0.00390856
249 0.00390858
250 0.00390865
251 0.0039087
252 0.00390873
253 0.00390875
254 0.0039088
255 0.00390885
