0 0.00391642
1 0.00390438
2 0.00390436
3 0.00390436
4 0.00390455
5 0.00390442
6 0.00390446
7 0.00390448
8 0.0039045
9 0.00390448
10 0.00390452
11 0.00390452
12 0.00390457
13 0.00390457
14 0.00390459
15 0.00390461
16 0.0039046
17 0.00390464
18 0.00390466
19 0.00390466
20 0.00390468
21 0.0039047
22 0.00390472
23 0.00390476
24 0.00390475
25 0.00390476
26 0.00390477
27 0.0039048
28 0.00390481
29 0.00390481
30 0.00390483
31 0.00390485
32 0.0039049
33 0.00390487
34 0.00390491
35 0.00390492
36 0.00390494
37 0.00390495
38 0.00390496
39 0.00390499
40 0.00390501
41 0.00390501
42 0.00390503
43 0.00390505
44 0.00390506
45 0.00390507
46 0.00390509
47 0.00390514
48 0.00390515
49 0.0039052
50 0.0039051
51 0.00390517
52 0.00390516
53 0.00390521
54 0.00390522
55 0.00390521
56 0.00390523
57 0.00390524
58 0.0039053
59 0.00390528
60 0.0039053
61 0.00390533
62 0.00390535
63 0.00390536
64 0.00390548
65 0.00390536
66 0.00390538
67 0.00390541
68 0.00390541
69 0.00390545
70 0.00390547
71 0.00390548
72 0.00390549
73 0.0039055
74 0.00390551
75 0.00390554
76 0.00390554
77 0.00390555
78 0.00390558
79 0.00390556
80 0.00390562
81 0.0039056
82 0.00390563
83 0.00390564
84 0.00390564
85 0.00390566
86 0.00390569
87 0.00390567
88 0.00390571
89 0.0039057
90 0.00390571
91 0.00390574
92 0.00390577
93 0.00390574
94 0.00390579
95 0.00390587
96 0.00390546
97 0.00391242
98 0.00390452
99 0.00390457
100 0.00390453
101 0.00390456
102 0.00390458
103 0.00390462
104 0.00390462
105 0.00390466
106 0.00390468
107 0.00390468
108 0.00390472
109 0.00390474
110 0.00390475
111 0.00390477
112 0.00390482
113 0.00390479
114 0.00390485
115 0.00390488
116 0.00390491
117 0.00390493
118 0.00390495
119 0.00390495
120 0.00390498
121 0.00390501
122 0.00390506
123 0.00390506
124 0.00390509
125 0.0039051
126 0.00390514
127 0.00390517
128 0.00390533
129 0.0039052
130 0.00390523
131 0.00390525
132 0.00390528
133 0.00390528
134 0.0039053
135 0.00390535
136 0.00390538
137 0.0039054
138 0.00390544
139 0.00390545
140 0.00390549
141 0.00390552
142 0.00390555
143 0.00390557
144 0.00390561
145 0.00390564
146 0.00390565
147 0.00390568
148 0.0039057
149 0.00390573
150 0.00390572
151 0.00390578
152 0.00390581
153 0.00390583
154 0.00390589
155 0.00390592
156 0.00390592
157 0.00390593
158 0.00390598
159 0.00390596
160 0.00390611
161 0.00390612
162 0.00390613
163 0.00390617
164 0.0039062
165 0.00390622
166 0.00390625
167 0.00390628
168 0.00390634
169 0.00390635
170 0.00390637
171 0.00390642
172 0.00390647
173 0.00390647
174 0.00390652
175 0.00390655
176 0.00390657
177 0.00390664
178 0.00390664
179 0.00390671
180 0.00390673
181 0.00390676
182 0.00390679
183 0.00390683
184 0.00390688
185 0.00390691
186 0.00390693
187 0.00390697
188 0.003907
189 0.00390703
190 0.00390708
191 0.00390711
192 0.00390717
193 0.0039072
194 0.00390724
195 0.00390729
196 0.00390732
197 0.00390735
198 0.00390737
199 0.00390742
200 0.00390745
201 0.00390751
202 0.00390753
203 0.0039076
204 0.00390764
205 0.00390767
206 0.00390771
207 0.00390776
208 0.00390778
209 0.00390784
210 0.00390789
211 0.00390794
212 0.00390796
213 0.003908
214 0.00390804
215 0.00390809
216 0.00390814
217 0.00390816
218 0.00390821
219 0.00390827
220 0.00390832
221 0.00390836
222 0.00390841
223 0.00390845
224 0.00390854
225 0.00390853
226 0.00390862
227 0.00390864
228 0.00390871
229 0.00390873
230 0.00390878
231 0.00390882
232 0.00390888
233 0.00390893
234 0.00390899
235 0.00390903
236 0.00390907
237 0.00390913
238 0.00390918
239 0.00390924
240 0.00390928
241 0.00390933
242 0.00390939
243 0.00390945
244 0.0039095
245 0.00390955
246 0.00390959
247 0.00390967
248 0.00390973
249 0.00390977
250 0.00390983
251 0.00390987
252 0.00390993
253 0.00390998
254 0.00391002
255 0.00391013
