0 0.00391923
1 0.00390425
2 0.00390425
3 0.00390422
4 0.00390444
5 0.00390435
6 0.00390438
7 0.00390436
8 0.00390443
9 0.00390443
10 0.0039044
11 0.00390451
12 0.00390448
13 0.00390452
14 0.00390444
15 0.00390457
16 0.00390432
17 0.00390459
18 0.00390456
19 0.00390455
20 0.00390461
21 0.00390471
22 0.00390469
23 0.00390471
24 0.00390474
25 0.00390479
26 0.00390476
27 0.00390472
28 0.00390474
29 0.00390485
30 0.003905
31 0.00390486
32 0.00390483
33 0.00390488
34 0.00390491
35 0.00390495
36 0.00390493
37 0.00390497
38 0.00390497
39 0.00390501
40 0.00390501
41 0.00390509
42 0.00390508
43 0.0039051
44 0.00390511
45 0.00390516
46 0.00390515
47 0.00390511
48 0.00390515
49 0.0039052
50 0.00390522
51 0.00390525
52 0.00390524
53 0.00390529
54 0.00390531
55 0.00390531
56 0.00390531
57 0.00390536
58 0.00390539
59 0.00390541
60 0.00390541
61 0.00390549
62 0.003905
63 0.00391682
64 0.00390402
65 0.00390379
66 0.00390376
67 0.00390382
68 0.00390372
69 0.00390387
70 0.00390388
71 0.00390393
72 0.00390387
73 0.00390396
74 0.00390395
75 0.00390401
76 0.00390399
77 0.00390407
78 0.00390407
79 0.00390412
80 0.00390414
81 0.00390417
82 0.00390417
83 0.00390425
84 0.00390422
85 0.00390427
86 0.00390428
87 0.00390432
88 0.00390431
89 0.00390438
90 0.00390439
91 0.00390442
92 0.00390442
93 0.00390447
94 0.00390449
95 0.00390456
96 0.0039046
97 0.00390456
98 0.00390459
99 0.00390461
100 0.00390463
101 0.00390468
102 0.00390468
103 0.00390474
104 0.00390472
105 0.00390478
106 0.00390479
107 0.00390482
108 0.00390483
109 0.00390487
110 0.00390488
111 0.00390495
112 0.00390494
113 0.00390499
114 0.00390499
115 0.00390504
116 0.00390503
117 0.00390507
118 0.00390508
119 0.00390515
120 0.00390515
121 0.00390518
122 0.0039052
123 0.00390523
124 0.00390524
125 0.0039053
126 0.00390531
127 0.00390536
128 0.00390561
129 0.00390536
130 0.00390542
131 0.00390543
132 0.00390545
133 0.00390546
134 0.0039055
135 0.00390555
136 0.00390555
137 0.00390558
138 0.0039056
139 0.00390566
140 0.00390567
141 0.00390571
142 0.00390575
143 0.00390578
144 0.00390581
145 0.00390583
146 0.00390583
147 0.00390589
148 0.0039059
149 0.00390594
150 0.00390596
151 0.00390599
152 0.00390601
153 0.00390607
154 0.00390607
155 0.00390611
156 0.00390614
157 0.00390617
158 0.00390621
159 0.00390623
160 0.00390633
161 0.00390631
162 0.00390633
163 0.00390633
164 0.00390636
165 0.00390643
166 0.00390645
167 0.00390647
168 0.00390649
169 0.00390654
170 0.00390656
171 0.0039066
172 0.00390661
173 0.00390663
174 0.0039067
175 0.00390672
176 0.00390676
177 0.00390679
178 0.00390681
179 0.00390686
180 0.00390687
181 0.00390692
182 0.00390694
183 0.00390703
184 0.00390704
185 0.00390707
186 0.0039071
187 0.00390713
188 0.00390719
189 0.00390724
190 0.00390729
191 0.00390728
192 0.00390744
193 0.00390739
194 0.0039074
195 0.00390747
196 0.00390754
197 0.00390762
198 0.00390759
199 0.0039077
200 0.00390771
201 0.00390778
202 0.00390779
203 0.00390786
204 0.00390792
205 0.00390797
206 0.00390802
207 0.00390808
208 0.00390811
209 0.00390816
210 0.0039082
211 0.00390824
212 0.00390829
213 0.00390834
214 0.00390838
215 0.00390842
216 0.00390848
217 0.00390853
218 0.00390856
219 0.00390864
220 0.00390866
221 0.00390872
222 0.00390879
223 0.00390885
224 0.00390891
225 0.00390893
226 0.00390899
227 0.00390903
228 0.00390912
229 0.00390914
230 0.00390922
231 0.00390928
232 0.00390933
233 0.00390937
234 0.00390944
235 0.00390949
236 0.00390954
237 0.0039096
238 0.00390966
239 0.00390974
240 0.00390981
241 0.00390984
242 0.00390988
243 0.00390992
244 0.00390999
245 0.00391009
246 0.00391017
247 0.00391022
248 0.00391028
249 0.00391034
250 0.00391042
251 0.00391048
252 0.00391054
253 0.00391065
254 0.00391072
255 0.00391081
