0 0.00391415
1 0.00390455
2 0.00390457
3 0.00390455
4 0.00390468
5 0.0039044
6 0.00390465
7 0.00390464
8 0.00390465
9 0.00390466
10 0.00390467
11 0.00390469
12 0.00390471
13 0.0039047
14 0.00390472
15 0.00390474
16 0.00390478
17 0.00390477
18 0.00390476
19 0.0039048
20 0.00390481
21 0.00390483
22 0.00390483
23 0.00390486
24 0.00390486
25 0.00390488
26 0.0039049
27 0.00390491
28 0.00390493
29 0.00390493
30 0.00390493
31 0.00390495
32 0.003905
33 0.003905
34 0.00390501
35 0.00390501
36 0.00390501
37 0.00390505
38 0.00390505
39 0.00390508
40 0.00390505
41 0.00390509
42 0.00390509
43 0.00390512
44 0.00390512
45 0.00390514
46 0.00390516
47 0.00390517
48 0.0039052
49 0.00390518
50 0.00390521
51 0.00390522
52 0.00390523
53 0.00390522
54 0.00390524
55 0.00390527
56 0.00390527
57 0.00390529
58 0.0039053
59 0.00390533
60 0.00390532
61 0.00390533
62 0.00390533
63 0.00390536
64 0.00390541
65 0.00390538
66 0.00390532
67 0.00390541
68 0.0039054
69 0.00390545
70 0.00390545
71 0.00390546
72 0.00390545
73 0.00390548
74 0.00390549
75 0.00390551
76 0.00390554
77 0.00390554
78 0.00390555
79 0.00390555
80 0.00390557
81 0.00390557
82 0.00390558
83 0.00390559
84 0.0039056
85 0.00390561
86 0.00390563
87 0.00390563
88 0.00390566
89 0.00390568
90 0.00390568
91 0.00390569
92 0.0039057
93 0.00390571
94 0.00390572
95 0.00390575
96 0.00390575
97 0.00390577
98 0.00390576
99 0.00390578
100 0.00390577
101 0.00390578
102 0.00390581
103 0.00390583
104 0.00390582
105 0.00390585
106 0.00390583
107 0.00390585
108 0.00390587
109 0.00390588
110 0.00390588
111 0.00390588
112 0.0039059
113 0.0039059
114 0.00390591
115 0.00390594
116 0.00390594
117 0.00390595
118 0.00390596
119 0.00390597
120 0.00390596
121 0.00390598
122 0.00390599
123 0.00390601
124 0.00390601
125 0.00390602
126 0.00390601
127 0.00390607
128 0.00390598
129 0.00390608
130 0.0039061
131 0.00390581
132 0.00390972
133 0.00390538
134 0.0039054
135 0.00390542
136 0.00390543
137 0.00390546
138 0.00390547
139 0.00390551
140 0.00390553
141 0.00390555
142 0.00390556
143 0.00390558
144 0.00390562
145 0.00390565
146 0.00390566
147 0.00390568
148 0.0039057
149 0.00390571
150 0.00390577
151 0.0039058
152 0.00390579
153 0.00390583
154 0.00390587
155 0.00390587
156 0.00390593
157 0.00390593
158 0.00390596
159 0.00390598
160 0.00390601
161 0.00390604
162 0.00390606
163 0.00390608
164 0.00390609
165 0.00390613
166 0.00390616
167 0.00390619
168 0.0039062
169 0.00390625
170 0.00390627
171 0.00390629
172 0.0039063
173 0.00390636
174 0.00390639
175 0.0039064
176 0.00390641
177 0.00390646
178 0.00390647
179 0.00390651
180 0.00390653
181 0.00390657
182 0.00390659
183 0.00390662
184 0.00390664
185 0.00390668
186 0.00390672
187 0.00390674
188 0.00390677
189 0.00390681
190 0.00390685
191 0.00390687
192 0.0039069
193 0.00390694
194 0.00390693
195 0.003907
196 0.00390702
197 0.00390706
198 0.00390708
199 0.00390712
200 0.00390714
201 0.00390715
202 0.00390724
203 0.00390726
204 0.00390729
205 0.00390732
206 0.00390735
207 0.0039074
208 0.00390741
209 0.00390746
210 0.0039075
211 0.00390753
212 0.00390757
213 0.00390759
214 0.00390763
215 0.00390767
216 0.00390771
217 0.00390773
218 0.00390778
219 0.00390784
220 0.00390786
221 0.00390789
222 0.00390794
223 0.00390796
224 0.00390801
225 0.00390808
226 0.00390809
227 0.00390813
228 0.00390817
229 0.0039082
230 0.00390826
231 0.0039083
232 0.00390833
233 0.00390836
234 0.00390842
235 0.00390844
236 0.00390849
237 0.00390854
238 0.00390861
239 0.00390863
240 0.00390867
241 0.0039087
242 0.00390876
243 0.0039088
244 0.00390885
245 0.00390887
246 0.00390894
247 0.003909
248 0.00390903
249 0.00390908
250 0.0039091
251 0.00390915
252 0.00390919
253 0.00390927
254 0.0039093
255 0.0039094
