0 0.00391926
1 0.00390423
2 0.0039042
3 0.00390426
4 0.0039043
5 0.00390437
6 0.00390439
7 0.00390441
8 0.00390441
9 0.00390443
10 0.00390448
11 0.0039045
12 0.00390449
13 0.00390454
14 0.00390454
15 0.0039046
16 0.00390459
17 0.00390452
18 0.00390462
19 0.00390463
20 0.00390465
21 0.00390467
22 0.00390472
23 0.00390471
24 0.00390475
25 0.00390474
26 0.00390478
27 0.00390476
28 0.00390479
29 0.00390483
30 0.00390482
31 0.00390473
32 0.00390472
33 0.00390479
34 0.00390492
35 0.00390492
36 0.00390493
37 0.00390494
38 0.00390501
39 0.00390501
40 0.00390496
41 0.00390502
42 0.00390504
43 0.00390507
44 0.00390505
45 0.00390509
46 0.00390514
47 0.0039051
48 0.00390537
49 0.00390515
50 0.0039052
51 0.00390521
52 0.00390521
53 0.00390523
54 0.00390525
55 0.00390527
56 0.00390527
57 0.00390529
58 0.00390532
59 0.00390533
60 0.00390535
61 0.00390537
62 0.00390548
63 0.00390461
64 0.0039157
65 0.00390342
66 0.00390348
67 0.00390347
68 0.00390348
69 0.00390349
70 0.00390355
71 0.00390353
72 0.00390357
73 0.00390358
74 0.00390361
75 0.00390361
76 0.00390364
77 0.00390365
78 0.0039037
79 0.00390371
80 0.00390377
81 0.00390375
82 0.00390378
83 0.00390382
84 0.00390383
85 0.00390382
86 0.00390386
87 0.00390387
88 0.00390392
89 0.00390391
90 0.00390394
91 0.00390396
92 0.003904
93 0.00390401
94 0.00390404
95 0.00390407
96 0.00390413
97 0.00390409
98 0.00390415
99 0.00390414
100 0.00390416
101 0.00390418
102 0.00390422
103 0.00390424
104 0.00390427
105 0.00390429
106 0.00390431
107 0.00390433
108 0.00390436
109 0.0039044
110 0.0039044
111 0.00390443
112 0.00390449
113 0.00390451
114 0.00390449
115 0.00390452
116 0.00390455
117 0.00390458
118 0.00390459
119 0.00390465
120 0.00390464
121 0.00390471
122 0.00390471
123 0.00390474
124 0.00390475
125 0.00390478
126 0.00390484
127 0.00390489
128 0.0039049
129 0.0039047
130 0.00390488
131 0.00390493
132 0.00390496
133 0.003905
134 0.003905
135 0.00390503
136 0.00390505
137 0.0039051
138 0.00390513
139 0.00390517
140 0.00390522
141 0.00390523
142 0.00390527
143 0.00390531
144 0.00390535
145 0.00390536
146 0.00390537
147 0.00390542
148 0.00390545
149 0.00390549
150 0.00390554
151 0.00390557
152 0.0039056
153 0.00390562
154 0.00390567
155 0.0039057
156 0.00390572
157 0.00390578
158 0.00390579
159 0.00390586
160 0.00390584
161 0.00390592
162 0.00390593
163 0.00390597
164 0.00390601
165 0.00390605
166 0.00390609
167 0.00390612
168 0.00390616
169 0.00390618
170 0.00390622
171 0.00390627
172 0.00390629
173 0.00390634
174 0.00390638
175 0.00390642
176 0.00390647
177 0.0039065
178 0.00390654
179 0.00390655
180 0.0039066
181 0.00390663
182 0.00390669
183 0.00390673
184 0.00390677
185 0.00390681
186 0.00390687
187 0.00390689
188 0.00390695
189 0.003907
190 0.00390703
191 0.00390716
192 0.00394965
193 0.00390738
194 0.00390754
195 0.00390759
196 0.00390768
197 0.00390768
198 0.00390776
199 0.00390777
200 0.00390786
201 0.00390791
202 0.00390796
203 0.00390799
204 0.00390805
205 0.00390809
206 0.00390815
207 0.00390818
208 0.00390823
209 0.00390836
210 0.00390836
211 0.00390839
212 0.00390844
213 0.00390849
214 0.00390857
215 0.00390861
216 0.00390863
217 0.00390868
218 0.00390876
219 0.00390882
220 0.00390885
221 0.00390886
222 0.00390896
223 0.00390908
224 0.00390908
225 0.00390919
226 0.00390919
227 0.00390923
228 0.00390928
229 0.00390935
230 0.0039094
231 0.00390947
232 0.00390953
233 0.00390957
234 0.00390966
235 0.00390971
236 0.00390975
237 0.00390981
238 0.00390988
239 0.00390995
240 0.00391005
241 0.00391007
242 0.00391013
243 0.0039102
244 0.00391022
245 0.0039103
246 0.00391037
247 0.00391043
248 0.00391049
249 0.00391059
250 0.00391063
251 0.00391072
252 0.00391069
253 0.00391084
254 0.00391093
255 0.00391095
