0 0.00391012
1 0.00390558
2 0.00390558
3 0.0039056
4 0.00390561
5 0.0039056
6 0.00390558
7 0.0039056
8 0.0039056
9 0.00390562
10 0.00390563
11 0.00390566
12 0.00390567
13 0.00390566
14 0.00390565
15 0.00390567
16 0.00390568
17 0.0039057
18 0.00390568
19 0.00390569
20 0.0039057
21 0.00390572
22 0.00390571
23 0.00390573
24 0.00390573
25 0.00390572
26 0.00390574
27 0.00390575
28 0.00390574
29 0.00390575
30 0.00390575
31 0.00390577
32 0.00390577
33 0.00390579
34 0.00390578
35 0.00390579
36 0.0039058
37 0.00390581
38 0.00390581
39 0.00390582
40 0.00390582
41 0.00390583
42 0.00390585
43 0.00390583
44 0.00390586
45 0.00390587
46 0.00390585
47 0.00390587
48 0.00390588
49 0.00390588
50 0.0039059
51 0.00390588
52 0.00390589
53 0.00390591
54 0.00390593
55 0.00390591
56 0.00390593
57 0.00390594
58 0.00390596
59 0.00390597
60 0.00390596
61 0.00390594
62 0.003906
63 0.00390599
64 0.00390599
65 0.003906
66 0.003906
67 0.00390601
68 0.003906
69 0.00390601
70 0.003906
71 0.00390601
72 0.00390601
73 0.00390603
74 0.00390602
75 0.00390606
76 0.00390604
77 0.00390606
78 0.00390606
79 0.00390609
80 0.00390608
81 0.00390609
82 0.00390611
83 0.00390611
84 0.0039061
85 0.00390612
86 0.00390612
87 0.00390613
88 0.00390613
89 0.00390616
90 0.00390613
91 0.00390617
92 0.00390615
93 0.00390617
94 0.00390617
95 0.00390619
96 0.00390617
97 0.00390619
98 0.00390617
99 0.00390619
100 0.0039062
101 0.0039062
102 0.00390622
103 0.00390623
104 0.00390624
105 0.00390623
106 0.00390622
107 0.00390623
108 0.00390626
109 0.00390627
110 0.00390624
111 0.00390625
112 0.00390627
113 0.00390626
114 0.00390626
115 0.00390627
116 0.0039063
117 0.00390629
118 0.00390628
119 0.00390629
120 0.00390632
121 0.00390632
122 0.00390631
123 0.00390632
124 0.00390636
125 0.00390633
126 0.00390633
127 0.00390635
128 0.00390635
129 0.00390635
130 0.00390633
131 0.00390635
132 0.00390637
133 0.00390637
134 0.00390636
135 0.00390639
136 0.00390637
137 0.00390639
138 0.00390638
139 0.00390639
140 0.00390639
141 0.0039064
142 0.00390639
143 0.00390641
144 0.00390644
145 0.00390641
146 0.00390644
147 0.0039064
148 0.00390643
149 0.00390643
150 0.00390641
151 0.00390643
152 0.00390643
153 0.00390643
154 0.00390644
155 0.00390644
156 0.00390644
157 0.00390647
158 0.00390646
159 0.00390646
160 0.00390647
161 0.00390645
162 0.00390646
163 0.00390644
164 0.00390647
165 0.00390646
166 0.00390648
167 0.00390648
168 0.00390647
169 0.00390647
170 0.00390648
171 0.00390647
172 0.00390647
173 0.00390649
174 0.00390648
175 0.00390648
176 0.00390648
177 0.00390649
178 0.00390649
179 0.00390648
180 0.00390647
181 0.00390649
182 0.00390648
183 0.00390648
184 0.00390648
185 0.00390647
186 0.00390648
187 0.00390648
188 0.00390647
189 0.00390647
190 0.0039065
191 0.00390649
192 0.00390651
193 0.00390647
194 0.00390647
195 0.00390648
196 0.00390647
197 0.00390647
198 0.00390647
199 0.00390647
200 0.00390648
201 0.00390649
202 0.00390647
203 0.00390647
204 0.00390646
205 0.00390647
206 0.00390645
207 0.00390645
208 0.00390643
209 0.00390643
210 0.00390643
211 0.00390642
212 0.00390643
213 0.00390643
214 0.00390641
215 0.00390643
216 0.00390641
217 0.00390642
218 0.00390643
219 0.00390639
220 0.00390637
221 0.00390638
222 0.00390639
223 0.00390638
224 0.00390638
225 0.00390638
226 0.00390637
227 0.00390636
228 0.00390635
229 0.00390634
230 0.00390632
231 0.00390633
232 0.00390632
233 0.0039063
234 0.00390632
235 0.00390629
236 0.00390629
237 0.00390627
238 0.00390626
239 0.00390624
240 0.00390626
241 0.00390623
242 0.00390621
243 0.00390622
244 0.0039062
245 0.00390621
246 0.00390608
247 0.0039065
248 0.00390764
249 0.0039077
250 0.00390767
251 0.00390769
252 0.00390772
253 0.00390774
254 0.00390776
255 0.00390778
