0 0.00391932
1 0.00390436
2 0.00390431
3 0.00390428
4 0.00390449
5 0.00390437
6 0.00390442
7 0.00390441
8 0.00390446
9 0.00390447
10 0.00390448
11 0.0039045
12 0.00390451
13 0.00390451
14 0.00390457
15 0.00390457
16 0.00390484
17 0.0039046
18 0.00390472
19 0.00390463
20 0.00390467
21 0.00390468
22 0.00390471
23 0.00390475
24 0.00390475
25 0.00390477
26 0.00390479
27 0.0039048
28 0.00390481
29 0.00390482
30 0.00390488
31 0.00390497
32 0.00390517
33 0.00390498
34 0.0039049
35 0.00390494
36 0.00390496
37 0.00390496
38 0.003905
39 0.00390503
40 0.00390505
41 0.00390505
42 0.00390507
43 0.00390511
44 0.00390511
45 0.00390512
46 0.00390514
47 0.00390515
48 0.00390539
49 0.00390516
50 0.00390521
51 0.00390524
52 0.00390524
53 0.00390526
54 0.00390528
55 0.00390531
56 0.00390535
57 0.00390533
58 0.00390536
59 0.00390538
60 0.00390539
61 0.00390541
62 0.00390543
63 0.00390553
64 0.00390508
65 0.00391645
66 0.00390373
67 0.00390377
68 0.00390378
69 0.00390378
70 0.00390382
71 0.00390384
72 0.00390386
73 0.00390388
74 0.00390391
75 0.00390391
76 0.00390396
77 0.00390393
78 0.003904
79 0.00390402
80 0.00390407
81 0.00390402
82 0.00390404
83 0.00390408
84 0.00390411
85 0.00390414
86 0.00390414
87 0.00390417
88 0.00390421
89 0.00390423
90 0.00390423
91 0.00390427
92 0.0039043
93 0.00390429
94 0.00390433
95 0.00390437
96 0.00390442
97 0.00390438
98 0.00390443
99 0.00390443
100 0.00390444
101 0.00390448
102 0.00390453
103 0.00390454
104 0.00390457
105 0.00390459
106 0.00390462
107 0.00390462
108 0.00390466
109 0.00390469
110 0.00390472
111 0.00390477
112 0.00390479
113 0.00390477
114 0.00390482
115 0.00390483
116 0.00390485
117 0.00390487
118 0.0039049
119 0.00390492
120 0.00390499
121 0.00390498
122 0.00390502
123 0.00390503
124 0.00390504
125 0.00390509
126 0.0039051
127 0.0039051
128 0.00390537
129 0.00390522
130 0.00390521
131 0.00390528
132 0.00390528
133 0.00390526
134 0.00390532
135 0.00390535
136 0.0039054
137 0.0039054
138 0.00390544
139 0.00390546
140 0.00390551
141 0.00390554
142 0.00390556
143 0.0039056
144 0.00390563
145 0.00390566
146 0.00390569
147 0.0039057
148 0.00390575
149 0.00390578
150 0.00390584
151 0.00390584
152 0.00390589
153 0.00390593
154 0.00390597
155 0.00390599
156 0.00390602
157 0.00390605
158 0.00390607
159 0.00390613
160 0.00390617
161 0.00390627
162 0.00390624
163 0.00390627
164 0.0039063
165 0.00390633
166 0.00390636
167 0.00390641
168 0.00390647
169 0.00390647
170 0.00390654
171 0.00390658
172 0.00390661
173 0.00390663
174 0.00390667
175 0.00390673
176 0.00390679
177 0.00390676
178 0.00390683
179 0.00390687
180 0.0039069
181 0.00390692
182 0.003907
183 0.00390701
184 0.00390705
185 0.00390711
186 0.00390717
187 0.00390719
188 0.00390724
189 0.00390729
190 0.00390732
191 0.00390745
192 0.00390761
193 0.00390753
194 0.00390758
195 0.00390757
196 0.00390762
197 0.00390766
198 0.00390772
199 0.00390777
200 0.00390783
201 0.00390785
202 0.00390789
203 0.00390797
204 0.00390801
205 0.00390807
206 0.00390809
207 0.00390815
208 0.00390823
209 0.00390824
210 0.0039083
211 0.00390835
212 0.00390841
213 0.00390842
214 0.00390845
215 0.00390854
216 0.00390858
217 0.00390867
218 0.00390871
219 0.00390876
220 0.00390881
221 0.00390886
222 0.00390891
223 0.00390899
224 0.00390905
225 0.00390917
226 0.00390914
227 0.00390919
228 0.00390925
229 0.00390929
230 0.00390939
231 0.00390943
232 0.00390949
233 0.00390956
234 0.00390961
235 0.00390967
236 0.00390973
237 0.00390975
238 0.00390986
239 0.00390994
240 0.00391003
241 0.00391004
242 0.00391013
243 0.00391015
244 0.00391021
245 0.00391024
246 0.00391035
247 0.0039104
248 0.00391047
249 0.00391053
250 0.00391061
251 0.00391067
252 0.00391076
253 0.00391081
254 0.00391089
255 0.003911
