0 0.00391148
1 0.00390504
2 0.00390507
3 0.00390504
4 0.0039051
5 0.00390507
6 0.00390508
7 0.0039051
8 0.0039051
9 0.00390512
10 0.00390511
11 0.00390514
12 0.00390513
13 0.00390514
14 0.00390516
15 0.00390516
16 0.00390519
17 0.0039052
18 0.0039052
19 0.00390522
20 0.0039052
21 0.00390521
22 0.00390524
23 0.00390525
24 0.00390524
25 0.00390525
26 0.00390527
27 0.00390527
28 0.00390528
29 0.00390529
30 0.0039053
31 0.00390531
32 0.00390531
33 0.00390531
34 0.00390534
35 0.00390535
36 0.00390536
37 0.00390537
38 0.00390536
39 0.00390538
40 0.00390539
41 0.00390541
42 0.00390541
43 0.00390541
44 0.00390542
45 0.00390541
46 0.00390544
47 0.00390546
48 0.00390546
49 0.00390548
50 0.00390548
51 0.00390552
52 0.00390551
53 0.00390551
54 0.00390552
55 0.00390552
56 0.00390552
57 0.00390556
58 0.00390556
59 0.00390558
60 0.00390558
61 0.00390559
62 0.00390557
63 0.00390558
64 0.00390563
65 0.00390562
66 0.00390565
67 0.00390567
68 0.00390567
69 0.00390565
70 0.0039057
71 0.00390571
72 0.00390571
73 0.0039057
74 0.00390571
75 0.00390573
76 0.00390576
77 0.00390574
78 0.00390576
79 0.00390576
80 0.00390576
81 0.00390579
82 0.00390579
83 0.00390578
84 0.00390579
85 0.00390582
86 0.00390582
87 0.00390582
88 0.00390585
89 0.00390585
90 0.00390588
91 0.00390586
92 0.00390587
93 0.00390587
94 0.00390589
95 0.0039059
96 0.00390591
97 0.00390595
98 0.0039059
99 0.00390592
100 0.00390594
101 0.00390594
102 0.00390598
103 0.00390596
104 0.00390596
105 0.00390598
106 0.00390596
107 0.003906
108 0.00390599
109 0.00390599
110 0.00390599
111 0.00390603
112 0.00390603
113 0.00390602
114 0.00390605
115 0.00390604
116 0.00390608
117 0.00390605
118 0.00390608
119 0.00390609
120 0.00390609
121 0.0039061
122 0.00390611
123 0.00390611
124 0.00390614
125 0.00390611
126 0.00390613
127 0.00390612
128 0.00390617
129 0.00390615
130 0.00390616
131 0.00390616
132 0.00390615
133 0.00390616
134 0.00390616
135 0.00390617
136 0.0039062
137 0.00390618
138 0.00390621
139 0.00390621
140 0.0039062
141 0.0039062
142 0.0039062
143 0.00390621
144 0.00390622
145 0.00390623
146 0.00390624
147 0.00390623
148 0.00390625
149 0.00390626
150 0.00390624
151 0.00390624
152 0.00390625
153 0.00390625
154 0.00390626
155 0.00390626
156 0.00390625
157 0.00390626
158 0.00390626
159 0.00390627
160 0.00390629
161 0.00390629
162 0.00390628
163 0.00390628
164 0.00390629
165 0.00390628
166 0.00390629
167 0.0039063
168 0.00390632
169 0.00390629
170 0.0039063
171 0.0039063
172 0.00390629
173 0.00390631
174 0.00390631
175 0.00390627
176 0.0039063
177 0.00390631
178 0.00390631
179 0.00390632
180 0.0039063
181 0.0039063
182 0.0039063
183 0.00390631
184 0.00390629
185 0.00390632
186 0.00390629
187 0.00390631
188 0.0039063
189 0.00390633
190 0.00390629
191 0.00390634
192 0.00390613
193 0.00390731
194 0.00390668
195 0.00390674
196 0.00390674
197 0.00390678
198 0.00390677
199 0.0039068
200 0.00390682
201 0.00390685
202 0.00390689
203 0.00390688
204 0.00390691
205 0.00390693
206 0.00390696
207 0.00390699
208 0.00390703
209 0.00390704
210 0.00390705
211 0.00390707
212 0.00390709
213 0.00390714
214 0.00390711
215 0.00390718
216 0.00390721
217 0.00390722
218 0.00390725
219 0.00390729
220 0.00390729
221 0.00390734
222 0.00390737
223 0.00390738
224 0.00390739
225 0.00390743
226 0.00390744
227 0.00390751
228 0.00390751
229 0.00390758
230 0.0039076
231 0.00390758
232 0.00390762
233 0.00390766
234 0.00390767
235 0.00390771
236 0.00390774
237 0.00390779
238 0.00390778
239 0.00390785
240 0.00390787
241 0.00390788
242 0.00390795
243 0.00390797
244 0.00390796
245 0.00390802
246 0.00390805
247 0.00390809
248 0.00390811
249 0.00390816
250 0.00390819
251 0.00390821
252 0.00390823
253 0.00390826
254 0.00390831
255 0.00390835
