0 0.00391074
1 0.0039053
2 0.00390529
3 0.0039053
4 0.00390538
5 0.00390532
6 0.00390533
7 0.00390534
8 0.00390536
9 0.00390536
10 0.00390536
11 0.00390535
12 0.00390537
13 0.0039054
14 0.00390538
15 0.0039054
16 0.00390541
17 0.0039054
18 0.0039054
19 0.00390543
20 0.00390542
21 0.00390545
22 0.00390546
23 0.00390547
24 0.00390548
25 0.00390548
26 0.00390548
27 0.00390551
28 0.00390549
29 0.00390552
30 0.0039055
31 0.00390554
32 0.00390554
33 0.00390553
34 0.00390554
35 0.00390557
36 0.00390555
37 0.00390557
38 0.00390559
39 0.00390562
40 0.00390561
41 0.00390561
42 0.00390563
43 0.00390564
44 0.00390565
45 0.00390566
46 0.00390565
47 0.00390565
48 0.00390569
49 0.00390568
50 0.00390568
51 0.0039057
52 0.00390569
53 0.00390571
54 0.00390572
55 0.00390573
56 0.00390573
57 0.00390576
58 0.00390575
59 0.00390575
60 0.00390574
61 0.00390578
62 0.00390581
63 0.0039058
64 0.00390582
65 0.00390581
66 0.0039058
67 0.00390582
68 0.00390582
69 0.00390583
70 0.00390584
71 0.00390584
72 0.00390586
73 0.00390588
74 0.00390585
75 0.00390589
76 0.00390589
77 0.00390589
78 0.0039059
79 0.00390591
80 0.00390591
81 0.00390592
82 0.00390593
83 0.00390592
84 0.00390593
85 0.00390595
86 0.00390595
87 0.00390597
88 0.00390596
89 0.003906
90 0.00390599
91 0.00390599
92 0.00390601
93 0.00390602
94 0.00390601
95 0.00390602
96 0.00390602
97 0.00390604
98 0.00390602
99 0.00390603
100 0.00390605
101 0.00390607
102 0.00390609
103 0.00390607
104 0.00390608
105 0.00390608
106 0.0039061
107 0.00390611
108 0.00390611
109 0.00390612
110 0.0039061
111 0.00390612
112 0.00390613
113 0.00390614
114 0.00390615
115 0.00390616
116 0.00390618
117 0.00390616
118 0.00390617
119 0.00390619
120 0.00390618
121 0.00390619
122 0.00390622
123 0.0039062
124 0.00390621
125 0.00390622
126 0.00390621
127 0.00390624
128 0.00390623
129 0.00390621
130 0.00390624
131 0.00390624
132 0.00390623
133 0.00390625
134 0.00390626
135 0.00390625
136 0.00390627
137 0.00390628
138 0.00390626
139 0.00390628
140 0.00390629
141 0.00390627
142 0.00390628
143 0.00390631
144 0.00390629
145 0.00390632
146 0.00390631
147 0.00390631
148 0.00390632
149 0.00390631
150 0.00390634
151 0.00390633
152 0.00390634
153 0.00390633
154 0.00390634
155 0.00390635
156 0.00390634
157 0.00390635
158 0.00390636
159 0.00390634
160 0.00390635
161 0.00390636
162 0.00390635
163 0.00390637
164 0.00390635
165 0.00390636
166 0.00390637
167 0.00390635
168 0.00390637
169 0.00390636
170 0.00390636
171 0.00390638
172 0.00390636
173 0.00390638
174 0.00390635
175 0.00390637
176 0.00390639
177 0.00390638
178 0.00390639
179 0.0039064
180 0.00390639
181 0.00390638
182 0.00390637
183 0.00390638
184 0.00390638
185 0.00390638
186 0.00390636
187 0.00390637
188 0.00390637
189 0.00390638
190 0.00390638
191 0.00390636
192 0.00390636
193 0.00390636
194 0.00390637
195 0.00390635
196 0.00390635
197 0.00390636
198 0.00390635
199 0.00390635
200 0.00390633
201 0.00390635
202 0.00390635
203 0.00390631
204 0.00390632
205 0.00390634
206 0.00390635
207 0.00390634
208 0.00390631
209 0.00390632
210 0.00390631
211 0.00390632
212 0.00390632
213 0.00390629
214 0.00390626
215 0.00390628
216 0.00390627
217 0.00390629
218 0.0039063
219 0.00390613
220 0.00390681
221 0.0039072
222 0.00390724
223 0.00390723
224 0.00390726
225 0.00390728
226 0.00390732
227 0.00390734
228 0.00390736
229 0.00390739
230 0.0039074
231 0.00390741
232 0.00390744
233 0.00390746
234 0.00390749
235 0.00390752
236 0.00390753
237 0.00390757
238 0.00390758
239 0.0039076
240 0.00390763
241 0.00390765
242 0.00390769
243 0.00390771
244 0.00390774
245 0.00390777
246 0.00390779
247 0.00390781
248 0.00390786
249 0.00390787
250 0.0039079
251 0.00390792
252 0.00390796
253 0.00390798
254 0.003908
255 0.00390802
