0 0.00391254
1 0.00390479
2 0.0039048
3 0.0039048
4 0.00390488
5 0.00390484
6 0.00390483
7 0.00390487
8 0.00390486
9 0.00390486
10 0.00390486
11 0.00390492
12 0.00390489
13 0.00390494
14 0.00390493
15 0.00390495
16 0.00390496
17 0.00390497
18 0.00390498
19 0.00390498
20 0.00390501
21 0.00390499
22 0.003905
23 0.00390503
24 0.00390505
25 0.00390506
26 0.00390505
27 0.00390509
28 0.00390509
29 0.00390509
30 0.0039051
31 0.0039051
32 0.00390512
33 0.00390514
34 0.00390517
35 0.00390515
36 0.00390516
37 0.0039052
38 0.00390519
39 0.00390521
40 0.00390521
41 0.00390523
42 0.00390526
43 0.00390526
44 0.00390527
45 0.00390526
46 0.00390528
47 0.0039053
48 0.00390531
49 0.00390531
50 0.00390531
51 0.00390533
52 0.00390532
53 0.00390535
54 0.00390535
55 0.00390537
56 0.00390539
57 0.00390539
58 0.00390541
59 0.00390543
60 0.00390541
61 0.00390543
62 0.00390544
63 0.00390546
64 0.00390549
65 0.00390549
66 0.00390548
67 0.00390549
68 0.00390551
69 0.00390552
70 0.00390555
71 0.00390554
72 0.00390555
73 0.00390557
74 0.00390558
75 0.00390559
76 0.00390559
77 0.00390561
78 0.00390562
79 0.00390562
80 0.00390565
81 0.00390564
82 0.0039056
83 0.00390568
84 0.00390568
85 0.00390567
86 0.0039057
87 0.00390571
88 0.00390571
89 0.00390573
90 0.00390572
91 0.00390573
92 0.00390577
93 0.00390577
94 0.00390576
95 0.00390581
96 0.00390582
97 0.00390582
98 0.00390583
99 0.00390582
100 0.00390586
101 0.00390588
102 0.00390588
103 0.00390586
104 0.00390587
105 0.0039059
106 0.00390589
107 0.00390593
108 0.00390592
109 0.00390592
110 0.00390592
111 0.00390596
112 0.00390598
113 0.00390595
114 0.00390596
115 0.00390599
116 0.00390598
117 0.003906
118 0.00390598
119 0.003906
120 0.00390602
121 0.00390601
122 0.00390603
123 0.00390604
124 0.00390604
125 0.00390606
126 0.00390606
127 0.00390608
128 0.00390609
129 0.00390607
130 0.00390609
131 0.0039061
132 0.00390611
133 0.00390608
134 0.00390609
135 0.00390611
136 0.00390612
137 0.00390612
138 0.00390613
139 0.00390615
140 0.00390615
141 0.00390615
142 0.00390616
143 0.00390615
144 0.00390616
145 0.00390617
146 0.00390618
147 0.00390619
148 0.00390618
149 0.00390619
150 0.00390619
151 0.00390617
152 0.00390618
153 0.00390619
154 0.0039062
155 0.0039062
156 0.00390622
157 0.00390621
158 0.00390622
159 0.00390624
160 0.00390623
161 0.00390623
162 0.00390625
163 0.00390603
164 0.00390818
165 0.0039061
166 0.00390614
167 0.00390614
168 0.00390617
169 0.00390618
170 0.00390622
171 0.00390622
172 0.00390624
173 0.00390628
174 0.0039063
175 0.0039063
176 0.00390635
177 0.00390637
178 0.00390638
179 0.00390642
180 0.00390643
181 0.00390646
182 0.00390648
183 0.00390651
184 0.00390654
185 0.00390656
186 0.00390657
187 0.00390661
188 0.00390663
189 0.00390667
190 0.00390669
191 0.00390671
192 0.00390672
193 0.00390676
194 0.00390678
195 0.00390682
196 0.00390684
197 0.00390686
198 0.00390688
199 0.00390692
200 0.00390695
201 0.00390697
202 0.00390698
203 0.00390702
204 0.00390704
205 0.00390709
206 0.00390711
207 0.00390713
208 0.00390718
209 0.00390719
210 0.00390719
211 0.00390725
212 0.00390727
213 0.00390731
214 0.00390734
215 0.00390738
216 0.0039074
217 0.00390743
218 0.00390746
219 0.00390749
220 0.00390754
221 0.00390756
222 0.00390758
223 0.00390763
224 0.00390766
225 0.00390771
226 0.00390774
227 0.00390774
228 0.00390779
229 0.00390783
230 0.00390787
231 0.0039079
232 0.00390793
233 0.00390796
234 0.00390799
235 0.00390803
236 0.00390805
237 0.00390811
238 0.00390814
239 0.00390816
240 0.00390821
241 0.00390825
242 0.00390829
243 0.00390832
244 0.00390836
245 0.00390838
246 0.00390844
247 0.00390849
248 0.00390851
249 0.00390855
250 0.00390857
251 0.00390859
252 0.00390866
253 0.00390871
254 0.00390871
255 0.00390881
