0 0.00391041
1 0.00390543
2 0.00390543
3 0.00390545
4 0.00390545
5 0.00390544
6 0.00390545
7 0.00390546
8 0.00390547
9 0.00390546
10 0.00390547
11 0.00390549
12 0.0039055
13 0.00390551
14 0.00390549
15 0.0039055
16 0.00390554
17 0.00390555
18 0.00390552
19 0.00390554
20 0.00390554
21 0.00390557
22 0.00390558
23 0.00390557
24 0.00390556
25 0.00390558
26 0.00390558
27 0.00390562
28 0.0039056
29 0.00390561
30 0.00390561
31 0.00390564
32 0.00390566
33 0.00390567
34 0.00390566
35 0.00390566
36 0.00390569
37 0.00390568
38 0.00390569
39 0.00390571
40 0.00390569
41 0.0039057
42 0.00390573
43 0.00390572
44 0.00390573
45 0.00390574
46 0.00390575
47 0.00390574
48 0.00390576
49 0.00390578
50 0.00390578
51 0.00390578
52 0.00390581
53 0.00390579
54 0.00390582
55 0.00390582
56 0.00390581
57 0.00390584
58 0.00390582
59 0.00390584
60 0.00390586
61 0.00390585
62 0.00390586
63 0.00390587
64 0.00390588
65 0.00390588
66 0.00390589
67 0.00390589
68 0.00390591
69 0.00390592
70 0.00390592
71 0.00390592
72 0.00390594
73 0.00390595
74 0.00390594
75 0.00390595
76 0.00390597
77 0.00390599
78 0.00390599
79 0.00390597
80 0.003906
81 0.00390599
82 0.00390601
83 0.00390599
84 0.00390601
85 0.00390602
86 0.00390602
87 0.00390603
88 0.00390604
89 0.00390605
90 0.00390605
91 0.00390607
92 0.00390608
93 0.0039061
94 0.00390606
95 0.00390608
96 0.00390611
97 0.0039061
98 0.00390612
99 0.0039061
100 0.00390611
101 0.0039061
102 0.00390612
103 0.00390613
104 0.00390616
105 0.00390615
106 0.00390615
107 0.00390617
108 0.00390616
109 0.00390616
110 0.00390616
111 0.00390617
112 0.00390619
113 0.0039062
114 0.0039062
115 0.00390622
116 0.00390617
117 0.00390622
118 0.00390623
119 0.00390623
120 0.00390625
121 0.00390625
122 0.00390625
123 0.00390624
124 0.00390625
125 0.00390626
126 0.00390628
127 0.00390628
128 0.00390629
129 0.00390628
130 0.00390628
131 0.00390629
132 0.00390629
133 0.0039063
134 0.00390629
135 0.0039063
136 0.00390631
137 0.00390632
138 0.00390632
139 0.00390631
140 0.00390631
141 0.00390634
142 0.00390633
143 0.00390633
144 0.00390636
145 0.00390635
146 0.00390636
147 0.00390636
148 0.00390637
149 0.00390636
150 0.00390638
151 0.00390637
152 0.00390637
153 0.00390637
154 0.00390637
155 0.00390636
156 0.00390639
157 0.00390639
158 0.00390639
159 0.0039064
160 0.0039064
161 0.0039064
162 0.00390641
163 0.00390642
164 0.0039064
165 0.00390639
166 0.00390641
167 0.00390642
168 0.00390641
169 0.00390643
170 0.00390642
171 0.00390642
172 0.00390642
173 0.00390641
174 0.00390642
175 0.00390642
176 0.00390644
177 0.00390641
178 0.0039064
179 0.00390642
180 0.00390644
181 0.00390642
182 0.00390644
183 0.00390642
184 0.00390641
185 0.00390642
186 0.00390642
187 0.00390643
188 0.00390641
189 0.00390645
190 0.00390642
191 0.00390641
192 0.00390642
193 0.00390641
194 0.00390642
195 0.00390639
196 0.00390642
197 0.00390641
198 0.00390641
199 0.0039064
200 0.0039064
201 0.0039064
202 0.00390638
203 0.00390638
204 0.00390638
205 0.0039064
206 0.00390637
207 0.00390639
208 0.00390639
209 0.00390638
210 0.00390635
211 0.00390637
212 0.00390635
213 0.00390635
214 0.00390636
215 0.00390635
216 0.00390632
217 0.00390634
218 0.00390632
219 0.00390633
220 0.00390632
221 0.0039063
222 0.00390631
223 0.00390629
224 0.00390629
225 0.00390628
226 0.00390626
227 0.00390626
228 0.00390626
229 0.00390624
230 0.00390629
231 0.00390612
232 0.00390665
233 0.00390738
234 0.00390743
235 0.00390744
236 0.00390747
237 0.00390748
238 0.00390752
239 0.00390755
240 0.00390757
241 0.00390758
242 0.00390761
243 0.00390764
244 0.00390765
245 0.00390767
246 0.00390768
247 0.00390772
248 0.00390774
249 0.00390777
250 0.00390781
251 0.00390783
252 0.00390783
253 0.00390785
254 0.0039079
255 0.00390794
