0 0.00391044
1 0.00390541
2 0.00390542
3 0.00390544
4 0.00390545
5 0.00390545
6 0.00390543
7 0.00390544
8 0.00390548
9 0.00390547
10 0.00390548
11 0.00390548
12 0.00390549
13 0.00390548
14 0.0039055
15 0.00390551
16 0.00390552
17 0.00390553
18 0.0039055
19 0.00390554
20 0.00390554
21 0.00390555
22 0.00390556
23 0.00390557
24 0.00390556
25 0.00390558
26 0.0039056
27 0.00390559
28 0.0039056
29 0.00390561
30 0.00390565
31 0.00390562
32 0.00390564
33 0.00390566
34 0.00390565
35 0.00390567
36 0.00390566
37 0.00390567
38 0.0039057
39 0.00390569
40 0.00390569
41 0.00390569
42 0.0039057
43 0.00390572
44 0.00390572
45 0.00390574
46 0.00390573
47 0.00390574
48 0.00390576
49 0.00390576
50 0.00390575
51 0.00390579
52 0.00390578
53 0.00390579
54 0.00390578
55 0.0039058
56 0.00390581
57 0.00390582
58 0.00390582
59 0.00390585
60 0.00390584
61 0.00390585
62 0.00390585
63 0.00390586
64 0.00390588
65 0.00390588
66 0.00390588
67 0.00390588
68 0.00390589
69 0.0039059
70 0.0039059
71 0.00390593
72 0.00390592
73 0.00390592
74 0.00390593
75 0.00390596
76 0.00390596
77 0.00390594
78 0.00390595
79 0.00390595
80 0.00390599
81 0.00390599
82 0.00390601
83 0.003906
84 0.003906
85 0.00390601
86 0.00390603
87 0.00390602
88 0.00390604
89 0.00390604
90 0.00390603
91 0.00390605
92 0.00390605
93 0.00390607
94 0.00390607
95 0.00390608
96 0.00390608
97 0.0039061
98 0.00390608
99 0.00390612
100 0.0039061
101 0.00390612
102 0.00390612
103 0.00390614
104 0.00390616
105 0.00390615
106 0.00390614
107 0.00390615
108 0.00390616
109 0.00390618
110 0.00390617
111 0.00390618
112 0.00390618
113 0.00390619
114 0.0039062
115 0.00390621
116 0.00390623
117 0.00390622
118 0.00390622
119 0.00390623
120 0.00390624
121 0.00390624
122 0.00390623
123 0.00390622
124 0.00390625
125 0.00390627
126 0.00390627
127 0.00390626
128 0.00390629
129 0.0039063
130 0.00390627
131 0.00390627
132 0.00390632
133 0.00390628
134 0.0039063
135 0.00390632
136 0.0039063
137 0.00390633
138 0.0039063
139 0.00390633
140 0.00390631
141 0.00390635
142 0.00390632
143 0.00390634
144 0.00390635
145 0.00390634
146 0.00390635
147 0.00390636
148 0.00390634
149 0.00390635
150 0.00390636
151 0.00390635
152 0.00390636
153 0.00390637
154 0.00390639
155 0.00390637
156 0.00390638
157 0.00390641
158 0.00390639
159 0.00390639
160 0.00390639
161 0.00390641
162 0.0039064
163 0.00390639
164 0.0039064
165 0.0039064
166 0.0039064
167 0.00390641
168 0.00390643
169 0.00390641
170 0.00390642
171 0.00390641
172 0.00390642
173 0.00390641
174 0.00390639
175 0.00390643
176 0.00390642
177 0.00390642
178 0.00390641
179 0.00390644
180 0.00390643
181 0.00390642
182 0.00390644
183 0.00390643
184 0.00390644
185 0.0039064
186 0.00390642
187 0.00390642
188 0.00390643
189 0.00390642
190 0.00390641
191 0.00390642
192 0.00390641
193 0.00390642
194 0.0039064
195 0.00390641
196 0.00390639
197 0.00390639
198 0.00390639
199 0.00390639
200 0.0039064
201 0.0039064
202 0.0039064
203 0.00390639
204 0.00390639
205 0.00390638
206 0.00390636
207 0.00390638
208 0.00390637
209 0.00390635
210 0.00390636
211 0.00390632
212 0.00390635
213 0.00390637
214 0.00390635
215 0.00390632
216 0.00390632
217 0.00390634
218 0.00390632
219 0.00390633
220 0.00390629
221 0.00390629
222 0.0039063
223 0.0039063
224 0.00390629
225 0.00390629
226 0.00390628
227 0.00390627
228 0.00390626
229 0.00390626
230 0.0039061
231 0.00390667
232 0.00390736
233 0.00390743
234 0.00390742
235 0.00390745
236 0.00390747
237 0.00390748
238 0.00390751
239 0.00390755
240 0.00390756
241 0.00390757
242 0.00390762
243 0.00390762
244 0.00390765
245 0.00390767
246 0.00390769
247 0.00390772
248 0.00390774
249 0.00390778
250 0.00390779
251 0.00390783
252 0.00390786
253 0.00390787
254 0.00390789
255 0.00390793
