0 0.00391023
1 0.00390554
2 0.00390553
3 0.00390554
4 0.00390557
5 0.00390554
6 0.00390555
7 0.00390555
8 0.00390555
9 0.00390558
10 0.00390558
11 0.00390558
12 0.00390559
13 0.0039056
14 0.00390561
15 0.0039056
16 0.00390563
17 0.00390562
18 0.00390565
19 0.00390563
20 0.00390565
21 0.00390567
22 0.00390567
23 0.00390567
24 0.00390568
25 0.00390568
26 0.00390571
27 0.0039057
28 0.0039057
29 0.00390571
30 0.00390572
31 0.00390573
32 0.00390575
33 0.00390573
34 0.00390576
35 0.00390575
36 0.00390576
37 0.00390577
38 0.00390578
39 0.00390577
40 0.00390578
41 0.00390581
42 0.00390578
43 0.00390582
44 0.00390582
45 0.00390582
46 0.00390583
47 0.00390584
48 0.00390586
49 0.00390586
50 0.00390586
51 0.00390587
52 0.00390586
53 0.00390586
54 0.00390588
55 0.00390589
56 0.00390589
57 0.0039059
58 0.00390589
59 0.00390593
60 0.00390592
61 0.00390592
62 0.00390594
63 0.00390596
64 0.00390595
65 0.00390595
66 0.00390595
67 0.00390596
68 0.00390596
69 0.00390598
70 0.00390598
71 0.00390598
72 0.00390599
73 0.003906
74 0.003906
75 0.00390601
76 0.00390603
77 0.00390603
78 0.00390604
79 0.00390605
80 0.00390605
81 0.00390605
82 0.00390606
83 0.00390607
84 0.00390607
85 0.00390608
86 0.00390608
87 0.00390609
88 0.00390611
89 0.0039061
90 0.00390611
91 0.00390613
92 0.00390612
93 0.00390611
94 0.00390613
95 0.00390614
96 0.00390616
97 0.00390616
98 0.00390616
99 0.00390617
100 0.00390618
101 0.00390618
102 0.0039062
103 0.00390619
104 0.0039062
105 0.00390622
106 0.00390619
107 0.00390623
108 0.00390622
109 0.00390622
110 0.00390623
111 0.00390625
112 0.00390623
113 0.00390625
114 0.00390626
115 0.00390625
116 0.00390625
117 0.00390627
118 0.00390628
119 0.00390629
120 0.00390629
121 0.00390627
122 0.00390628
123 0.0039063
124 0.00390631
125 0.00390632
126 0.00390632
127 0.00390632
128 0.00390632
129 0.00390633
130 0.00390634
131 0.00390633
132 0.00390633
133 0.00390635
134 0.00390635
135 0.00390636
136 0.00390634
137 0.00390638
138 0.00390637
139 0.00390638
140 0.00390636
141 0.0039064
142 0.00390638
143 0.00390637
144 0.00390638
145 0.00390639
146 0.0039064
147 0.00390641
148 0.00390638
149 0.0039064
150 0.0039064
151 0.00390641
152 0.0039064
153 0.00390642
154 0.00390643
155 0.00390645
156 0.00390644
157 0.00390641
158 0.00390643
159 0.00390643
160 0.00390644
161 0.00390643
162 0.00390645
163 0.00390643
164 0.00390644
165 0.00390645
166 0.00390645
167 0.00390646
168 0.00390646
169 0.00390647
170 0.00390646
171 0.00390645
172 0.00390646
173 0.00390647
174 0.00390646
175 0.00390646
176 0.00390646
177 0.00390646
178 0.00390644
179 0.00390646
180 0.00390644
181 0.00390646
182 0.00390646
183 0.00390645
184 0.00390648
185 0.00390646
186 0.00390646
187 0.00390646
188 0.00390647
189 0.00390645
190 0.00390643
191 0.00390646
192 0.00390646
193 0.00390643
194 0.00390647
195 0.00390646
196 0.00390645
197 0.00390646
198 0.00390644
199 0.00390644
200 0.00390644
201 0.00390644
202 0.00390643
203 0.00390644
204 0.00390643
205 0.00390643
206 0.00390644
207 0.00390642
208 0.00390642
209 0.00390641
210 0.00390639
211 0.00390641
212 0.0039064
213 0.0039064
214 0.00390638
215 0.00390639
216 0.0039064
217 0.00390639
218 0.00390637
219 0.00390636
220 0.00390636
221 0.00390637
222 0.00390636
223 0.00390636
224 0.00390635
225 0.00390633
226 0.00390633
227 0.00390634
228 0.0039063
229 0.00390629
230 0.00390628
231 0.00390629
232 0.00390628
233 0.00390627
234 0.00390627
235 0.00390626
236 0.00390626
237 0.00390624
238 0.00390625
239 0.00390619
240 0.00390624
241 0.0039061
242 0.00390656
243 0.00390757
244 0.00390762
245 0.0039076
246 0.00390761
247 0.00390765
248 0.00390769
249 0.00390769
250 0.00390773
251 0.00390774
252 0.00390776
253 0.00390779
254 0.0039078
255 0.00390785
