0 0.00391892
1 0.00390427
2 0.00390429
3 0.00390433
4 0.0039045
5 0.00390444
6 0.00390442
7 0.00390442
8 0.00390444
9 0.00390445
10 0.00390447
11 0.00390452
12 0.0039045
13 0.00390453
14 0.00390455
15 0.0039046
16 0.00390491
17 0.00390464
18 0.0039046
19 0.00390461
20 0.00390465
21 0.00390443
22 0.0039047
23 0.00390472
24 0.00390472
25 0.00390477
26 0.00390477
27 0.00390479
28 0.00390481
29 0.00390483
30 0.00390485
31 0.00390488
32 0.00390517
33 0.00390489
34 0.00390477
35 0.00390501
36 0.00390491
37 0.00390496
38 0.00390498
39 0.00390501
40 0.00390503
41 0.00390504
42 0.00390505
43 0.00390506
44 0.00390509
45 0.00390512
46 0.00390511
47 0.00390514
48 0.00390505
49 0.00390517
50 0.00390519
51 0.00390529
52 0.00390521
53 0.00390527
54 0.00390526
55 0.00390529
56 0.0039053
57 0.00390532
58 0.00390535
59 0.00390534
60 0.00390537
61 0.00390538
62 0.0039054
63 0.00390541
64 0.00390565
65 0.00390547
66 0.00390552
67 0.00390504
68 0.00391596
69 0.00390378
70 0.00390385
71 0.00390384
72 0.00390385
73 0.0039039
74 0.0039039
75 0.00390391
76 0.00390392
77 0.00390396
78 0.00390398
79 0.003904
80 0.00390408
81 0.00390403
82 0.00390405
83 0.00390408
84 0.00390409
85 0.00390413
86 0.00390416
87 0.00390418
88 0.00390421
89 0.0039042
90 0.00390423
91 0.00390426
92 0.00390429
93 0.00390432
94 0.00390434
95 0.00390435
96 0.00390439
97 0.00390441
98 0.00390442
99 0.00390444
100 0.00390449
101 0.00390449
102 0.00390451
103 0.00390455
104 0.00390455
105 0.00390457
106 0.0039046
107 0.00390466
108 0.00390465
109 0.00390469
110 0.00390472
111 0.00390474
112 0.00390477
113 0.0039048
114 0.00390482
115 0.00390483
116 0.00390485
117 0.0039049
118 0.00390492
119 0.00390493
120 0.00390496
121 0.00390502
122 0.00390503
123 0.00390505
124 0.00390507
125 0.00390509
126 0.00390514
127 0.0039052
128 0.00390541
129 0.00390521
130 0.00390524
131 0.00390528
132 0.00390527
133 0.00390529
134 0.00390532
135 0.00390536
136 0.00390541
137 0.00390543
138 0.00390545
139 0.00390549
140 0.00390551
141 0.00390554
142 0.0039056
143 0.00390561
144 0.00390565
145 0.00390568
146 0.00390571
147 0.00390573
148 0.00390577
149 0.00390581
150 0.00390584
151 0.00390587
152 0.0039059
153 0.00390593
154 0.00390597
155 0.003906
156 0.00390604
157 0.00390608
158 0.0039061
159 0.00390613
160 0.00390619
161 0.00390621
162 0.00390618
163 0.00390626
164 0.00390631
165 0.00390632
166 0.00390636
167 0.00390641
168 0.00390645
169 0.00390649
170 0.0039065
171 0.00390655
172 0.00390661
173 0.00390662
174 0.00390664
175 0.00390669
176 0.00390677
177 0.00390686
178 0.0039068
179 0.00390686
180 0.0039069
181 0.00390696
182 0.00390697
183 0.00390703
184 0.00390706
185 0.0039071
186 0.00390714
187 0.00390718
188 0.00390721
189 0.00390725
190 0.00390729
191 0.00390741
192 0.00390743
193 0.00390758
194 0.00390753
195 0.00390759
196 0.00390754
197 0.00390771
198 0.00390771
199 0.00390775
200 0.00390778
201 0.00390785
202 0.00390788
203 0.00390794
204 0.00390798
205 0.00390805
206 0.00390808
207 0.00390814
208 0.00390817
209 0.00390822
210 0.00390828
211 0.00390833
212 0.00390837
213 0.00390842
214 0.00390847
215 0.00390852
216 0.00390852
217 0.00390862
218 0.00390865
219 0.00390872
220 0.00390875
221 0.00390884
222 0.00390886
223 0.00390896
224 0.00390899
225 0.00390906
226 0.00390908
227 0.00390916
228 0.00390921
229 0.00390925
230 0.00390933
231 0.00390937
232 0.00390944
233 0.0039095
234 0.00390954
235 0.00390961
236 0.00390967
237 0.00390972
238 0.00390979
239 0.00390984
240 0.00390992
241 0.00390997
242 0.00390998
243 0.00391007
244 0.00391014
245 0.00391022
246 0.00391027
247 0.00391032
248 0.00391039
249 0.00391044
250 0.00391053
251 0.0039106
252 0.00391066
253 0.00391069
254 0.00391081
255 0.00391089
