0 0.00390057
1 0.0039042
2 0.00390422
3 0.00390425
4 0.00390429
5 0.0039043
6 0.0039043
7 0.00390432
8 0.00390433
9 0.00390434
10 0.00390433
11 0.00390436
12 0.00390438
13 0.0039044
14 0.00390441
15 0.00390442
16 0.00390445
17 0.00390446
18 0.00390444
19 0.0039045
20 0.00390447
21 0.00390451
22 0.00390453
23 0.00390453
24 0.00390456
25 0.00390458
26 0.0039046
27 0.00390461
28 0.0039046
29 0.00390461
30 0.00390466
31 0.00390465
32 0.00390468
33 0.00390468
34 0.00390469
35 0.00390471
36 0.00390472
37 0.00390474
38 0.00390477
39 0.00390477
40 0.00390478
41 0.00390483
42 0.00390484
43 0.00390484
44 0.00390483
45 0.00390488
46 0.0039049
47 0.00390488
48 0.00390493
49 0.00390494
50 0.00390496
51 0.00390499
52 0.00390499
53 0.00390502
54 0.00390502
55 0.00390503
56 0.00390503
57 0.00390506
58 0.00390509
59 0.00390512
60 0.00390512
61 0.00390512
62 0.00390516
63 0.00390517
64 0.00390519
65 0.0039052
66 0.00390521
67 0.00390522
68 0.00390525
69 0.00390527
70 0.0039053
71 0.00390531
72 0.00390531
73 0.00390533
74 0.00390535
75 0.00390537
76 0.00390539
77 0.00390539
78 0.0039054
79 0.00390545
80 0.00390546
81 0.00390548
82 0.0039055
83 0.00390552
84 0.00390551
85 0.00390555
86 0.00390555
87 0.00390557
88 0.00390559
89 0.00390559
90 0.00390562
91 0.00390564
92 0.00390566
93 0.00390567
94 0.0039057
95 0.00390569
96 0.00390574
97 0.00390575
98 0.00390576
99 0.00390578
100 0.0039058
101 0.00390581
102 0.00390583
103 0.00390585
104 0.00390587
105 0.00390589
106 0.0039059
107 0.00390593
108 0.00390593
109 0.00390595
110 0.00390596
111 0.00390599
112 0.00390602
113 0.00390601
114 0.00390603
115 0.00390607
116 0.00390606
117 0.0039061
118 0.0039061
119 0.00390613
120 0.00390615
121 0.00390616
122 0.00390619
123 0.00390619
124 0.00390622
125 0.00390621
126 0.00390625
127 0.00390628
128 0.00390623
129 0.00390632
130 0.00390635
131 0.00390633
132 0.00390635
133 0.00390638
134 0.00390639
135 0.00390642
136 0.00390641
137 0.00390646
138 0.00390646
139 0.00390648
140 0.00390649
141 0.00390651
142 0.00390653
143 0.00390656
144 0.00390656
145 0.00390657
146 0.0039066
147 0.00390661
148 0.00390662
149 0.00390666
150 0.00390665
151 0.0039067
152 0.0039067
153 0.00390672
154 0.00390673
155 0.00390676
156 0.00390677
157 0.00390679
158 0.0039068
159 0.00390681
160 0.00390686
161 0.00390686
162 0.00390688
163 0.00390688
164 0.00390691
165 0.00390693
166 0.00390693
167 0.00390696
168 0.00390696
169 0.003907
170 0.00390702
171 0.00390705
172 0.00390706
173 0.00390707
174 0.00390709
175 0.00390707
176 0.00390711
177 0.00390715
178 0.00390715
179 0.00390717
180 0.00390717
181 0.0039072
182 0.0039072
183 0.00390723
184 0.00390725
185 0.00390727
186 0.00390725
187 0.00390729
188 0.0039073
189 0.00390734
190 0.00390736
191 0.00390737
192 0.00390742
193 0.00390744
194 0.00390739
195 0.00390744
196 0.00390746
197 0.00390747
198 0.00390745
199 0.00390748
200 0.00390749
201 0.00390751
202 0.00390753
203 0.00390753
204 0.00390757
205 0.00390755
206 0.0039076
207 0.0039076
208 0.00390763
209 0.00390776
210 0.00390764
211 0.00390766
212 0.00390768
213 0.00390769
214 0.00390772
215 0.00390772
216 0.00390776
217 0.00390773
218 0.00390776
219 0.00390774
220 0.00390781
221 0.00390776
222 0.00390783
223 0.00390779
224 0.00390788
225 0.0039082
226 0.00390789
227 0.00390785
228 0.00390794
229 0.00390792
230 0.00390794
231 0.00390794
232 0.00390796
233 0.00390798
234 0.00390798
235 0.00390801
236 0.003908
237 0.00390803
238 0.00390805
239 0.00390806
240 0.00390803
241 0.00390774
242 0.0039081
243 0.00390811
244 0.00390812
245 0.00390811
246 0.00390813
247 0.00390816
248 0.00390815
249 0.00390819
250 0.0039082
251 0.00390821
252 0.00390823
253 0.00390823
254 0.00390823
255 0.00390812
