0 0.003893 
1 0.003904 
2 0.003925 
3 0.003908 
4 0.003908 
5 0.003908 
6 0.003908 
7 0.003908 
8 0.003909 
9 0.003907 
10 0.003907 
11 0.003907 
12 0.003907 
13 0.003907 
14 0.003907 
15 0.003909 
16 0.003908 
17 0.003906 
18 0.003907 
19 0.003906 
20 0.003907 
21 0.003905 
22 0.003907 
23 0.003905 
24 0.003906 
25 0.003905 
26 0.003906 
27 0.003906 
28 0.003906 
29 0.003905 
30 0.003906 
31 0.003907 
32 0.003907 
33 0.003905 
34 0.003906 
35 0.003906 
36 0.003906 
37 0.003905 
38 0.003905 
39 0.003906 
40 0.003907 
41 0.003905 
42 0.003906 
43 0.003905 
44 0.003906 
45 0.003904 
46 0.003905 
47 0.003905 
48 0.003906 
49 0.003904 
50 0.003906 
51 0.003905 
52 0.003905 
53 0.003905 
54 0.003905 
55 0.003905 
56 0.003907 
57 0.003905 
58 0.003905 
59 0.003905 
60 0.003905 
61 0.003904 
62 0.003905 
63 0.003906 
64 0.003906 
65 0.003905 
66 0.003905 
67 0.003905 
68 0.003905 
69 0.003904 
70 0.003905 
71 0.003905 
72 0.003906 
73 0.003905 
74 0.003905 
75 0.003905 
76 0.003905 
77 0.003905 
78 0.003905 
79 0.003906 
80 0.003906 
81 0.003905 
82 0.003906 
83 0.003905 
84 0.003905 
85 0.003905 
86 0.003905 
87 0.003905 
88 0.003906 
89 0.003905 
90 0.003906 
91 0.003906 
92 0.003906 
93 0.003905 
94 0.003906 
95 0.003906 
96 0.003907 
97 0.003905 
98 0.003906 
99 0.003906 
100 0.003906 
101 0.003905 
102 0.003906 
103 0.003906 
104 0.003907 
105 0.003905 
106 0.003907 
107 0.003906 
108 0.003906 
109 0.003906 
110 0.003906 
111 0.003906 
112 0.003906 
113 0.003906 
114 0.003906 
115 0.003906 
116 0.003907 
117 0.003906 
118 0.003906 
119 0.003905 
120 0.003907 
121 0.003906 
122 0.003907 
123 0.003906 
124 0.003906 
125 0.003906 
126 0.003907 
127 0.003908 
128 0.003906 
129 0.003899 
130 0.003907 
131 0.003907 
132 0.003906 
133 0.003906 
134 0.003907 
135 0.003907 
136 0.003908 
137 0.003907 
138 0.003908 
139 0.003907 
140 0.003906 
141 0.003907 
142 0.003907 
143 0.003907 
144 0.003907 
145 0.003906 
146 0.003907 
147 0.003907 
148 0.003907 
149 0.003907 
150 0.003908 
151 0.003908 
152 0.003908 
153 0.003907 
154 0.003908 
155 0.003908 
156 0.003908 
157 0.003907 
158 0.003907 
159 0.003908 
160 0.003908 
161 0.003907 
162 0.003908 
163 0.003909 
164 0.003908 
165 0.003908 
166 0.003907 
167 0.003908 
168 0.003908 
169 0.003907 
170 0.003908 
171 0.003907 
172 0.003908 
173 0.003908 
174 0.003908 
175 0.003908 
176 0.003908 
177 0.003907 
178 0.003908 
179 0.003908 
180 0.003908 
181 0.003907 
182 0.003908 
183 0.003908 
184 0.003909 
185 0.003907 
186 0.003908 
187 0.003907 
188 0.003908 
189 0.003908 
190 0.003907 
191 0.003908 
192 0.003907 
193 0.003908 
194 0.003908 
195 0.003908 
196 0.003908 
197 0.003907 
198 0.003907 
199 0.003907 
200 0.003908 
201 0.003907 
202 0.003908 
203 0.003907 
204 0.003907 
205 0.003907 
206 0.003907 
207 0.003908 
208 0.003907 
209 0.003907 
210 0.003907 
211 0.003907 
212 0.003907 
213 0.003907 
214 0.003907 
215 0.003907 
216 0.003907 
217 0.003906 
218 0.003907 
219 0.003906 
220 0.003907 
221 0.003906 
222 0.003906 
223 0.003906 
224 0.003907 
225 0.003906 
226 0.003906 
227 0.003906 
228 0.003906 
229 0.003906 
230 0.003905 
231 0.003906 
232 0.003906 
233 0.003905 
234 0.003906 
235 0.003904 
236 0.003905 
237 0.003905 
238 0.003905 
239 0.003905 
240 0.003904 
241 0.003904 
242 0.003905 
243 0.003904 
244 0.003904 
245 0.003904 
246 0.003905 
247 0.003903 
248 0.003904 
249 0.003902 
250 0.003904 
251 0.003903 
252 0.003903 
253 0.003903 
254 0.003902 
255 0.003902 
